Id,MSSubClass,MSZoning,LotFrontage,LotArea,Street,Alley,LandContour,LotConfig,LandSlope,Neighborhood,Condition1,Condition2,BldgType,HouseStyle,OverallQual,OverallCond,YearBuilt,Exterior1st,Exterior2nd,MasVnrType,MasVnrArea,Foundation,BsmtFinSF1,BsmtFinSF2,BsmtUnfSF,TotalBsmtSF,Heating,CentralAir,Electrical,2ndFlrSF,GrLivArea,BsmtFullBath,BsmtHalfBath,FullBath,HalfBath,BedroomAbvGr,KitchenAbvGr,TotRmsAbvGrd,Fireplaces,GarageType,GarageYrBlt,GarageArea,WoodDeckSF,OpenPorchSF,EnclosedPorch,3SsnPorch,ScreenPorch,Fence,MiscVal,SaleCondition,HasLotFrontage,HasBasement,ExterCond.n,ExterQual.n,HeatingQC.n,KitchenQual.n,BsmtCond.n,FireplaceQu.n,GarageQual.n,GarageCond.n,Functional.n,BsmtFinType1.n,BsmtFinType2.n,PavedDrive.n,Utilities.n,LotShape.n,BsmtExposure.n,PoolQC.n,GarageFinish.n,BsmtHeight,SalePriceLog,YrMoSold
1,60,RL,0.216074820665833,-0.21787869246598,Pave,NONE,Lvl,Inside,Gtl,CollgCr,Norm,Norm,1Fam,2Story,7,5,2003,VinylSd,VinylSd,BrkFace,0.529034166692444,PConc,706,0,150,856,GasA,0.268289832918241,SBrkr,1.20737854974615,0.413547216301913,1,0,0.781365814350925,1.23259887250509,0.169927088600022,-0.207698474525451,0.98684936683629,-0.924311211315714,Attchd,0.295002434288667,0.349363616086492,-0.740760408320604,0.200006008983298,-0.359600750132276,-0.103330530851366,-0.285935458023539,NONE,-0.0895919598967582,Normal,0.44693779307133,1,2,3,4,3,3,0,3,3,7,6,1,2,3,3,1,0,2,0.297607266471232,12.247694320221,200805
2,20,RL,0.664158368210282,-0.0720440827455964,Pave,NONE,Lvl,FR2,Gtl,Veenker,Feedr,Norm,1Fam,1Story,6,8,1976,MetalSd,MetalSd,None,-0.567015949674981,CBlock,978,0,284,1262,GasA,0.268289832918241,SBrkr,-0.785025043886639,-0.471890651387842,0,1,0.781365814350925,-0.756321032880405,0.169927088600022,-0.207698474525451,-0.287758288825272,0.623631660646747,Attchd,0.234950293971921,-0.0589913956141022,1.61487930046892,-0.702842766617084,-0.359600750132276,-0.103330530851366,-0.285935458023539,NONE,-0.0895919598967582,Normal,0.44693779307133,1,2,2,4,2,3,3,3,3,7,5,1,2,3,3,4,0,2,0.297607266471232,12.109010932687,200708
3,60,RL,0.305691530174723,0.137196879027128,Pave,NONE,Lvl,Inside,Gtl,CollgCr,Norm,Norm,1Fam,2Story,7,5,2001,VinylSd,VinylSd,BrkFace,0.338903024057279,PConc,486,0,434,920,GasA,0.268289832918241,SBrkr,1.23537485316957,0.563755425999282,1,0,0.781365814350925,1.23259887250509,0.169927088600022,-0.207698474525451,-0.287758288825272,0.623631660646747,Attchd,0.290554127598537,0.627787487700533,-0.740760408320604,-0.0812091834168209,-0.359600750132276,-0.103330530851366,-0.285935458023539,NONE,-0.0895919598967582,Normal,0.44693779307133,1,2,3,4,3,3,3,3,3,7,6,1,2,3,2,2,0,2,0.297607266471232,12.3171666930358,200812
4,70,RL,0.0667136381510165,-0.0783847179508305,Pave,NONE,Lvl,Corner,Gtl,Crawfor,Norm,Norm,1Fam,2Story,7,5,1915,Wd Sdng,Wd Shng,None,-0.567015949674981,BrkTil,216,0,540,756,GasA,0.268289832918241,SBrkr,0.978742071788293,0.427382182984565,1,0,-1.02736282330994,-0.756321032880405,0.169927088600022,-0.207698474525451,0.349545539005509,0.623631660646747,Detchd,0.283881667563343,0.78556101494849,-0.740760408320604,-0.184814780616865,3.87496688722272,-0.103330530851366,-0.285935458023539,NONE,-0.0895919598967582,Abnorml,0.44693779307133,1,2,2,3,3,4,4,3,3,7,5,1,2,3,2,1,0,1,-0.250997476711292,11.8493977015914,200605
5,60,RL,0.783647314222135,0.51890311838222,Pave,NONE,Lvl,FR2,Gtl,NoRidge,Norm,Norm,1Fam,2Story,8,5,2000,VinylSd,VinylSd,BrkFace,1.39021640098114,PConc,655,0,490,1145,GasA,0.268289832918241,SBrkr,1.67165058151773,1.37804203646397,1,0,0.781365814350925,1.23259887250509,1.38565545042224,-0.207698474525451,1.62415319466707,0.623631660646747,Attchd,0.288329974253473,1.68579819983389,0.776967189288753,0.540424399783442,-0.359600750132276,-0.103330530851366,-0.285935458023539,NONE,-0.0895919598967582,Normal,0.44693779307133,1,2,3,4,3,3,3,3,3,7,6,1,2,3,2,3,0,2,0.297607266471232,12.4292161968444,200804
6,50,RL,0.813519550725098,0.500515276287041,Pave,NONE,Lvl,Inside,Gtl,Mitchel,Norm,Norm,1Fam,1.5Fin,5,5,1993,VinylSd,VinylSd,None,-0.567015949674981,Wood,732,0,64,796,GasA,0.268289832918241,SBrkr,0.535467267584275,-0.274248270207093,1,0,-1.02736282330994,1.23259887250509,-2.26152963504441,-0.207698474525451,-0.925062116656053,-0.924311211315714,Attchd,0.27276090083802,0.0338165615905783,-0.424567158818655,-0.258818778616896,-0.359600750132276,12.6032232155473,-0.285935458023539,MnPrv,1.14431217701959,Normal,0.44693779307133,1,2,2,4,2,3,0,3,3,7,6,1,2,3,2,1,0,1,0.297607266471232,11.870599909242,200902
7,20,RL,0.514797185695465,-0.0106667339589305,Pave,NONE,Lvl,Inside,Gtl,Somerst,Norm,Norm,1Fam,1Story,8,5,2004,VinylSd,VinylSd,Stone,0.473113242387984,PConc,1369,0,317,1686,GasA,0.268289832918241,SBrkr,-0.785025043886639,0.381924435312993,1,0,0.781365814350925,-0.756321032880405,0.169927088600022,-0.207698474525451,0.349545539005509,0.623631660646747,Attchd,0.297226587633731,0.757718627787086,1.27497155725432,0.140802810583273,-0.359600750132276,-0.103330530851366,-0.285935458023539,NONE,-0.0895919598967582,Normal,0.44693779307133,1,2,3,4,3,3,4,3,3,7,6,1,2,3,3,3,0,2,1.66911912442754,12.6346030265693,200711
8,60,RL,-1.72562055202678,0.0271234518642645,Pave,NONE,Lvl,Corner,Gtl,NWAmes,PosN,Norm,1Fam,2Story,7,6,1973,HdBoard,HdBoard,Stone,0.77508623363207,CBlock,859,32,216,1107,GasA,0.268289832918241,SBrkr,1.50833881154783,1.16458826478876,1,0,0.781365814350925,1.23259887250509,0.169927088600022,-0.207698474525451,0.349545539005509,2.17157453260921,Attchd,0.228277833936727,0.0523781530315144,1.11687493250335,2.31652035178419,3.18996329882706,-0.103330530851366,-0.285935458023539,NONE,0.527360108561415,Normal,-2.23744784062252,1,2,2,4,2,3,3,3,3,7,5,4,2,3,2,2,0,2,0.297607266471232,12.2060726455302,200903
9,50,RM,-0.202136490375653,-0.513352293029888,Pave,NONE,Lvl,Inside,Gtl,OldTown,Artery,Norm,1Fam,1.5Fin,7,5,1931,BrkFace,Wd Shng,None,-0.567015949674981,BrkTil,0,0,952,952,GasA,0.268289832918241,FuseF,0.969409970647155,0.540038340257592,0,0,0.781365814350925,-0.756321032880405,-1.04580127322219,4.45593111885755,0.98684936683629,2.17157453260921,Detchd,0.13486339344401,-0.02186821273223,-0.029325596941218,-0.702842766617084,2.8318932412566,-0.103330530851366,-0.285935458023539,NONE,-0.0895919598967582,Abnorml,0.44693779307133,1,2,2,3,2,3,3,2,3,6,1,1,2,3,3,1,0,1,-0.250997476711292,11.7745202026587,200807
10,190,RL,-0.232008726878616,-0.348495777693802,Pave,NONE,Lvl,Corner,Gtl,BrkSide,Artery,Artery,2fmCon,1.5Unf,5,6,1939,MetalSd,MetalSd,None,-0.567015949674981,BrkTil,851,0,140,991,GasA,0.268289832918241,SBrkr,-0.785025043886639,-0.837529056572227,1,0,-1.02736282330994,-0.756321032880405,-1.04580127322219,4.45593111885755,-0.925062116656053,2.17157453260921,Attchd,0.152656620204528,-1.24229284997378,-0.740760408320604,-0.643639568217059,-0.359600750132276,-0.103330530851366,-0.285935458023539,NONE,-0.0895919598967582,Normal,0.44693779307133,1,2,2,4,2,3,3,4,3,7,6,1,2,3,3,1,0,2,-0.250997476711292,11.6784399034478,200801
11,20,RL,0.365436003180649,0.130856243821894,Pave,NONE,Lvl,Inside,Gtl,Sawyer,Norm,Norm,1Fam,1Story,5,5,1965,HdBoard,HdBoard,None,-0.567015949674981,CBlock,906,0,134,1040,GasA,0.268289832918241,SBrkr,-0.785025043886639,-0.910656737609104,1,0,-1.02736282330994,-0.756321032880405,0.169927088600022,-0.207698474525451,-0.925062116656053,-0.924311211315714,Detchd,0.210484607176209,-0.411661632991888,-0.740760408320604,-0.702842766617084,-0.359600750132276,-0.103330530851366,-0.285935458023539,NONE,-0.0895919598967582,Normal,0.44693779307133,1,2,2,4,2,3,0,3,3,7,3,1,2,3,3,1,0,1,-0.250997476711292,11.7714361601217,200805
12,60,RL,0.813519550725098,0.222668641593683,Pave,NONE,Lvl,Inside,Gtl,NridgHt,Norm,Norm,1Fam,2Story,9,5,2005,WdShing,Wd Shng,Stone,1.03232248543259,PConc,998,0,177,1175,GasA,0.268289832918241,SBrkr,1.87928983190803,1.62707143675171,1,0,2.59009445201179,-0.756321032880405,1.38565545042224,-0.207698474525451,2.89876085032863,2.17157453260921,BuiltIn,0.299450740978796,1.22175841381049,0.42124978359906,-0.392025975016952,-0.359600750132276,-0.103330530851366,-0.285935458023539,NONE,-0.0895919598967582,Partial,0.44693779307133,1,2,4,4,4,3,4,3,3,7,6,1,2,3,2,1,0,3,1.66911912442754,12.7512996960135,200610
13,20,RL,-1.72562055202678,0.355061104678971,Pave,NONE,Lvl,Inside,Gtl,Sawyer,Norm,Norm,1Fam,1Story,5,6,1962,HdBoard,Plywood,None,-0.567015949674981,CBlock,737,0,175,912,GasA,0.268289832918241,SBrkr,-0.785025043886639,-1.16363898552046,1,0,-1.02736282330994,-0.756321032880405,-1.04580127322219,-0.207698474525451,-1.56236594448683,-0.924311211315714,Detchd,0.203812147141015,-0.560154364519377,0.365915964936219,-0.702842766617084,-0.359600750132276,-0.103330530851366,2.8471453325503,NONE,-0.0895919598967582,Normal,-2.23744784062252,1,2,2,2,2,3,0,3,3,7,5,1,2,3,1,1,0,1,-0.250997476711292,11.8775685785581,200812
14,20,RL,0.992752969742877,0.0613628819725286,Pave,NONE,Lvl,Inside,Gtl,CollgCr,Norm,Norm,1Fam,1Story,7,5,2006,VinylSd,VinylSd,Stone,1.14416433404151,PConc,0,0,1494,1494,GasA,0.268289832918241,SBrkr,-0.785025043886639,-0.0133603270485046,0,0,0.781365814350925,-0.756321032880405,0.169927088600022,-0.207698474525451,0.349545539005509,0.623631660646747,Attchd,0.301674894323861,1.70435979127483,0.524012589687193,-0.214416379816877,-0.359600750132276,-0.103330530851366,-0.285935458023539,NONE,-0.0895919598967582,Partial,0.44693779307133,1,2,3,4,3,3,4,3,3,7,1,1,2,3,2,3,0,2,0.297607266471232,12.5407575715773,200711
15,20,RL,-1.72562055202678,0.0953486866725832,Pave,NONE,Lvl,Corner,Gtl,NAmes,Norm,Norm,1Fam,1Story,6,5,1960,MetalSd,MetalSd,BrkFace,0.618507645579581,CBlock,733,0,520,1253,GasA,0.268289832918241,SBrkr,-0.785025043886639,-0.489678465694109,1,0,-1.02736282330994,1.23259887250509,-1.04580127322219,-0.207698474525451,-0.925062116656053,0.623631660646747,Attchd,0.199363840450886,-0.560154364519377,-0.740760408320604,2.44972754818425,2.38041360345037,-0.103330530851366,-0.285935458023539,GdWo,-0.0895919598967582,Normal,-2.23744784062252,1,2,2,2,2,3,2,3,3,7,4,1,2,3,2,1,0,2,-0.250997476711292,11.9640010843304,200808
16,45,RM,-0.202136490375653,-0.513352293029888,Pave,NONE,Lvl,Corner,Gtl,BrkSide,Norm,Norm,1Fam,1.5Unf,7,8,1929,Wd Sdng,Wd Sdng,None,-0.567015949674981,BrkTil,0,0,832,832,GasA,0.268289832918241,FuseA,-0.785025043886639,-1.2782715666053,0,0,-1.02736282330994,-0.756321032880405,-1.04580127322219,-0.207698474525451,-0.925062116656053,-0.924311211315714,Detchd,0.268312594147891,0.479294756173045,-0.361328508918265,0.954846788583617,-0.359600750132276,-0.103330530851366,-0.285935458023539,GdPrv,-0.0895919598967582,Normal,0.44693779307133,1,2,2,4,2,3,0,3,3,7,1,1,2,3,3,1,0,1,-0.250997476711292,11.7905572015685,200710
17,20,RL,-1.72562055202678,0.136055564690186,Pave,NONE,Lvl,CulDSac,Gtl,NAmes,Norm,Norm,1Fam,1Story,6,7,1970,Wd Sdng,Wd Sdng,BrkFace,0.439560687805308,CBlock,578,0,426,1004,GasA,0.268289832918241,SBrkr,-0.785025043886639,-0.981807994834174,1,0,-1.02736282330994,-0.756321032880405,-1.04580127322219,-0.207698474525451,-0.925062116656053,0.623631660646747,Attchd,0.221605373901533,0.0338165615905783,-0.740760408320604,-0.702842766617084,-0.359600750132276,-0.103330530851366,-0.285935458023539,NONE,1.14431217701959,Normal,-2.23744784062252,1,2,2,4,2,3,3,3,3,7,5,1,2,3,2,1,0,3,-0.250997476711292,11.9117015849276,201006
18,90,RL,0.425180476186576,0.0789898478430793,Pave,NONE,Lvl,Inside,Gtl,Sawyer,Norm,Norm,Duplex,1Story,4,5,1967,MetalSd,MetalSd,None,-0.567015949674981,Slab,0,0,0,0,GasA,0.268289832918241,SBrkr,-0.785025043886639,-0.404692241786387,0,0,0.781365814350925,-0.756321032880405,-1.04580127322219,4.45593111885755,-0.287758288825272,-0.924311211315714,CarPort,0.214932913866338,0.200870884559003,-0.740760408320604,-0.702842766617084,-0.359600750132276,-0.103330530851366,-0.285935458023539,NONE,0.791768137900632,Normal,0.44693779307133,0,2,2,2,2,0,0,3,3,7,0,0,2,3,3,0,0,1,-4.91413779376274,11.4075649493124,200602
19,20,RL,0.245947057168796,0.447253940563074,Pave,NONE,Lvl,Inside,Gtl,SawyerW,RRAe,Norm,1Fam,1Story,5,5,2004,VinylSd,VinylSd,None,-0.567015949674981,PConc,646,0,468,1114,GasA,0.268289832918241,SBrkr,-0.785025043886639,-0.76440137553535,1,0,-1.02736282330994,1.23259887250509,0.169927088600022,-0.207698474525451,-0.287758288825272,-0.924311211315714,Detchd,0.297226587633731,0.479294756173045,-0.740760408320604,0.806838792583555,-0.359600750132276,-0.103330530851366,-0.285935458023539,NONE,-0.0895919598967582,Normal,0.44693779307133,1,2,2,4,3,3,0,3,3,7,6,1,2,3,3,1,0,1,-0.250997476711292,11.9766594812024,200809
20,20,RL,0.365436003180649,-0.330741999119147,Pave,NONE,Lvl,Inside,Gtl,NAmes,Norm,Norm,1Fam,1Story,5,6,1958,BrkFace,Plywood,None,-0.567015949674981,CBlock,504,0,525,1029,GasA,0.268289832918241,SBrkr,-0.785025043886639,-0.319706017878665,0,0,-1.02736282330994,-0.756321032880405,0.169927088600022,-0.207698474525451,-0.287758288825272,-0.924311211315714,Attchd,0.194915533760756,-0.82929744041295,-0.740760408320604,-0.702842766617084,-0.359600750132276,-0.103330530851366,-0.285935458023539,MnPrv,-0.0895919598967582,Abnorml,0.44693779307133,1,2,2,2,2,3,0,3,3,6,2,1,2,3,3,1,0,1,-0.250997476711292,11.8422292121128,200908
21,60,RL,1.29147533477251,0.513196546697509,Pave,NONE,Lvl,Corner,Gtl,NridgHt,Norm,Norm,1Fam,2Story,8,5,2005,VinylSd,VinylSd,BrkFace,1.55797917389452,PConc,0,0,1158,1158,GasA,0.268289832918241,SBrkr,2.05659975358964,1.7298454749657,0,0,2.59009445201179,1.23259887250509,1.38565545042224,-0.207698474525451,1.62415319466707,0.623631660646747,BuiltIn,0.299450740978796,1.76468496345787,1.15639908869109,1.57648037178388,-0.359600750132276,-0.103330530851366,-0.285935458023539,NONE,-0.0895919598967582,Partial,0.44693779307133,1,2,3,4,3,3,4,3,3,7,1,1,2,3,2,3,0,2,1.66911912442754,12.6925031124614,200603
22,45,RM,-0.0229030713578732,-0.344818209274766,Pave,Grvl,Bnk,Inside,Gtl,IDOTRR,Norm,Norm,1Fam,1.5Unf,7,7,1930,Wd Sdng,Wd Sdng,None,-0.567015949674981,PConc,0,0,637,637,GasA,0.268289832918241,FuseF,-0.785025043886639,-0.776259918406195,0,0,-1.02736282330994,-0.756321032880405,0.169927088600022,-0.207698474525451,-0.287758288825272,0.623631660646747,Attchd,0.132639240098946,-0.894263010456227,-0.740760408320604,-0.702842766617084,2.8318932412566,-0.103330530851366,-0.285935458023539,GdPrv,-0.0895919598967582,Normal,0.44693779307133,1,2,2,4,3,3,4,3,3,7,1,1,0,3,3,1,0,1,-0.250997476711292,11.8451027773086,200709
23,20,RL,0.514797185695465,-0.0540366787627316,Pave,NONE,Lvl,Inside,Gtl,CollgCr,Norm,Norm,1Fam,1Story,8,5,2002,VinylSd,VinylSd,BrkFace,1.00436202328036,PConc,0,0,1777,1777,GasA,0.268289832918241,SBrkr,-0.785025043886639,0.581543240305549,0,0,0.781365814350925,-0.756321032880405,0.169927088600022,-0.207698474525451,0.349545539005509,0.623631660646747,Attchd,0.292778280943602,0.284398046043216,0.610965733300229,1.65048436978391,-0.359600750132276,-0.103330530851366,-0.285935458023539,NONE,-0.0895919598967582,Normal,0.44693779307133,1,2,3,4,3,3,4,3,3,7,1,1,2,3,3,1,0,2,0.297607266471232,12.3458345879053,200812
24,120,RM,-0.411242145896396,-0.753789180012364,Pave,NONE,Lvl,Inside,Gtl,MeadowV,Norm,Norm,TwnhsE,1Story,5,7,1976,CemntBd,CmentBd,None,-0.567015949674981,PConc,840,0,200,1040,GasA,0.268289832918241,SBrkr,-0.785025043886639,-0.871128261372955,1,0,-1.02736282330994,-0.756321032880405,0.169927088600022,-0.207698474525451,-0.287758288825272,0.623631660646747,Attchd,0.234950293971921,0.460733164732109,0.0497227154342694,0.925245189383605,-0.359600750132276,-0.103330530851366,-0.285935458023539,NONE,-0.0895919598967582,Normal,0.44693779307133,1,2,2,2,2,3,3,3,3,7,6,1,2,3,3,1,0,1,0.297607266471232,11.7745202026587,200709
25,20,RL,-1.72562055202678,-0.243748484103335,Pave,NONE,Lvl,Inside,Gtl,Sawyer,Norm,Norm,1Fam,1Story,5,8,1968,Plywood,Plywood,None,-0.567015949674981,CBlock,188,668,204,1060,GasA,0.268289832918241,SBrkr,-0.785025043886639,-0.871128261372955,1,0,-1.02736282330994,-0.756321032880405,0.169927088600022,-0.207698474525451,-0.287758288825272,0.623631660646747,Attchd,0.217157067211403,-0.940666989058567,2.46860107412418,0.62922919738348,-0.359600750132276,-0.103330530851366,-0.285935458023539,MnPrv,-0.0895919598967582,Normal,-2.23744784062252,1,3,2,4,3,3,3,3,3,7,3,5,2,3,2,2,0,1,-0.250997476711292,11.9447078813958,201008
26,20,RL,1.56032546329918,0.515098737259079,Pave,NONE,Lvl,Corner,Gtl,NridgHt,Norm,Norm,1Fam,1Story,8,5,2007,VinylSd,VinylSd,Stone,3.01192320581049,PConc,0,0,1566,1566,GasA,0.268289832918241,SBrkr,-0.785025043886639,0.196140597003089,0,0,0.781365814350925,-0.756321032880405,0.169927088600022,-0.207698474525451,0.349545539005509,0.623631660646747,Attchd,0.303899047668925,1.93637968428653,-0.740760408320604,0.126002010983267,-0.359600750132276,-0.103330530851366,-0.285935458023539,NONE,-0.0895919598967582,Normal,0.44693779307133,1,2,3,4,3,3,4,3,3,7,1,1,2,3,3,1,0,2,0.297607266471232,12.4541039123522,200910
27,20,RL,0.0667136381510165,-0.376394572596832,Pave,NONE,Lvl,Corner,Gtl,NAmes,Norm,Norm,1Fam,1Story,5,7,1951,Wd Sdng,Wd Sdng,None,-0.567015949674981,CBlock,234,486,180,900,GasA,0.268289832918241,SBrkr,-0.785025043886639,-1.18735607126215,0,1,-1.02736282330994,-0.756321032880405,0.169927088600022,-0.207698474525451,-0.925062116656053,-0.924311211315714,Detchd,0.299450740978796,0.479294756173045,1.01411212641521,-0.229217179416884,-0.359600750132276,-0.103330530851366,-0.285935458023539,NONE,-0.0895919598967582,Normal,0.44693779307133,1,2,2,2,3,3,0,3,3,7,4,3,2,3,3,2,0,1,-0.250997476711292,11.8115474774603,201008
28,20,RL,1.20185862526362,0.166110175562996,Pave,NONE,Lvl,Inside,Gtl,NridgHt,Norm,Norm,1Fam,1Story,8,5,2007,VinylSd,VinylSd,Stone,0.551402536414229,PConc,1218,0,486,1704,GasA,0.268289832918241,SBrkr,-0.785025043886639,0.401688673431068,1,0,0.781365814350925,-0.756321032880405,0.169927088600022,-0.207698474525451,0.349545539005509,0.623631660646747,Attchd,0.30612320101399,1.38881273677891,-0.740760408320604,0.0371972133832291,-0.359600750132276,-0.103330530851366,-0.285935458023539,NONE,-0.0895919598967582,Normal,0.44693779307133,1,2,3,4,3,3,4,3,3,7,6,1,2,3,3,1,0,2,1.66911912442754,12.6313403809345,201008
29,20,RL,-0.321625436387506,0.780264101541968,Pave,NONE,Lvl,CulDSac,Gtl,NAmes,Norm,Norm,1Fam,1Story,5,6,1957,MetalSd,MetalSd,None,-0.567015949674981,CBlock,1277,0,207,1484,GasA,0.268289832918241,SBrkr,-0.785025043886639,0.196140597003089,1,0,-1.02736282330994,-0.756321032880405,-1.04580127322219,-0.207698474525451,-0.287758288825272,2.17157453260921,Attchd,0.192691380415692,-0.7132874939071,1.53583098809343,3.11576353018453,-0.359600750132276,-0.103330530851366,-0.285935458023539,NONE,-0.0895919598967582,Normal,0.44693779307133,1,2,2,2,2,3,4,3,3,7,4,1,2,3,2,4,0,2,-0.250997476711292,12.2428866186529,200604
30,30,RM,0.0667136381510165,-0.487482501392533,Pave,NONE,Lvl,Inside,Gtl,BrkSide,Feedr,RRNn,1Fam,1Story,4,6,1927,MetalSd,MetalSd,None,-0.567015949674981,BrkTil,0,0,520,520,GasA,-3.72731232161413,SBrkr,-0.785025043886639,-1.938397119749,0,0,-1.02736282330994,-0.756321032880405,-2.26152963504441,-0.207698474525451,-1.56236594448683,-0.924311211315714,Detchd,0.110397706648299,-1.07987892486559,-0.353423677680716,-0.702842766617084,0.994838163286417,-0.103330530851366,-0.285935458023539,NONE,-0.0895919598967582,Normal,0.44693779307133,1,2,2,1,1,3,0,2,3,7,1,1,2,3,2,1,0,1,-0.250997476711292,11.1345890242503,200808
31,70,C (all),-0.232008726878616,-0.211538057260746,Pave,Pave,Lvl,Inside,Gtl,IDOTRR,Feedr,Norm,1Fam,2Story,4,4,1920,BrkFace,BrkFace,None,-0.567015949674981,BrkTil,0,0,649,649,GasA,-3.72731232161413,SBrkr,0.773435846683274,-0.36318734173843,0,0,-1.02736282330994,-0.756321032880405,0.169927088600022,-0.207698474525451,-0.287758288825272,-0.924311211315714,Detchd,0.110397706648299,-1.03347494626325,-0.740760408320604,0.0964004117832542,2.31814054995985,-0.103330530851366,-0.285935458023539,MnPrv,-0.0895919598967582,Normal,0.44693779307133,1,1,2,2,2,3,0,3,2,7,1,1,0,3,3,1,0,1,-0.250997476711292,10.5966347330961,200810
32,20,RL,-1.72562055202678,-0.20595829828014,Pave,NONE,Lvl,CulDSac,Gtl,Sawyer,Norm,Norm,1Fam,1Story,5,6,1966,HdBoard,HdBoard,None,-0.567015949674981,CBlock,0,0,1228,1228,GasA,0.268289832918241,SBrkr,-0.785025043886639,-0.539089060989297,0,0,-1.02736282330994,1.23259887250509,0.169927088600022,-0.207698474525451,-0.287758288825272,-0.924311211315714,Attchd,0.212708760521274,-0.936026591198333,-0.740760408320604,0.259209207383323,-0.359600750132276,-0.103330530851366,-0.285935458023539,MnPrv,-0.0895919598967582,Normal,-2.23744784062252,1,2,2,3,3,3,0,3,3,7,1,1,2,3,2,1,0,1,-0.250997476711292,11.9140478236443,200809
33,20,RL,0.813519550725098,0.111707525502087,Pave,NONE,Lvl,Corner,Gtl,CollgCr,Norm,Norm,1Fam,1Story,8,5,2007,VinylSd,VinylSd,None,-0.567015949674981,PConc,0,0,1234,1234,GasA,0.268289832918241,SBrkr,-0.785025043886639,-0.527230518118452,0,0,0.781365814350925,-0.756321032880405,0.169927088600022,-0.207698474525451,0.349545539005509,-0.924311211315714,Attchd,0.303899047668925,0.0523781530315144,-0.740760408320604,-0.258818778616896,-0.359600750132276,-0.103330530851366,-0.285935458023539,NONE,-0.0895919598967582,Normal,0.44693779307133,1,2,3,4,3,3,0,3,3,7,1,1,2,3,3,3,0,2,1.66911912442754,12.1001564199386,200801
34,20,RL,0.365436003180649,0.0486816115620604,Pave,NONE,Lvl,Inside,Gtl,NAmes,Norm,Norm,1Fam,1Story,5,5,1959,BrkFace,BrkFace,None,-0.567015949674981,CBlock,1018,0,380,1398,GasA,0.268289832918241,SBrkr,-0.785025043886639,0.393782978183838,0,1,-1.02736282330994,1.23259887250509,1.38565545042224,-0.207698474525451,-0.287758288825272,0.623631660646747,Attchd,0.197139687105821,-0.119316567797145,-0.740760408320604,-0.140412381816846,-0.359600750132276,-0.103330530851366,-0.285935458023539,NONE,-0.0895919598967582,Normal,0.44693779307133,1,2,2,3,3,3,4,3,3,7,3,1,2,3,2,1,0,2,-0.250997476711292,12.0167264737993,201007
35,120,RL,0.0667136381510165,-0.362064737033003,Pave,NONE,Lvl,Inside,Gtl,NridgHt,Norm,Norm,TwnhsE,1Story,9,5,2005,MetalSd,MetalSd,BrkFace,0.808638788214747,PConc,1153,0,408,1561,GasA,0.268289832918241,SBrkr,-0.785025043886639,0.119060068342597,1,0,0.781365814350925,-0.756321032880405,-1.04580127322219,-0.207698474525451,-0.287758288825272,0.623631660646747,Attchd,0.299450740978796,0.386486798968364,0.863920332901789,-0.00720518541678964,-0.359600750132276,-0.103330530851366,-0.285935458023539,NONE,-0.0895919598967582,Normal,0.44693779307133,1,2,4,4,4,3,4,3,3,7,6,1,2,3,3,1,0,3,1.66911912442754,12.5335762121686,200711
36,60,RL,1.50058099029325,0.412126821526078,Pave,NONE,Lvl,Inside,Gtl,NridgHt,Norm,Norm,1Fam,2Story,8,5,2004,VinylSd,VinylSd,Stone,0.171140251143897,PConc,0,0,1117,1117,GasA,0.268289832918241,SBrkr,2.29456833268864,1.88005368466307,0,0,2.59009445201179,1.23259887250509,1.38565545042224,-0.207698474525451,1.62415319466707,0.623631660646747,BuiltIn,0.297226587633731,1.01294051009996,0.152485521522403,-0.229217179416884,-0.359600750132276,-0.103330530851366,-0.285935458023539,NONE,-0.0895919598967582,Normal,0.44693779307133,1,2,3,4,3,3,4,3,3,7,1,1,2,3,3,3,0,3,1.66911912442754,12.6410965558799,200612
37,20,RL,1.62006993630511,0.0876131117221976,Pave,NONE,Lvl,Corner,Gtl,CollgCr,Norm,Norm,1Fam,1Story,5,5,1994,VinylSd,VinylSd,None,-0.567015949674981,PConc,0,0,1097,1097,GasA,0.268289832918241,SBrkr,-0.785025043886639,-0.798000580336077,0,0,-1.02736282330994,1.23259887250509,0.169927088600022,-0.207698474525451,-0.287758288825272,-0.924311211315714,Attchd,0.277209207528149,0.924772950755511,2.3579334367985,0.244408407783317,-0.359600750132276,-0.103330530851366,-0.285935458023539,NONE,-0.0895919598967582,Normal,0.44693779307133,1,2,2,4,2,3,0,3,3,7,1,1,2,3,3,1,0,1,0.297607266471232,11.8844890214027,200909
38,20,RL,0.484924949192502,-0.207480050729396,Pave,NONE,Lvl,Inside,Gtl,NAmes,Norm,Norm,1Fam,1Story,5,6,1954,Wd Sdng,Wd Sdng,BrkFace,3.06784413011495,CBlock,1213,0,84,1297,GasA,0.268289832918241,SBrkr,-0.785025043886639,-0.40271581797458,0,1,-1.02736282330994,-0.756321032880405,0.169927088600022,-0.207698474525451,-0.925062116656053,0.623631660646747,Attchd,0.186018920380498,0.117343723074791,-0.740760408320604,-0.702842766617084,-0.359600750132276,-0.103330530851366,-0.285935458023539,NONE,-0.0895919598967582,Normal,0.44693779307133,1,2,2,3,2,3,3,3,3,7,3,1,2,3,3,1,0,3,-0.250997476711292,11.9381932003746,200902
39,20,RL,0.305691530174723,-0.284835800233252,Pave,NONE,Lvl,Inside,Gtl,NAmes,Norm,Norm,1Fam,1Story,5,7,1953,VinylSd,VinylSd,None,-0.567015949674981,CBlock,731,0,326,1057,GasA,0.268289832918241,SBrkr,-0.785025043886639,-0.877057532808377,1,0,-1.02736282330994,-0.756321032880405,0.169927088600022,-0.207698474525451,-0.925062116656053,-0.924311211315714,Detchd,0.183794767035433,-1.05203653770418,-0.740760408320604,0.0667988125832417,-0.359600750132276,-0.103330530851366,-0.285935458023539,NONE,-0.0895919598967582,Abnorml,0.44693779307133,1,3,2,2,3,3,0,3,3,7,6,1,2,3,3,1,0,1,-0.250997476711292,11.5991031612113,201001
40,90,RL,0.216074820665833,-0.523497309358263,Pave,NONE,Lvl,Inside,Gtl,Edwards,Norm,Norm,Duplex,1Story,4,5,1955,AsbShng,Plywood,None,-0.567015949674981,PConc,0,0,0,0,GasA,-3.72731232161413,FuseP,-0.785025043886639,-0.689297270686666,0,0,0.781365814350925,-0.756321032880405,-1.04580127322219,4.45593111885755,-0.287758288825272,-0.924311211315714,NONE,-4.15997671587587,-2.19357441132175,-0.740760408320604,-0.702842766617084,-0.359600750132276,-0.103330530851366,-0.285935458023539,NONE,-0.0895919598967582,AdjLand,0.44693779307133,0,2,2,2,1,0,0,0,0,7,0,0,0,3,3,0,0,0,-4.91413779376274,11.3144745262464,200809
41,20,RL,0.783647314222135,-0.191501650012206,Pave,NONE,Lvl,Inside,Gtl,NAmes,Norm,Norm,1Fam,1Story,6,5,1965,Wd Sdng,Wd Sdng,BrkFace,-0.00221461419992995,CBlock,643,0,445,1088,GasA,0.268289832918241,SBrkr,-0.785025043886639,-0.349352375055778,0,0,0.781365814350925,-0.756321032880405,0.169927088600022,-0.207698474525451,-0.287758288825272,0.623631660646747,Attchd,0.210484607176209,-0.151799352818783,-0.740760408320604,1.33966757818378,-0.359600750132276,-0.103330530851366,-0.285935458023539,GdWo,-0.0895919598967582,Abnorml,0.44693779307133,1,2,2,4,2,3,3,3,3,7,3,1,2,3,3,1,0,2,-0.250997476711292,11.982929094216,200604
42,20,RL,1.709686645814,0.854322720739102,Pave,NONE,Lvl,Inside,Gtl,Timber,Norm,Norm,1Fam,1Story,5,6,1959,VinylSd,VinylSd,None,-0.567015949674981,CBlock,967,0,383,1350,GasA,0.268289832918241,SBrkr,-0.785025043886639,-0.341446679808548,0,1,-1.02736282330994,1.23259887250509,-1.04580127322219,-0.207698474525451,-0.925062116656053,2.17157453260921,Attchd,0.197139687105821,-0.764331870369674,-0.740760408320604,0.836440391783567,-0.359600750132276,-0.103330530851366,-0.285935458023539,NONE,-0.0895919598967582,Normal,0.44693779307133,1,3,2,3,2,3,4,3,3,7,4,1,1,3,3,4,0,2,-0.250997476711292,12.0435537160324,200710
43,85,RL,-1.72562055202678,-0.125305418469563,Pave,NONE,Lvl,CulDSac,Gtl,SawyerW,Norm,Norm,1Fam,SFoyer,5,7,1983,HdBoard,HdBoard,None,-0.567015949674981,CBlock,747,93,0,840,GasA,0.268289832918241,SBrkr,-0.785025043886639,-1.21897885225107,1,0,-1.02736282330994,-0.756321032880405,-1.04580127322219,-0.207698474525451,-0.925062116656053,-0.924311211315714,Attchd,0.250519367387373,0.145186110236195,1.15639908869109,-0.702842766617084,-0.359600750132276,-0.103330530851366,-0.285935458023539,MnPrv,-0.0895919598967582,Normal,-2.23744784062252,1,2,2,3,3,3,0,3,4,7,5,2,2,3,2,3,0,2,0.297607266471232,11.8775685785581,200704
44,20,RL,-1.72562055202678,-0.122769164387469,Pave,NONE,Lvl,CulDSac,Gtl,CollgCr,Norm,Norm,1Fam,1Story,5,6,1975,VinylSd,VinylSd,None,-0.567015949674981,CBlock,280,491,167,938,GasA,0.268289832918241,SBrkr,-0.785025043886639,-1.11225196641347,1,0,-1.02736282330994,-0.756321032880405,0.169927088600022,-0.207698474525451,-0.925062116656053,-0.924311211315714,Detchd,0.237174447316985,-0.764331870369674,0.405440121123962,-0.702842766617084,-0.359600750132276,-0.103330530851366,-0.285935458023539,MnPrv,-0.0895919598967582,Normal,-2.23744784062252,1,2,2,2,2,3,0,3,3,7,2,4,2,3,2,3,0,1,0.297607266471232,11.7772109596156,200810
45,20,RL,0.365436003180649,-0.281919108038844,Pave,NONE,Lvl,Inside,Gtl,NAmes,Norm,Norm,1Fam,1Story,5,6,1959,BrkFace,Wd Sdng,None,-0.567015949674981,CBlock,179,506,465,1150,GasA,0.268289832918241,FuseA,-0.785025043886639,-0.693250118310281,1,0,-1.02736282330994,-0.756321032880405,0.169927088600022,-0.207698474525451,-0.287758288825272,-0.924311211315714,Attchd,0.197139687105821,-0.801455053251546,-0.740760408320604,-0.702842766617084,-0.359600750132276,-0.103330530851366,-0.285935458023539,NONE,-0.0895919598967582,Normal,0.44693779307133,1,2,2,4,2,3,0,3,3,7,5,4,2,3,3,1,0,2,-0.250997476711292,11.8565151693603,200608
46,120,RL,0.0965858746539798,-0.318314354116888,Pave,NONE,Lvl,Inside,Gtl,NridgHt,Norm,Norm,TwnhsE,1Story,9,5,2005,MetalSd,MetalSd,BrkFace,1.73692613166879,PConc,456,0,1296,1752,GasA,0.268289832918241,SBrkr,-0.785025043886639,0.496557016397827,1,0,0.781365814350925,-0.756321032880405,-1.04580127322219,-0.207698474525451,-0.287758288825272,0.623631660646747,Attchd,0.299450740978796,0.479294756173045,0.808586514238948,0.51082280058343,-0.359600750132276,-0.103330530851366,-0.285935458023539,NONE,-0.0895919598967582,Normal,0.44693779307133,1,2,4,4,4,3,4,3,3,7,6,1,2,3,3,1,0,2,1.66911912442754,12.6757637259376,201005
47,50,RL,-0.291753199884543,0.336546449879688,Pave,NONE,Lvl,CulDSac,Gtl,Mitchel,Norm,Norm,1Fam,1.5Fin,7,5,2003,VinylSd,VinylSd,None,-0.567015949674981,PConc,1351,0,83,1434,GasA,0.268289832918241,SBrkr,0.687113911127755,1.2811972696854,1,0,-1.02736282330994,1.23259887250509,-2.26152963504441,-0.207698474525451,-0.287758288825272,0.623631660646747,Attchd,0.295002434288667,0.915492155035043,0.587251239587583,-0.0664083838168147,-0.359600750132276,-0.103330530851366,3.23878043137203,NONE,-0.0895919598967582,Abnorml,0.44693779307133,1,2,3,4,3,3,5,3,3,7,6,1,2,3,2,1,0,2,1.66911912442754,12.3870850123755,200911
48,20,FV,0.783647314222135,0.117667722595007,Pave,NONE,Lvl,Inside,Gtl,Somerst,Norm,Norm,1Fam,1Story,8,5,2006,VinylSd,VinylSd,None,-0.567015949674981,PConc,24,0,1632,1656,GasA,0.268289832918241,SBrkr,-0.785025043886639,0.306820330464309,0,0,0.781365814350925,-0.756321032880405,0.169927088600022,-0.207698474525451,0.349545539005509,-0.924311211315714,Attchd,0.301674894323861,1.63939422123155,-0.740760408320604,1.45807397498383,-0.359600750132276,-0.103330530851366,-0.285935458023539,NONE,-0.0895919598967582,Normal,0.44693779307133,1,2,3,4,3,3,0,3,3,7,6,1,2,3,3,3,0,2,0.297607266471232,12.4280154762679,200710
49,190,RM,-0.739836747428991,-0.724368632660078,Pave,NONE,Lvl,Inside,Gtl,OldTown,Norm,Norm,2fmCon,2Story,4,5,1920,MetalSd,MetalSd,None,-0.567015949674981,BrkTil,0,0,736,736,GasA,0.268289832918241,SBrkr,0.885421060376921,-0.0963701271444191,0,0,0.781365814350925,-0.756321032880405,-1.04580127322219,9.11956071224055,0.98684936683629,-0.924311211315714,NONE,-4.15997671587587,-2.19357441132175,-0.740760408320604,-0.702842766617084,1.22836211387585,-0.103330530851366,-0.285935458023539,NONE,-0.0895919598967582,Partial,0.44693779307133,1,2,2,3,2,3,0,0,0,7,1,1,0,3,3,1,0,0,-0.250997476711292,11.6351430976945,200909
50,20,RL,0.245947057168796,-0.307662086972095,Pave,NONE,Lvl,Inside,Gtl,Sawyer,Norm,Norm,1Fam,1Story,5,7,1966,HdBoard,HdBoard,None,-0.567015949674981,CBlock,763,0,192,955,GasA,0.268289832918241,SBrkr,-0.785025043886639,-1.07865276161274,1,0,-1.02736282330994,-0.756321032880405,0.169927088600022,-0.207698474525451,-0.287758288825272,-0.924311211315714,Attchd,0.212708760521274,-0.40238083727142,-0.740760408320604,-0.702842766617084,-0.359600750132276,-0.103330530851366,-0.285935458023539,MnPrv,-0.0895919598967582,Normal,0.44693779307133,1,2,2,4,2,3,0,3,3,7,4,1,2,3,3,1,0,1,-0.250997476711292,11.7519423654407,200701
51,60,RL,-1.72562055202678,0.469319351077289,Pave,NONE,Lvl,Corner,Gtl,Gilbert,Norm,Norm,1Fam,2Story,6,6,1997,VinylSd,VinylSd,None,-0.567015949674981,PConc,182,0,612,794,GasA,0.268289832918241,SBrkr,0.792100048965549,-0.0607944985318843,0,1,0.781365814350925,-0.756321032880405,0.169927088600022,-0.207698474525451,-0.287758288825272,-0.924311211315714,Attchd,0.281657514218279,-0.393100041550952,-0.740760408320604,0.407217203383386,-0.359600750132276,-0.103330530851366,-0.285935458023539,NONE,-0.0895919598967582,Normal,-2.23744784062252,1,2,2,3,2,3,0,3,3,7,6,1,2,3,1,3,0,3,0.297607266471232,12.083905011556,200710
52,50,RM,-0.172264253872689,-0.498134768537326,Pave,NONE,Lvl,Inside,Gtl,BrkSide,Norm,Norm,1Fam,1.5Fin,6,6,1934,Wd Sdng,Wd Sdng,None,-0.567015949674981,PConc,0,0,816,816,GasA,0.268289832918241,SBrkr,-0.785025043886639,-0.641863099203286,0,0,-1.02736282330994,-0.756321032880405,0.169927088600022,-0.207698474525451,-0.287758288825272,0.623631660646747,Detchd,0.254967674077503,0.256555658881811,0.144580690284854,-0.702842766617084,-0.359600750132276,-0.103330530851366,-0.285935458023539,MnPrv,0.615496118341154,Normal,0.44693779307133,1,2,2,2,2,3,4,3,3,7,1,1,2,3,3,1,0,1,-0.250997476711292,11.6483301019764,200612
53,90,RM,1.56032546329918,-0.215088812975677,Grvl,NONE,Bnk,Corner,Mod,IDOTRR,RRNn,Norm,Duplex,1Story,5,5,1963,Wd Sdng,Wd Sdng,None,-0.567015949674981,CBlock,104,712,0,816,GasA,-3.72731232161413,SBrkr,-0.785025043886639,-1.35337567145398,1,0,-1.02736282330994,-0.756321032880405,-1.04580127322219,-0.207698474525451,-0.925062116656053,-0.924311211315714,CarPort,0.20603630048608,0.200870884559003,0.0971517028595617,-0.702842766617084,-0.359600750132276,-0.103330530851366,-0.285935458023539,NONE,-0.0895919598967582,Normal,0.44693779307133,1,2,1,2,2,3,0,3,3,7,2,6,2,3,1,4,0,1,0.297607266471232,11.6082356447746,201008
54,20,RL,0.305691530174723,5.08555540589591,Pave,NONE,Low,Inside,Gtl,Veenker,Norm,Norm,1Fam,1Story,9,5,1981,WdShing,Wd Shng,None,-0.567015949674981,CBlock,1810,0,32,1842,GasA,0.268289832918241,SBrkr,-0.785025043886639,0.674435159460501,2,0,-2.8360914609708,1.23259887250509,-3.47725799686663,-0.207698474525451,-0.925062116656053,0.623631660646747,Attchd,0.246071060697244,1.95494127572746,6.03367996225866,0.362814804583367,-0.359600750132276,-0.103330530851366,-0.285935458023539,NONE,-0.0895919598967582,Normal,0.44693779307133,1,2,3,3,3,3,4,3,3,7,6,1,2,3,2,4,0,3,1.66911912442754,12.8609986132699,200603
55,80,RL,0.0667136381510165,-0.384764211067741,Pave,NONE,Bnk,Inside,Mod,NAmes,Norm,Norm,1Fam,SLvl,5,5,1955,MetalSd,MetalSd,None,-0.567015949674981,CBlock,384,0,0,384,GasA,0.268289832918241,SBrkr,-0.785025043886639,-0.278201117830708,0,0,-1.02736282330994,-0.756321032880405,0.169927088600022,-0.207698474525451,-0.287758288825272,0.623631660646747,Detchd,0.203812147141015,0.460733164732109,-0.740760408320604,0.0371972133832291,-0.359600750132276,-0.103330530851366,-0.285935458023539,MnPrv,-0.0895919598967582,Normal,0.44693779307133,1,2,2,2,2,3,3,3,3,6,5,1,2,3,3,1,0,1,-0.250997476711292,11.7752897294377,200705
56,20,RL,1.26160309826955,0.000873222114595471,Pave,NONE,Lvl,Inside,Gtl,NAmes,Norm,Norm,1Fam,1Story,6,5,1964,HdBoard,Plywood,BrkFace,0.954033191406344,CBlock,490,0,935,1425,GasA,0.268289832918241,SBrkr,-0.785025043886639,-0.149733570063221,0,0,0.781365814350925,-0.756321032880405,0.169927088600022,-0.207698474525451,0.349545539005509,0.623631660646747,Attchd,0.208260453831144,0.479294756173045,-0.740760408320604,-0.702842766617084,-0.359600750132276,16.0578175153494,-0.285935458023539,NONE,-0.0895919598967582,Normal,0.44693779307133,1,2,2,3,2,3,4,3,3,7,4,1,2,3,2,1,0,2,-0.250997476711292,12.1034860567551,200810
57,160,FV,-1.00868687595566,-0.954026439793657,Pave,Pave,Lvl,Inside,Gtl,Somerst,Norm,Norm,Twnhs,2Story,8,5,1999,MetalSd,MetalSd,BrkFace,1.98297819860842,PConc,649,0,321,970,GasA,0.268289832918241,SBrkr,0.978742071788293,0.47086350684433,1,0,0.781365814350925,1.23259887250509,0.169927088600022,-0.207698474525451,0.349545539005509,-0.924311211315714,Attchd,0.286105820908408,0.0338165615905783,0.1682951839975,-0.702842766617084,-0.359600750132276,-0.103330530851366,-0.285935458023539,NONE,-0.0895919598967582,Abnorml,0.44693779307133,1,2,3,4,3,3,0,3,3,7,6,1,2,3,3,1,0,3,0.297607266471232,12.0581525154536,200911
58,60,RL,0.933008496736951,0.187287897148477,Pave,NONE,Lvl,Corner,Gtl,CollgCr,Norm,Norm,1Fam,2Story,7,5,2004,VinylSd,VinylSd,None,-0.567015949674981,PConc,0,0,860,860,GasA,0.268289832918241,SBrkr,1.22137670145786,0.433311454419988,0,0,0.781365814350925,1.23259887250509,0.169927088600022,-0.207698474525451,0.349545539005509,-0.924311211315714,Attchd,0.297226587633731,0.42825037971047,-0.740760408320604,0.333213205383354,-0.359600750132276,-0.103330530851366,-0.285935458023539,NONE,-0.0895919598967582,Normal,0.44693779307133,1,2,3,4,3,3,0,3,3,7,1,1,2,3,2,1,0,2,0.297607266471232,12.1884177102915,200611
59,60,RL,0.245947057168796,0.445605375409714,Pave,NONE,HLS,CulDSac,Gtl,StoneBr,Norm,Norm,1Fam,2Story,10,5,2006,VinylSd,VinylSd,BrkFace,5.19843134611489,PConc,0,0,1410,1410,GasA,0.268289832918241,SBrkr,2.75884036446021,2.85443062388416,0,0,2.59009445201179,1.23259887250509,0.169927088600022,-0.207698474525451,2.26145702249785,0.623631660646747,BuiltIn,0.301674894323861,0.780920617088256,0.776967189288753,-0.702842766617084,0.216424994654984,-0.103330530851366,-0.285935458023539,NONE,-0.0895919598967582,Partial,0.44693779307133,1,2,4,4,3,3,4,3,3,7,1,1,2,3,1,4,0,3,1.66911912442754,12.9917534274931,200602
60,20,RL,0.0667136381510165,-0.376394572596832,Pave,NONE,Bnk,Inside,Gtl,CollgCr,Norm,Norm,1Fam,1Story,5,7,1972,HdBoard,HdBoard,None,-0.567015949674981,CBlock,632,0,148,780,GasA,0.268289832918241,SBrkr,-0.785025043886639,-1.42452692867905,0,0,-1.02736282330994,-0.756321032880405,-1.04580127322219,-0.207698474525451,-1.56236594448683,-0.924311211315714,Detchd,0.228277833936727,-0.560154364519377,0.808586514238948,-0.702842766617084,-0.359600750132276,-0.103330530851366,-0.285935458023539,MnPrv,-0.0895919598967582,Normal,0.44693779307133,1,2,2,4,2,3,0,3,3,7,5,1,2,3,3,3,0,1,-0.250997476711292,11.7352686961137,200801
61,20,RL,0.156330347659906,0.368249625905858,Pave,NONE,Lvl,Inside,Gtl,SawyerW,RRAe,Norm,1Fam,1Story,6,5,2004,VinylSd,VinylSd,None,-0.567015949674981,PConc,941,0,217,1158,GasA,0.268289832918241,SBrkr,-0.785025043886639,-0.677438727815821,1,0,-1.02736282330994,1.23259887250509,0.169927088600022,-0.207698474525451,-0.925062116656053,-0.924311211315714,Detchd,0.301674894323861,0.479294756173045,-0.740760408320604,0.0371972133832291,-0.359600750132276,-0.103330530851366,-0.285935458023539,NONE,-0.0895919598967582,Partial,0.44693779307133,1,2,2,4,3,3,0,3,3,7,5,1,2,3,3,1,0,1,0.297607266471232,11.9703503120091,200608
62,75,RM,0.0667136381510165,-0.376394572596832,Pave,NONE,Lvl,Inside,Gtl,IDOTRR,Norm,Norm,1Fam,2.5Unf,5,7,1920,MetalSd,MetalSd,None,-0.567015949674981,BrkTil,0,0,530,530,GasA,-3.72731232161413,SBrkr,0.451478357314041,-0.770330646970773,0,0,-1.02736282330994,-0.756321032880405,0.169927088600022,-0.207698474525451,-0.287758288825272,-0.924311211315714,Detchd,0.143760006824269,-0.857139827574354,-0.740760408320604,-0.702842766617084,1.88222917552625,-0.103330530851366,-0.285935458023539,NONE,-0.0895919598967582,Normal,0.44693779307133,1,2,2,2,1,2,0,3,3,7,1,1,0,3,3,1,0,1,-0.250997476711292,11.5228757958234,200706
63,120,RL,-0.411242145896396,-0.472518602308181,Pave,NONE,Lvl,Inside,Gtl,NridgHt,Norm,Norm,TwnhsE,1Story,8,5,2006,VinylSd,VinylSd,Stone,0.428376502944416,PConc,24,0,1346,1370,GasA,0.268289832918241,SBrkr,-0.785025043886639,-0.258436879712633,0,0,0.781365814350925,-0.756321032880405,-1.04580127322219,-0.207698474525451,-0.287758288825272,0.623631660646747,Attchd,0.301674894323861,0.0523781530315144,0.207819340185244,0.0223964137832229,-0.359600750132276,-0.103330530851366,-0.285935458023539,NONE,-0.0895919598967582,Normal,0.44693779307133,1,2,3,4,3,4,4,3,3,7,6,1,2,3,2,2,0,2,0.297607266471232,12.2184951655287,200702
64,70,RM,-0.232008726878616,0.0167248101276807,Pave,NONE,Bnk,Inside,Gtl,OldTown,RRAn,Feedr,1Fam,2Story,7,6,1921,Stucco,Stucco,None,-0.567015949674981,BrkTil,0,0,576,576,GasA,0.268289832918241,SBrkr,1.10005938662308,0.413547216301913,0,0,0.781365814350925,-0.756321032880405,0.169927088600022,-0.207698474525451,1.62415319466707,-0.924311211315714,Detchd,0.266088440802826,0.0338165615905783,-0.645902433470019,-0.540033971017015,0.636768105715958,-0.103330530851366,-0.285935458023539,GdPrv,-0.0895919598967582,Normal,0.44693779307133,1,2,2,3,2,3,0,3,3,7,1,1,2,3,2,1,0,1,-0.250997476711292,11.8493977015914,201007
65,60,RL,-1.72562055202678,-0.10057694116915,Pave,NONE,Lvl,Inside,Gtl,CollgCr,Norm,Norm,1Fam,2Story,7,5,1997,VinylSd,VinylSd,BrkFace,2.6372530129706,PConc,739,0,318,1057,GasA,0.268289832918241,SBrkr,1.49434065983612,1.05390853132754,1,0,0.781365814350925,1.23259887250509,0.169927088600022,-0.207698474525451,0.98684936683629,-0.924311211315714,Attchd,0.283881667563343,0.799482208529192,3.81242238450747,-0.170013981016859,-0.359600750132276,-0.103330530851366,-0.285935458023539,GdPrv,-0.0895919598967582,Normal,-2.23744784062252,1,2,2,4,3,3,0,3,3,7,6,1,2,3,3,1,0,2,0.297607266471232,12.2991075114974,200905
66,60,RL,0.544669422198429,-0.0731853970825385,Pave,NONE,Lvl,Inside,Gtl,NridgHt,Norm,Norm,1Fam,2Story,8,5,2004,VinylSd,VinylSd,BrkFace,1.35666384639846,PConc,0,0,1143,1143,GasA,0.268289832918241,SBrkr,2.31789858554148,1.92155858471103,0,0,0.781365814350925,1.23259887250509,1.38565545042224,-0.207698474525451,1.62415319466707,0.623631660646747,BuiltIn,0.297226587633731,1.76004456559764,0.776967189288753,1.53207797298386,-0.359600750132276,-0.103330530851366,-0.285935458023539,NONE,-0.0895919598967582,Normal,0.44693779307133,1,2,3,4,3,3,4,3,3,7,1,1,2,3,3,3,0,2,1.66911912442754,12.6666570528594,200702
67,20,RL,-1.72562055202678,1.23412676953262,Pave,NONE,Lvl,Inside,Gtl,NAmes,PosA,Norm,1Fam,1Story,7,5,1970,Plywood,Plywood,BrkFace,1.03791457786303,CBlock,912,0,1035,1947,GasA,0.268289832918241,SBrkr,-0.785025043886639,1.39582985077023,1,0,0.781365814350925,-0.756321032880405,0.169927088600022,-0.207698474525451,0.349545539005509,0.623631660646747,Attchd,0.221605373901533,0.479294756173045,1.63859379418156,-0.702842766617084,-0.359600750132276,-0.103330530851366,-0.285935458023539,NONE,-0.0895919598967582,Normal,-2.23744784062252,1,2,2,2,2,3,4,3,3,6,6,1,2,3,3,4,0,2,0.297607266471232,12.1007121298723,201010
68,20,RL,0.425180476186576,0.0630114471258894,Pave,NONE,Lvl,Inside,Gtl,CollgCr,Norm,Norm,1Fam,1Story,7,5,2003,VinylSd,VinylSd,BrkFace,0.366863486209509,PConc,1013,0,440,1453,GasA,0.268289832918241,SBrkr,-0.785025043886639,-0.0430066842256169,1,0,0.781365814350925,-0.756321032880405,0.169927088600022,-0.207698474525451,0.349545539005509,-0.924311211315714,Attchd,0.295002434288667,0.395767594688832,0.397535289886414,-0.273619578216902,-0.359600750132276,-0.103330530851366,-0.285935458023539,NONE,-0.0895919598967582,Normal,0.44693779307133,1,2,3,4,3,3,0,3,3,7,6,1,2,3,2,3,0,2,0.297607266471232,12.3282902782544,200709
69,30,RM,-0.321625436387506,-0.705093101636167,Pave,NONE,Lvl,Corner,Gtl,OldTown,Artery,Norm,1Fam,1Story,4,6,1945,MetalSd,MetalSd,None,-0.567015949674981,CBlock,0,0,747,747,GasA,0.268289832918241,SBrkr,-0.785025043886639,-1.4897489144687,0,0,-1.02736282330994,-0.756321032880405,-1.04580127322219,-0.207698474525451,-1.56236594448683,-0.924311211315714,Attchd,0.166001540274916,-1.17268688207027,-0.740760408320604,-0.702842766617084,-0.359600750132276,-0.103330530851366,-0.285935458023539,NONE,-0.0895919598967582,Normal,0.44693779307133,1,3,2,2,2,3,0,3,3,7,1,1,2,3,3,1,0,1,-0.250997476711292,11.289781913656,201009
70,50,RL,0.694030604713245,0.68794445295376,Pave,NONE,Lvl,Corner,Gtl,ClearCr,Norm,Norm,1Fam,1.5Fin,7,4,1953,BrkFace,AsbShng,None,-0.567015949674981,CBlock,603,0,701,1304,GasW,0.268289832918241,SBrkr,1.50833881154783,1.55394375571483,0,0,0.781365814350925,-0.756321032880405,0.169927088600022,-0.207698474525451,0.349545539005509,0.623631660646747,Attchd,0.183794767035433,0.901570961454341,-0.740760408320604,-0.392025975016952,1.41518127434739,-0.103330530851366,-0.285935458023539,NONE,-0.0895919598967582,Normal,0.44693779307133,1,2,3,2,2,3,3,3,3,7,4,1,2,3,3,1,0,3,-0.250997476711292,12.3238556811866,200610
71,20,RL,1.11224191575473,0.441674181582469,Pave,NONE,Lvl,Inside,Gtl,NAmes,Norm,Norm,1Fam,1Story,7,6,1973,Plywood,Plywood,BrkFace,5.66816711027236,CBlock,1880,0,343,2223,GasA,0.268289832918241,SBrkr,-0.785025043886639,1.42745263175915,1,0,0.781365814350925,-0.756321032880405,0.169927088600022,-0.207698474525451,0.98684936683629,2.17157453260921,Attchd,0.228277833936727,0.200870884559003,1.63068896294402,-0.702842766617084,-0.359600750132276,-0.103330530851366,-0.285935458023539,NONE,-0.0895919598967582,Normal,0.44693779307133,1,3,2,4,2,3,4,3,3,7,5,1,2,3,2,4,0,3,0.297607266471232,12.4049235042753,200705
72,20,RL,0.335563766677686,-0.325796303659064,Pave,NONE,Lvl,Corner,Gtl,Mitchel,Norm,Norm,1Fam,1Story,4,6,1982,HdBoard,Plywood,None,-0.567015949674981,CBlock,565,0,280,845,GasA,0.268289832918241,SBrkr,-0.785025043886639,-1.29605938091156,1,0,-1.02736282330994,-0.756321032880405,-1.04580127322219,-0.207698474525451,-1.56236594448683,-0.924311211315714,Detchd,0.259415980767632,-0.523031181637505,-0.740760408320604,-0.702842766617084,-0.359600750132276,-0.103330530851366,-0.285935458023539,NONE,-0.0895919598967582,Normal,0.44693779307133,1,2,2,2,2,3,0,3,3,7,5,1,2,3,3,1,0,1,-0.250997476711292,11.7714361601217,200709
73,60,RL,0.484924949192502,-0.0034384098249637,Pave,NONE,Lvl,Corner,Gtl,Gilbert,Norm,Norm,1Fam,2Story,7,5,1998,VinylSd,VinylSd,BrkFace,-0.343332252457139,PConc,0,0,832,832,GasA,0.268289832918241,SBrkr,1.15838501875518,0.429358606796373,0,0,0.781365814350925,1.23259887250509,0.169927088600022,-0.207698474525451,0.349545539005509,0.623631660646747,Attchd,0.283881667563343,-0.212124525001825,-0.740760408320604,0.688432395783505,-0.359600750132276,-0.103330530851366,4.89432880366388,NONE,-0.0895919598967582,Normal,0.44693779307133,1,2,2,3,2,3,3,3,3,7,1,1,2,3,2,1,0,3,0.297607266471232,12.1281111040605,200904
74,20,RL,0.813519550725098,0.00404353971721251,Pave,NONE,Lvl,Inside,Gtl,NAmes,Norm,Norm,1Fam,1Story,5,7,1954,Wd Sdng,Wd Sdng,BrkFace,0.0145616630914082,CBlock,320,362,404,1086,GasA,0.268289832918241,SBrkr,-0.785025043886639,-0.81974124226596,1,0,-1.02736282330994,-0.756321032880405,0.169927088600022,-0.207698474525451,-0.287758288825272,-0.924311211315714,Attchd,0.263864287457761,0.0802205401929185,-0.740760408320604,-0.702842766617084,-0.359600750132276,-0.103330530851366,-0.285935458023539,GdWo,-0.0895919598967582,Normal,0.44693779307133,1,2,2,3,2,3,0,3,3,7,5,4,2,3,3,1,0,1,-0.250997476711292,11.8837991283088,201008
75,50,RM,0.0667136381510165,-0.555200485384433,Pave,NONE,Lvl,Corner,Gtl,OldTown,Norm,Norm,1Fam,2Story,3,6,1915,VinylSd,VinylSd,None,-0.567015949674981,CBlock,0,0,840,840,GasA,-3.72731232161413,SBrkr,0.999739299355851,0.206022716062127,0,0,0.781365814350925,-0.756321032880405,0.169927088600022,4.45593111885755,0.98684936683629,-0.924311211315714,Detchd,0.0992769399229756,-0.434863622293058,-0.740760408320604,-0.702842766617084,2.78518845113871,-0.103330530851366,-0.285935458023539,NONE,-0.0895919598967582,Normal,0.44693779307133,1,3,3,3,2,3,0,3,3,7,1,1,2,3,3,1,0,1,-0.799602219893816,11.5843154610569,201008
76,180,RM,-1.09830358546455,-1.08705296639947,Pave,NONE,Lvl,Inside,Gtl,MeadowV,Norm,Norm,Twnhs,SLvl,4,5,1973,CemntBd,CmentBd,None,-0.567015949674981,CBlock,462,0,0,462,GasA,0.268289832918241,SBrkr,0.292832637914708,-1.01343077582309,1,0,-1.02736282330994,-0.756321032880405,-1.04580127322219,-0.207698474525451,-0.925062116656053,-0.924311211315714,BuiltIn,0.228277833936727,-0.815376246832248,0.207819340185244,0.792037992983548,-0.359600750132276,-0.103330530851366,-0.285935458023539,GdWo,-0.0895919598967582,Normal,0.44693779307133,1,2,2,2,2,3,0,3,3,7,6,1,2,3,3,4,0,1,0.297607266471232,11.418614785499,200903
77,20,RL,-1.72562055202678,-0.214708374863363,Pave,NONE,Lvl,Inside,Gtl,NAmes,Norm,Norm,1Fam,1Story,4,7,1956,VinylSd,VinylSd,None,-0.567015949674981,CBlock,228,0,724,952,GasA,0.268289832918241,FuseA,-0.785025043886639,-1.08458203304816,0,0,-1.02736282330994,-0.756321032880405,-1.04580127322219,-0.207698474525451,-1.56236594448683,-0.924311211315714,Detchd,0.190467227070627,-0.880341816875525,-0.740760408320604,-0.702842766617084,-0.359600750132276,-0.103330530851366,-0.285935458023539,NONE,-0.0895919598967582,Normal,-2.23744784062252,1,2,2,4,2,3,0,3,3,7,5,1,2,3,2,1,0,1,-0.250997476711292,11.8185702377962,200807
78,50,RM,-0.232008726878616,-0.194418342206614,Pave,NONE,Lvl,Inside,Gtl,BrkSide,Norm,Norm,1Fam,1.5Fin,5,5,1948,Wd Sdng,Wd Sdng,None,-0.567015949674981,CBlock,336,41,295,672,GasA,0.268289832918241,SBrkr,-0.288090658121083,-0.42643290371627,1,0,-1.02736282330994,-0.756321032880405,-1.04580127322219,-0.207698474525451,-0.287758288825272,-0.924311211315714,Detchd,0.17267400031011,-1.07987892486559,-0.740760408320604,-0.702842766617084,-0.359600750132276,-0.103330530851366,-0.285935458023539,MnPrv,-0.0895919598967582,Normal,0.44693779307133,1,2,2,2,2,3,0,3,3,6,4,6,2,3,3,1,0,1,-0.250997476711292,11.7519423654407,200801
79,90,RL,0.425180476186576,0.0773412826897184,Pave,NONE,Lvl,Inside,Gtl,Sawyer,Norm,Norm,Duplex,1Story,4,5,1968,HdBoard,HdBoard,None,-0.567015949674981,CBlock,0,0,1768,1768,GasA,-3.72731232161413,SBrkr,-0.785025043886639,0.528179797386747,0,0,0.781365814350925,-0.756321032880405,1.38565545042224,4.45593111885755,0.98684936683629,-0.924311211315714,NONE,-4.15997671587587,-2.19357441132175,-0.740760408320604,-0.702842766617084,-0.359600750132276,-0.103330530851366,-0.285935458023539,NONE,-0.0895919598967582,Normal,0.44693779307133,1,2,2,2,2,3,0,0,0,7,1,1,2,3,3,1,0,0,-0.250997476711292,11.8240798936072,201007
80,50,RM,0.0667136381510165,0.0344785887023361,Pave,Grvl,Lvl,Corner,Gtl,OldTown,Norm,Norm,1Fam,2Story,5,6,1910,Wd Sdng,Wd Sdng,None,-0.567015949674981,PConc,0,0,440,440,GasA,0.268289832918241,SBrkr,0.493472812449158,-0.535136213365682,0,0,-1.02736282330994,1.23259887250509,-1.04580127322219,-0.207698474525451,-0.925062116656053,-0.924311211315714,Detchd,0.212708760521274,-0.151799352818783,-0.155802896741998,-0.702842766617084,1.63313696156419,-0.103330530851366,-0.285935458023539,MnPrv,-0.0895919598967582,Normal,0.44693779307133,1,2,2,3,2,3,0,3,3,7,1,1,2,3,3,1,0,1,-0.250997476711292,11.6082356447746,200908
81,60,RL,1.26160309826955,0.359119111210321,Pave,NONE,Lvl,Corner,Gtl,NAmes,Norm,Norm,1Fam,2Story,6,6,1968,VinylSd,VinylSd,BrkFace,2.65402929026194,CBlock,448,0,448,896,GasA,0.268289832918241,SBrkr,1.45467922998629,1.26736230300275,0,0,0.781365814350925,1.23259887250509,1.38565545042224,-0.207698474525451,0.98684936683629,0.623631660646747,Attchd,0.217157067211403,0.168388099537365,-0.740760408320604,0.362814804583367,-0.359600750132276,-0.103330530851366,4.20006658302536,NONE,-0.0895919598967582,Normal,0.44693779307133,1,3,2,2,3,3,4,3,3,7,3,1,2,3,3,1,0,3,0.297607266471232,12.173032791452,200909
82,120,RM,-0.769708983931955,-0.718788873679472,Pave,NONE,Lvl,FR2,Gtl,Mitchel,Norm,Norm,TwnhsE,1Story,6,5,1998,VinylSd,VinylSd,BrkFace,1.91028099701262,PConc,1201,0,36,1237,GasA,0.268289832918241,SBrkr,-0.785025043886639,-0.32365886550228,1,0,0.781365814350925,-0.756321032880405,-1.04580127322219,-0.207698474525451,-0.925062116656053,-0.924311211315714,Attchd,0.283881667563343,-0.314213277926974,-0.740760408320604,2.24251635378416,-0.359600750132276,-0.103330530851366,-0.285935458023539,NONE,-0.0895919598967582,Normal,0.44693779307133,1,3,2,4,2,4,0,3,3,7,6,1,2,3,3,1,0,3,1.66911912442754,11.9414558460094,200606
83,20,RL,0.604413895204355,0.0048044159418406,Pave,NONE,Lvl,Inside,Gtl,Somerst,Norm,Norm,1Fam,1Story,8,5,2007,VinylSd,VinylSd,Stone,2.05008330777377,PConc,33,0,1530,1563,GasA,0.268289832918241,SBrkr,-0.785025043886639,0.123012915966212,0,0,0.781365814350925,-0.756321032880405,0.169927088600022,-0.207698474525451,-0.287758288825272,0.623631660646747,Attchd,0.303899047668925,1.32384716673564,0.397535289886414,0.762436393783536,-0.359600750132276,-0.103330530851366,-0.285935458023539,NONE,-0.0895919598967582,Normal,0.44693779307133,1,2,2,4,3,3,4,3,3,7,6,1,2,3,3,1,0,2,0.297607266471232,12.4090134895269,200802
84,20,RL,0.664158368210282,-0.161827477251711,Pave,NONE,Lvl,Inside,Gtl,NAmes,Norm,Norm,1Fam,1Story,5,5,1960,MetalSd,MetalSd,BrkCmn,-0.197937849265542,CBlock,0,0,1065,1065,GasA,0.268289832918241,SBrkr,-0.785025043886639,-0.861246142313917,0,0,-1.02736282330994,1.23259887250509,0.169927088600022,-0.207698474525451,-0.287758288825272,-0.924311211315714,Detchd,0.230501987281791,-0.0543509977538682,-0.155802896741998,-0.702842766617084,-0.359600750132276,-0.103330530851366,-0.285935458023539,NONE,-0.0895919598967582,Normal,0.44693779307133,1,2,2,3,2,3,0,3,3,7,1,1,2,3,2,1,0,1,-0.250997476711292,11.7479975871497,200710
85,80,RL,-1.72562055202678,-0.207733676137606,Pave,NONE,Lvl,Inside,Gtl,Gilbert,Norm,Norm,1Fam,SLvl,7,5,1995,HdBoard,HdBoard,BrkFace,-0.443989916205168,PConc,0,0,384,384,GasA,0.268289832918241,SBrkr,0.778101897253843,-0.0528888032846544,0,0,0.781365814350925,1.23259887250509,0.169927088600022,-0.207698474525451,0.349545539005509,0.623631660646747,BuiltIn,0.277209207528149,-0.337415267228144,0.207819340185244,0.362814804583367,-0.359600750132276,-0.103330530851366,-0.285935458023539,NONE,1.14431217701959,Normal,-2.23744784062252,1,2,2,3,2,3,3,3,3,7,1,1,2,3,2,1,0,3,0.297607266471232,12.0346910287746,200908
86,60,RL,1.88892006483177,0.747039173066542,Pave,NONE,Lvl,Corner,Gtl,NoRidge,Norm,Norm,1Fam,2Story,8,5,1991,HdBoard,HdBoard,BrkFace,1.0211383005717,CBlock,0,0,1288,1288,GasA,0.268289832918241,SBrkr,1.81863117449064,1.81087885124981,0,0,0.781365814350925,1.23259887250509,1.38565545042224,-0.207698474525451,1.62415319466707,0.623631660646747,Attchd,0.268312594147891,-0.0497105998936342,0.263153158848085,0.51082280058343,-0.359600750132276,-0.103330530851366,-0.285935458023539,NONE,-0.0895919598967582,Normal,0.44693779307133,1,2,3,4,3,3,3,3,3,7,1,1,2,3,3,1,0,1,0.297607266471232,12.4684369099977,200607
87,60,RL,1.91879230133474,0.221020076440323,Pave,NONE,Lvl,Inside,Gtl,Gilbert,Norm,Norm,1Fam,2Story,6,5,2005,VinylSd,VinylSd,None,-0.567015949674981,PConc,0,0,684,684,GasA,0.268289832918241,SBrkr,1.25870510602241,0.11708364453079,0,0,0.781365814350925,1.23259887250509,0.169927088600022,-0.207698474525451,-0.287758288825272,0.623631660646747,BuiltIn,0.299450740978796,-0.337415267228144,0.0497227154342694,-0.140412381816846,-0.359600750132276,-0.103330530851366,-0.285935458023539,NONE,-0.0895919598967582,Normal,0.44693779307133,1,2,3,4,3,3,4,3,3,7,1,1,2,3,1,3,0,3,0.297607266471232,12.0668105781967,200906
88,160,FV,-0.530731091908249,-0.788409048232942,Pave,Pave,Lvl,Corner,Gtl,Somerst,Norm,Norm,TwnhsE,2Story,6,5,2009,VinylSd,VinylSd,Stone,-0.142016924961081,PConc,0,0,612,612,GasA,0.268289832918241,SBrkr,0.642786430707353,-0.546994756236526,0,0,0.781365814350925,1.23259887250509,-1.04580127322219,-0.207698474525451,-1.56236594448683,-0.924311211315714,Detchd,0.308347354359055,0.256555658881811,-0.740760408320604,2.76054433978438,-0.359600750132276,-0.103330530851366,-0.285935458023539,NONE,-0.0895919598967582,Partial,0.44693779307133,1,2,3,4,3,3,0,3,3,7,1,1,2,3,3,3,0,2,0.297607266471232,12.0106658491876,200909
89,50,C (all),1.41096428078436,-0.215342438383887,Pave,NONE,Lvl,Corner,Gtl,IDOTRR,Feedr,Feedr,1Fam,1.5Fin,3,2,1915,Plywood,Plywood,None,-0.567015949674981,CBlock,0,0,1013,1013,GasA,-3.72731232161413,SBrkr,-0.785025043886639,0.049885234929335,0,0,-1.02736282330994,-0.756321032880405,-1.04580127322219,-0.207698474525451,-0.287758288825272,-0.924311211315714,NONE,-4.15997671587587,-2.19357441132175,-0.740760408320604,-0.702842766617084,2.06904833599779,-0.103330530851366,-0.285935458023539,MnPrv,-0.0895919598967582,Abnorml,0.44693779307133,1,1,1,2,1,2,0,0,0,7,1,1,0,3,2,1,0,0,-0.250997476711292,11.3504065354725,200902
90,20,RL,0.0667136381510165,-0.266067520025759,Pave,NONE,Lvl,Inside,Gtl,CollgCr,Norm,Norm,1Fam,1Story,4,5,1994,VinylSd,VinylSd,None,-0.567015949674981,PConc,588,0,402,990,GasA,0.268289832918241,SBrkr,-0.785025043886639,-1.00947792819948,1,0,-1.02736282330994,-0.756321032880405,0.169927088600022,-0.207698474525451,-0.925062116656053,-0.924311211315714,NONE,-4.15997671587587,-2.19357441132175,-0.740760408320604,-0.702842766617084,-0.359600750132276,-0.103330530851366,-0.285935458023539,NONE,-0.0895919598967582,Normal,0.44693779307133,1,2,2,4,2,3,0,0,0,7,6,1,2,3,3,1,0,0,0.297607266471232,11.7248058240057,200711
91,20,RL,0.0667136381510165,-0.376394572596832,Pave,NONE,Lvl,Inside,Gtl,NAmes,Norm,Norm,1Fam,1Story,4,5,1950,BrkFace,Wd Sdng,None,-0.567015949674981,Slab,0,0,0,0,GasA,0.268289832918241,FuseA,-0.785025043886639,-0.910656737609104,0,0,-1.02736282330994,-0.756321032880405,-1.04580127322219,-0.207698474525451,-1.56236594448683,-0.924311211315714,Detchd,0.177122307000239,-0.244607310023463,-0.740760408320604,-0.273619578216902,-0.359600750132276,-0.103330530851366,-0.285935458023539,NONE,-0.0895919598967582,Normal,0.44693779307133,0,2,2,2,2,0,0,3,3,7,0,0,2,3,3,0,0,1,-4.91413779376274,11.6073261403917,200610
92,20,RL,0.813519550725098,-0.211538057260746,Pave,NONE,Lvl,Inside,Gtl,NAmes,Norm,Norm,1Fam,1Story,5,3,1961,HdBoard,HdBoard,BrkCmn,0.568178813705567,CBlock,600,0,635,1235,GasA,0.268289832918241,SBrkr,-0.785025043886639,-0.525254094306644,0,0,-1.02736282330994,-0.756321032880405,-1.04580127322219,-0.207698474525451,-0.287758288825272,-0.924311211315714,Attchd,0.20158799379595,0.0338165615905783,-0.740760408320604,-0.702842766617084,-0.359600750132276,-0.103330530851366,-0.285935458023539,GdWo,-0.0895919598967582,Abnorml,0.44693779307133,1,2,2,2,2,3,0,3,3,7,3,1,2,3,3,1,0,1,-0.250997476711292,11.4988265405907,200604
93,30,RL,0.664158368210282,0.404771684688006,Pave,Grvl,HLS,Inside,Gtl,Crawfor,Norm,Norm,1Fam,1Story,5,7,1921,Wd Sdng,Wd Sdng,None,-0.567015949674981,BrkTil,713,0,163,876,GasA,0.268289832918241,SBrkr,-0.785025043886639,-1.06086494730647,1,0,-1.02736282330994,-0.756321032880405,-1.04580127322219,-0.207698474525451,-0.925062116656053,-0.924311211315714,Detchd,0.112621859993364,-0.188922535700655,-0.740760408320604,-0.702842766617084,0.325402838263384,-0.103330530851366,-0.285935458023539,NONE,-0.0895919598967582,Normal,0.44693779307133,1,3,2,4,2,3,0,3,3,7,5,1,2,3,2,1,0,1,0.297607266471232,12.0045682693194,200911
94,190,C (all),0.0667136381510165,-0.376394572596832,Pave,NONE,Lvl,Corner,Gtl,OldTown,Norm,Norm,2fmCon,2.5Unf,6,6,1910,MetalSd,MetalSd,None,-0.567015949674981,BrkTil,1046,0,168,1214,GasW,-3.72731232161413,SBrkr,1.62032402524148,1.56184945096206,0,1,0.781365814350925,-0.756321032880405,1.38565545042224,4.45593111885755,1.62415319466707,0.623631660646747,Detchd,0.0659146397470056,0.154466905956663,-0.740760408320604,-0.702842766617084,-0.359600750132276,-0.103330530851366,1.47642248667424,NONE,-0.0895919598967582,Normal,0.44693779307133,1,2,2,4,2,2,4,3,3,7,3,1,2,3,3,2,0,1,-0.250997476711292,11.8048485316793,200703
95,60,RL,0.335563766677686,-0.105395823925128,Pave,NONE,Lvl,Inside,Gtl,CollgCr,Norm,Norm,1Fam,2Story,6,5,1997,VinylSd,VinylSd,None,-0.567015949674981,PConc,648,0,176,824,GasA,0.268289832918241,SBrkr,1.27037023244883,0.563755425999282,1,0,0.781365814350925,1.23259887250509,0.169927088600022,-0.207698474525451,0.349545539005509,-0.924311211315714,Attchd,0.281657514218279,0.980457725078319,-0.740760408320604,1.69488676858393,-0.359600750132276,-0.103330530851366,-0.285935458023539,NONE,-0.0895919598967582,Normal,0.44693779307133,1,3,2,4,3,3,0,3,3,7,6,1,2,3,2,1,0,2,0.297607266471232,12.2295450017153,200708
96,60,RL,-1.72562055202678,-0.051119986568324,Pave,NONE,Lvl,Corner,Gtl,Gilbert,Norm,Norm,1Fam,2Story,6,8,1993,VinylSd,VinylSd,BrkFace,-0.186753664404649,PConc,310,0,370,680,GasA,0.268289832918241,SBrkr,1.05806493148796,-0.0607944985318843,0,0,0.781365814350925,1.23259887250509,0.169927088600022,-0.207698474525451,-0.287758288825272,0.623631660646747,BuiltIn,0.27276090083802,-0.244607310023463,1.0931604387907,0.229607608183311,-0.359600750132276,-0.103330530851366,-0.285935458023539,NONE,0.756513733988736,Normal,-2.23744784062252,1,3,4,3,2,4,3,3,3,7,5,1,2,3,1,1,0,3,0.297607266471232,12.1281111040605,200907
97,20,RL,0.604413895204355,0.0121595527799121,Pave,NONE,Lvl,Inside,Gtl,CollgCr,Norm,Norm,1Fam,1Story,7,5,1999,VinylSd,VinylSd,BrkFace,0.456336965096646,PConc,1162,0,426,1588,GasA,0.268289832918241,SBrkr,-0.785025043886639,0.172423511261399,0,0,0.781365814350925,-0.756321032880405,0.169927088600022,-0.207698474525451,-0.287758288825272,-0.924311211315714,Attchd,0.286105820908408,-0.00330662129129393,0.508202927212096,-0.273619578216902,-0.359600750132276,-0.103330530851366,-0.285935458023539,NONE,-0.0895919598967582,Normal,0.44693779307133,1,2,3,4,3,3,0,3,3,7,5,1,2,3,2,3,0,2,0.297607266471232,12.273731294004,200611
98,20,RL,0.455052712689539,0.0954754993766879,Pave,NONE,HLS,Inside,Gtl,Edwards,Norm,Norm,1Fam,1Story,4,5,1965,HdBoard,HdBoard,BrkFace,-0.29859551301357,CBlock,520,0,440,960,GasA,0.268289832918241,FuseF,-0.785025043886639,-1.0687706425537,1,0,-1.02736282330994,-0.756321032880405,0.169927088600022,-0.207698474525451,-0.287758288825272,-0.924311211315714,Attchd,0.210484607176209,-0.188922535700655,0.207819340185244,-0.702842766617084,-0.359600750132276,-0.103330530851366,-0.285935458023539,NONE,-0.0895919598967582,Normal,0.44693779307133,1,2,2,2,2,3,0,3,3,7,3,1,1,3,3,1,0,3,-0.250997476711292,11.4589971229447,200708
99,30,RL,0.813519550725098,0.0579389389617022,Pave,NONE,Lvl,Corner,Gtl,Edwards,Norm,Norm,1Fam,1Story,5,5,1920,Wd Sdng,Wd Sdng,None,-0.567015949674981,BrkTil,108,0,350,458,GasA,-3.72731232161413,SBrkr,-0.785025043886639,-1.31582361902964,0,0,-1.02736282330994,-0.756321032880405,-1.04580127322219,-0.207698474525451,-0.925062116656053,-0.924311211315714,Basment,0.110397706648299,-0.495188794476101,-0.740760408320604,-0.702842766617084,0.83915552956013,-0.103330530851366,-0.285935458023539,NONE,0.615496118341154,Abnorml,0.44693779307133,1,2,2,1,2,3,0,2,3,7,5,1,2,3,3,1,0,1,-0.250997476711292,11.3265958867787,201008
100,20,RL,0.574541658701392,-0.107551639894907,Pave,NONE,Lvl,Inside,Gtl,NAmes,Norm,Norm,1Fam,1Story,4,5,1959,Plywood,Plywood,None,-0.567015949674981,CBlock,569,0,381,950,GasA,0.268289832918241,SBrkr,-0.785025043886639,-0.545018332424719,1,0,-1.02736282330994,1.23259887250509,0.169927088600022,-0.207698474525451,-0.287758288825272,-0.924311211315714,NONE,-4.15997671587587,-2.19357441132175,2.04174018729655,-0.702842766617084,-0.359600750132276,-0.103330530851366,-0.285935458023539,NONE,0.615496118341154,Normal,0.44693779307133,1,2,2,1,2,3,0,0,0,7,5,1,2,3,2,1,0,0,-0.250997476711292,11.7671800113095,201001
101,20,RL,-1.72562055202678,0.0551490594713992,Pave,NONE,Lvl,Inside,Gtl,NWAmes,Norm,Norm,1Fam,1Story,6,7,1977,Plywood,Plywood,BrkFace,-0.410437361622491,PConc,1200,0,410,1610,GasA,0.268289832918241,SBrkr,-0.785025043886639,0.215904835121164,1,0,0.781365814350925,-0.756321032880405,0.169927088600022,-0.207698474525451,-0.287758288825272,2.17157453260921,Attchd,0.237174447316985,0.0338165615905783,0.587251239587583,0.303611606183342,-0.359600750132276,-0.103330530851366,-0.285935458023539,NONE,-0.0895919598967582,Normal,-2.23744784062252,1,2,2,3,3,3,3,3,3,7,5,1,2,3,2,2,0,2,-0.250997476711292,12.2307652581205,201005
102,60,RL,0.574541658701392,-0.122008288162841,Pave,NONE,Lvl,Inside,Gtl,SawyerW,Norm,Norm,1Fam,2Story,6,5,1985,HdBoard,HdBoard,BrkFace,1.31192710695489,CBlock,0,0,741,741,GasA,0.268289832918241,SBrkr,0.976409046503008,0.457028540161678,0,0,0.781365814350925,1.23259887250509,0.169927088600022,-0.207698474525451,0.349545539005509,0.623631660646747,Attchd,0.254967674077503,0.0152549701496422,0.776967189288753,-0.0220059850167959,-0.359600750132276,-0.103330530851366,-0.285935458023539,NONE,-0.0895919598967582,Normal,0.44693779307133,1,2,3,2,3,3,3,3,3,7,1,1,2,3,3,1,0,3,0.297607266471232,12.0895388292742,201009
103,90,RL,0.18620258416287,-0.399474484743884,Pave,NONE,Bnk,Inside,Gtl,SawyerW,Norm,Norm,Duplex,1Story,5,5,1979,HdBoard,HdBoard,None,-0.567015949674981,Slab,0,0,0,0,GasA,0.268289832918241,SBrkr,-0.785025043886639,0.0676730492356024,0,0,0.781365814350925,-0.756321032880405,1.38565545042224,4.45593111885755,0.98684936683629,-0.924311211315714,Attchd,0.241622754007115,-0.291011288625803,-0.740760408320604,-0.702842766617084,-0.359600750132276,-0.103330530851366,-0.285935458023539,NONE,-0.0895919598967582,Alloca,0.44693779307133,0,1,2,2,2,0,0,3,3,7,0,0,2,3,3,0,0,1,-4.91413779376274,11.6865762053166,200909
104,20,RL,1.08236967925177,0.0296597059463582,Pave,NONE,Lvl,Corner,Gtl,CollgCr,Norm,Norm,1Fam,1Story,7,5,2009,VinylSd,VinylSd,None,-0.567015949674981,PConc,0,0,1226,1226,GasA,0.268289832918241,SBrkr,-0.785025043886639,-0.543041908612911,0,0,0.781365814350925,-0.756321032880405,0.169927088600022,-0.207698474525451,-0.287758288825272,-0.924311211315714,Attchd,0.308347354359055,1.24032000525142,-0.740760408320604,-0.170013981016859,-0.359600750132276,-0.103330530851366,-0.285935458023539,NONE,-0.0895919598967582,Normal,0.44693779307133,1,2,2,4,3,3,0,3,3,7,1,1,2,3,2,1,0,2,0.297607266471232,12.2005574648421,201008
105,50,RM,-1.72562055202678,-0.30563308370642,Pave,NONE,Lvl,Corner,Gtl,IDOTRR,Norm,Norm,1Fam,1.5Fin,7,4,1931,Stucco,Stucco,BrkFace,2.78823950859265,PConc,224,0,816,1040,GasA,0.268289832918241,FuseF,0.596125925001667,0.627000987977122,0,0,-1.02736282330994,1.23259887250509,1.38565545042224,-0.207698474525451,0.349545539005509,2.17157453260921,Detchd,0.179346460345304,-1.07987892486559,-0.740760408320604,-0.702842766617084,-0.359600750132276,-0.103330530851366,2.9895580957582,NONE,-0.0895919598967582,Normal,-2.23744784062252,1,1,2,4,2,3,3,3,3,7,2,1,2,3,3,1,0,1,-0.250997476711292,12.0406082058026,200709
106,60,FV,0.514797185695465,-0.10057694116915,Pave,NONE,Lvl,Inside,Gtl,Somerst,Norm,Norm,1Fam,2Story,8,5,2003,VinylSd,VinylSd,BrkFace,3.72771103690758,PConc,0,0,1053,1053,GasA,0.268289832918241,SBrkr,1.40568569899532,0.970898731231625,0,0,0.781365814350925,1.23259887250509,0.169927088600022,-0.207698474525451,1.62415319466707,0.623631660646747,Attchd,0.295002434288667,0.813403402109894,0.365915964936219,-0.0368067846168022,-0.359600750132276,-0.103330530851366,-0.285935458023539,NONE,-0.0895919598967582,Normal,0.44693779307133,1,2,3,4,3,3,4,3,3,7,1,1,2,3,3,1,0,2,1.66911912442754,12.4292161968444,200811
107,30,RM,0.0667136381510165,0.0801311621800214,Pave,Grvl,Lvl,Inside,Gtl,OldTown,Norm,Norm,1Fam,1Story,4,7,1885,VinylSd,VinylSd,None,-0.567015949674981,BrkTil,0,0,641,641,GasA,0.268289832918241,SBrkr,-0.785025043886639,-0.896821770926452,0,0,-1.02736282330994,-0.756321032880405,-1.04580127322219,-0.207698474525451,-0.287758288825272,-0.924311211315714,Detchd,0.186018920380498,-0.926745795477865,-0.740760408320604,-0.702842766617084,-0.359600750132276,-0.103330530851366,-0.285935458023539,NONE,0.703632128120893,Normal,0.44693779307133,1,2,2,3,2,3,0,2,2,7,1,1,0,3,3,1,0,1,-0.799602219893816,11.5129254649702,200711
108,20,RM,-0.232008726878616,-0.52856981752245,Pave,NONE,Lvl,Inside,Gtl,OldTown,Norm,Norm,1Fam,1Story,5,5,1948,VinylSd,VinylSd,None,-0.567015949674981,CBlock,104,169,516,789,GasA,0.268289832918241,SBrkr,-0.785025043886639,-1.40673911437278,0,0,-1.02736282330994,-0.756321032880405,-1.04580127322219,-0.207698474525451,-0.925062116656053,-0.924311211315714,Detchd,0.17267400031011,-1.03347494626325,-0.740760408320604,-0.702842766617084,-0.359600750132276,-0.103330530851366,-0.285935458023539,NONE,-0.0895919598967582,Partial,0.44693779307133,1,2,2,4,2,3,0,3,3,7,5,4,2,3,3,1,0,1,-0.250997476711292,11.6526874073454,200807
109,50,RM,0.813519550725098,-0.211538057260746,Pave,NONE,Lvl,Corner,Gtl,IDOTRR,Artery,Norm,1Fam,1.5Fin,5,7,1919,CemntBd,CmentBd,None,-0.567015949674981,CBlock,0,0,793,793,GasW,-3.72731232161413,FuseF,0.428148104461198,0.0320974206230676,0,0,0.781365814350925,-0.756321032880405,0.169927088600022,-0.207698474525451,0.349545539005509,-0.924311211315714,NONE,-4.15997671587587,-2.19357441132175,-0.740760408320604,-0.702842766617084,1.88222917552625,-0.103330530851366,-0.285935458023539,NONE,-0.0895919598967582,Normal,0.44693779307133,1,2,2,2,1,3,0,0,0,7,1,1,0,3,3,1,0,0,-0.250997476711292,11.6526874073454,200711
110,20,RL,1.41096428078436,0.200730043783574,Pave,NONE,Lvl,Inside,Gtl,NWAmes,Norm,Norm,1Fam,1Story,6,6,1977,Plywood,Plywood,BrkFace,2.11718841693912,CBlock,705,0,1139,1844,GasA,0.268289832918241,SBrkr,-0.785025043886639,0.678388007084116,0,0,0.781365814350925,-0.756321032880405,0.169927088600022,-0.207698474525451,0.349545539005509,0.623631660646747,Attchd,0.237174447316985,0.340082820366024,-0.740760408320604,1.10285478458368,-0.359600750132276,-0.103330530851366,-0.285935458023539,MnPrv,-0.0895919598967582,Normal,0.44693779307133,1,2,2,4,2,3,3,3,3,7,4,1,2,3,2,1,0,2,0.297607266471232,12.1547793511426,201001
111,50,RL,0.514797185695465,-0.0815550355534475,Pave,NONE,Lvl,Inside,Gtl,Edwards,Norm,Norm,1Fam,1.5Fin,6,4,1954,Wd Sdng,Wd Sdng,None,-0.567015949674981,CBlock,444,0,550,994,GasA,0.268289832918241,SBrkr,0.705778113410029,0.700128669013999,0,0,0.781365814350925,-0.756321032880405,1.38565545042224,-0.207698474525451,0.349545539005509,-0.924311211315714,Attchd,0.186018920380498,-0.685445106745696,0.697918876913265,-0.702842766617084,-0.359600750132276,-0.103330530851366,-0.285935458023539,NONE,-0.0895919598967582,Normal,0.44693779307133,1,2,2,3,2,2,0,3,3,7,3,1,2,3,3,1,0,1,-0.250997476711292,11.8270060112765,200602
112,80,RL,-1.72562055202678,-0.306647585339257,Pave,NONE,Lvl,Inside,Gtl,Gilbert,Norm,Norm,1Fam,SLvl,7,5,2000,VinylSd,VinylSd,None,-0.567015949674981,PConc,250,0,134,384,GasA,0.268289832918241,SBrkr,0.745439543259863,-0.139851451004184,0,0,0.781365814350925,1.23259887250509,0.169927088600022,-0.207698474525451,0.349545539005509,0.623631660646747,BuiltIn,0.288329974253473,-0.337415267228144,0.682109214438168,-0.702842766617084,-0.359600750132276,-0.103330530851366,-0.285935458023539,NONE,-0.0895919598967582,Normal,-2.23744784062252,1,2,2,4,2,3,3,3,3,7,6,1,2,3,2,1,0,3,0.297607266471232,12.1007121298723,201007
113,60,RL,0.574541658701392,-0.0257574457473877,Pave,NONE,Lvl,Inside,Gtl,CollgCr,Norm,Norm,1Fam,2Story,7,5,2007,VinylSd,VinylSd,Stone,0.66324438502315,PConc,984,0,280,1264,GasA,0.268289832918241,SBrkr,2.51387270950536,2.3623010947441,1,0,0.781365814350925,1.23259887250509,1.38565545042224,-0.207698474525451,2.26145702249785,0.623631660646747,BuiltIn,0.303899047668925,1.48162069398359,0.207819340185244,2.02050435978407,-0.359600750132276,-0.103330530851366,2.7047325693424,NONE,-0.0895919598967582,Partial,0.44693779307133,1,2,3,4,4,3,4,3,3,7,6,1,2,3,3,3,0,3,1.66911912442754,12.8583197035179,200702
114,20,RL,-1.72562055202678,1.37362074404777,Pave,NONE,Bnk,Corner,Gtl,Crawfor,Norm,Norm,1Fam,1Story,6,5,1953,Wd Sdng,Wd Sdng,BrkFace,0.461929057527092,CBlock,35,869,905,1809,GasA,0.268289832918241,SBrkr,-0.785025043886639,1.49860388898422,1,0,0.781365814350925,-0.756321032880405,0.169927088600022,-0.207698474525451,0.349545539005509,2.17157453260921,Basment,0.183794767035433,-0.105395374216442,0.571441577112486,1.07325318538367,2.62950581741242,-0.103330530851366,-0.285935458023539,MnPrv,-0.0895919598967582,Abnorml,-2.23744784062252,1,3,2,2,3,3,4,3,3,7,5,3,2,3,3,2,0,1,0.297607266471232,12.2876526325226,200702
115,70,RL,0.0965858746539798,-0.368912623054656,Pave,NONE,Lvl,Inside,Mod,Crawfor,Norm,Norm,1Fam,2Story,6,8,1945,Wd Sdng,Wd Sdng,None,-0.567015949674981,CBlock,774,150,104,1028,GasA,0.268289832918241,SBrkr,1.27736930830468,1.61916574150448,1,0,0.781365814350925,1.23259887250509,0.169927088600022,-0.207698474525451,1.62415319466707,0.623631660646747,Detchd,0.166001540274916,-1.35830279647963,1.02992178889031,-0.702842766617084,-0.359600750132276,-0.103330530851366,-0.285935458023539,MnPrv,-0.0895919598967582,Normal,0.44693779307133,1,2,2,4,3,3,3,3,3,7,5,2,2,3,2,1,0,1,-0.250997476711292,12.4665119815881,200710
116,160,FV,-0.709964510926028,-0.879841007892418,Pave,Pave,Lvl,Corner,Gtl,Somerst,Norm,Norm,TwnhsE,2Story,6,5,1999,MetalSd,MetalSd,BrkFace,5.74645640429861,PConc,419,0,310,729,GasA,0.268289832918241,SBrkr,0.915750389085616,-0.0845115842735742,0,0,0.781365814350925,1.23259887250509,-1.04580127322219,-0.207698474525451,-0.925062116656053,0.623631660646747,Detchd,0.286105820908408,-0.151799352818783,-0.740760408320604,-0.229217179416884,-0.359600750132276,-0.103330530851366,-0.285935458023539,NONE,-0.0895919598967582,Normal,0.44693779307133,1,2,2,3,2,3,2,3,3,7,6,1,2,3,3,1,0,1,0.297607266471232,12.0782392740203,200709
117,20,RL,-1.72562055202678,0.183610328729442,Pave,NONE,Lvl,Inside,Gtl,Sawyer,Norm,Norm,1Fam,1Story,5,5,1962,Wd Sdng,Wd Sdng,BrkFace,0.0816667722567607,CBlock,170,670,252,1092,GasA,0.268289832918241,SBrkr,-0.785025043886639,-0.807882699395115,0,1,-1.02736282330994,-0.756321032880405,0.169927088600022,-0.207698474525451,-0.287758288825272,0.623631660646747,Attchd,0.203812147141015,-0.857139827574354,-0.740760408320604,-0.406826774616959,1.88222917552625,-0.103330530851366,-0.285935458023539,NONE,-0.0895919598967582,Normal,-2.23744784062252,1,2,2,2,2,3,1,3,3,7,2,4,2,3,3,1,0,1,-0.250997476711292,11.8422292121128,200912
118,20,RL,0.484924949192502,-0.206972799912978,Pave,NONE,Lvl,Corner,Gtl,Edwards,Norm,Norm,1Fam,1Story,5,5,2006,VinylSd,VinylSd,None,-0.567015949674981,PConc,0,0,1125,1125,GasA,0.268289832918241,SBrkr,-0.785025043886639,-0.742660713605468,0,0,-1.02736282330994,1.23259887250509,-1.04580127322219,-0.207698474525451,-0.925062116656053,-0.924311211315714,Attchd,0.303899047668925,-0.198203331421123,-0.108373909316705,0.244408407783317,-0.359600750132276,-0.103330530851366,-0.285935458023539,NONE,-0.0895919598967582,Partial,0.44693779307133,1,2,2,3,2,3,0,3,3,7,1,1,2,3,3,1,0,1,0.297607266471232,11.9511803959014,200707
119,60,RL,0.962880733239914,0.279987983849,Pave,NONE,Lvl,Corner,Gtl,SawyerW,Norm,Norm,1Fam,2Story,7,5,1990,Plywood,Plywood,None,-0.567015949674981,PConc,1470,0,203,1673,GasA,0.268289832918241,SBrkr,2.76817246560135,3.40190001975484,1,0,2.59009445201179,-0.756321032880405,2.60138381224446,-0.207698474525451,2.89876085032863,2.17157453260921,Attchd,0.266088440802826,0.562821917657257,2.16031265585978,-0.702842766617084,-0.359600750132276,-0.103330530851366,-0.285935458023539,NONE,-0.0895919598967582,Normal,0.44693779307133,1,2,2,3,3,3,3,3,3,7,6,1,2,3,3,2,0,1,0.297607266471232,12.6760762747759,201008
120,60,RL,0.216074820665833,-0.216483752720829,Pave,NONE,Lvl,Inside,Gtl,CollgCr,Norm,Norm,1Fam,2Story,6,5,2005,VinylSd,VinylSd,None,-0.567015949674981,PConc,0,0,728,728,GasA,0.268289832918241,SBrkr,0.913417363800332,-0.0884644318971892,0,0,0.781365814350925,1.23259887250509,0.169927088600022,-0.207698474525451,0.98684936683629,0.623631660646747,Attchd,0.299450740978796,-0.383819245830484,-0.740760408320604,-0.347623576216934,-0.359600750132276,-0.103330530851366,-0.285935458023539,NONE,-0.0895919598967582,Partial,0.44693779307133,1,2,3,4,3,3,4,3,3,7,1,1,2,3,3,1,0,3,0.297607266471232,12.0075607293375,200610
121,80,RL,-1.72562055202678,1.43106689900719,Pave,NONE,Low,CulDSac,Sev,ClearCr,Norm,Norm,1Fam,SLvl,6,5,1969,Plywood,Plywood,None,-0.567015949674981,CBlock,938,0,0,938,GasA,0.268289832918241,SBrkr,-0.785025043886639,-1.01343077582309,1,0,-1.02736282330994,-0.756321032880405,-2.26152963504441,-0.207698474525451,-1.56236594448683,2.17157453260921,Attchd,0.219381220556468,0.31224043320462,-0.740760408320604,1.22126118138373,-0.359600750132276,5.05870692862309,-0.285935458023539,NONE,-0.0895919598967582,Normal,-2.23744784062252,1,2,2,4,2,3,3,3,3,7,5,1,2,3,2,4,0,1,-0.250997476711292,12.1007121298723,200602
122,50,RM,-0.232008726878616,-0.520961055276169,Pave,NONE,Lvl,Inside,Gtl,IDOTRR,Norm,Norm,1Fam,1.5Fin,4,5,1939,AsbShng,AsbShng,None,-0.567015949674981,PConc,0,0,732,732,GasA,0.268289832918241,SBrkr,0.0338668312481506,-0.746613561229083,0,0,-1.02736282330994,-0.756321032880405,0.169927088600022,-0.207698474525451,-1.56236594448683,-0.924311211315714,Detchd,0.241622754007115,-0.968509376219971,-0.740760408320604,-0.702842766617084,1.81995612203574,-0.103330530851366,-0.285935458023539,MnPrv,-0.0895919598967582,Normal,0.44693779307133,1,2,2,3,2,3,0,3,3,7,1,1,1,3,3,1,0,1,-0.250997476711292,11.5129254649702,200709
123,20,RL,0.514797185695465,-0.0892906105038331,Pave,NONE,Lvl,Corner,Gtl,NAmes,Norm,Norm,1Fam,1Story,6,7,1958,MetalSd,MetalSd,BrkFace,0.187916528435236,CBlock,570,0,510,1080,GasA,0.268289832918241,SBrkr,-0.785025043886639,-0.831599785136805,0,0,-1.02736282330994,-0.756321032880405,0.169927088600022,-0.207698474525451,-0.925062116656053,-0.924311211315714,Attchd,0.194915533760756,-0.857139827574354,-0.740760408320604,-0.702842766617084,-0.359600750132276,-0.103330530851366,2.02827194410486,NONE,-0.0895919598967582,Normal,0.44693779307133,1,3,2,3,2,3,0,3,3,7,4,1,2,3,3,1,0,1,-0.250997476711292,11.8204101647182,200809
124,120,RL,-0.0826475443637997,-0.288640181356392,Pave,NONE,Lvl,Inside,Gtl,SawyerW,Norm,Norm,TwnhsE,1Story,6,5,1993,Plywood,Plywood,None,-0.567015949674981,PConc,300,0,899,1199,GasA,0.268289832918241,SBrkr,-0.785025043886639,-0.596405351531714,0,0,0.781365814350925,-0.756321032880405,-1.04580127322219,-0.207698474525451,-0.925062116656053,-0.924311211315714,Attchd,0.27276090083802,0.26583645460228,-0.740760408320604,0.229607608183311,-0.359600750132276,-0.103330530851366,-0.285935458023539,NONE,-0.0895919598967582,Normal,0.44693779307133,1,2,3,4,3,3,0,3,3,7,6,1,2,3,3,1,0,2,0.297607266471232,11.944058319827,200806
125,20,RL,-0.291753199884543,0.871822873905548,Pave,NONE,Lvl,CulDSac,Gtl,NWAmes,Norm,Norm,1Fam,1Story,6,5,1979,HdBoard,HdBoard,None,-0.567015949674981,CBlock,0,0,1362,1362,GasA,0.268289832918241,SBrkr,-0.785025043886639,0.168470663637784,0,0,0.781365814350925,-0.756321032880405,0.169927088600022,-0.207698474525451,0.349545539005509,0.623631660646747,Attchd,0.241622754007115,-0.175001342119953,0.776967189288753,-0.702842766617084,-0.359600750132276,-0.103330530851366,-0.285935458023539,NONE,-0.0895919598967582,Normal,0.44693779307133,1,3,2,2,2,2,3,3,3,7,1,1,2,3,2,1,0,1,0.297607266471232,12.106252310248,200901
126,190,RM,0.0667136381510165,-0.429655908320798,Pave,NONE,Lvl,Inside,Gtl,IDOTRR,Norm,Norm,2fmCon,1.5Fin,6,8,1935,Wd Sdng,Wd Sdng,None,-0.567015949674981,CBlock,490,0,30,520,GasA,-3.72731232161413,SBrkr,-0.785025043886639,-1.47591394778605,1,0,-1.02736282330994,-0.756321032880405,-1.04580127322219,-0.207698474525451,-0.925062116656053,-0.924311211315714,NONE,-4.15997671587587,-2.19357441132175,-0.321804352730521,-0.702842766617084,-0.359600750132276,-0.103330530851366,-0.285935458023539,NONE,-0.0895919598967582,Normal,0.44693779307133,1,1,2,3,2,3,0,0,0,7,6,1,0,3,3,3,0,0,-0.250997476711292,11.3445068133453,200609
127,120,RL,-1.72562055202678,-0.664513036322669,Pave,NONE,Lvl,Inside,Gtl,NPkVill,Norm,Norm,TwnhsE,1Story,6,5,1976,Plywood,Plywood,None,-0.567015949674981,CBlock,120,0,958,1078,GasA,0.268289832918241,SBrkr,-0.785025043886639,-1.07272349017732,0,0,0.781365814350925,-0.756321032880405,-1.04580127322219,-0.207698474525451,-0.925062116656053,0.623631660646747,Attchd,0.237174447316985,-0.151799352818783,-0.740760408320604,2.3313211513842,-0.359600750132276,-0.103330530851366,-0.285935458023539,NONE,-0.0895919598967582,Normal,-2.23744784062252,1,2,2,2,2,3,3,3,3,7,5,1,2,3,2,1,0,2,0.297607266471232,11.7597855429018,200705
128,45,RM,-0.0826475443637997,-0.732991896539197,Pave,NONE,Bnk,Inside,Gtl,OldTown,Feedr,Norm,1Fam,1.5Unf,5,7,1930,WdShing,Wd Sdng,None,-0.567015949674981,BrkTil,116,0,556,672,GasA,0.268289832918241,SBrkr,-0.785025043886639,-1.3059414999706,0,0,-1.02736282330994,-0.756321032880405,0.169927088600022,-0.207698474525451,-0.925062116656053,0.623631660646747,NONE,-4.15997671587587,-2.19357441132175,-0.740760408320604,-0.702842766617084,-0.359600750132276,-0.103330530851366,-0.285935458023539,NONE,-0.0895919598967582,Normal,0.44693779307133,1,3,2,4,2,3,3,0,0,7,2,1,0,3,2,1,0,0,-0.250997476711292,11.3736633976367,200709
129,60,RL,0.335563766677686,-0.326937617996006,Pave,NONE,Lvl,Inside,Gtl,NAmes,PosN,Norm,1Fam,2Story,6,5,1966,VinylSd,VinylSd,BrkFace,0.920480636823668,CBlock,512,0,148,660,GasA,0.268289832918241,SBrkr,0.82009635238896,-0.301918203572398,0,0,-1.02736282330994,1.23259887250509,0.169927088600022,-0.207698474525451,-0.287758288825272,0.623631660646747,Attchd,0.212708760521274,-0.0914741806357404,0.745347864338558,0.895643590183592,-0.359600750132276,-0.103330530851366,-0.285935458023539,NONE,-0.0895919598967582,Normal,0.44693779307133,1,2,2,2,2,3,2,3,3,7,4,1,2,3,3,1,0,2,-0.250997476711292,11.9511803959014,200610
130,20,RL,0.335563766677686,-0.151555648219232,Pave,NONE,Lvl,Inside,Gtl,NAmes,Norm,Norm,1Fam,1Story,5,7,1958,Plywood,Plywood,BrkFace,-0.0916880930870667,CBlock,567,28,413,1008,GasA,0.268289832918241,FuseA,-0.785025043886639,-0.884963228055607,0,1,-1.02736282330994,1.23259887250509,0.169927088600022,-0.207698474525451,-0.287758288825272,-0.924311211315714,2Types,0.283881667563343,1.28672398385377,-0.740760408320604,0.481221201383417,-0.359600750132276,7.04410595149789,-0.285935458023539,MnWw,-0.0895919598967582,Abnorml,0.44693779307133,1,2,2,2,4,3,0,3,3,7,3,4,2,3,3,1,0,2,-0.250997476711292,11.9183905730784,200610
131,60,RL,0.903136260233988,0.511294356135939,Pave,NONE,Lvl,Corner,Gtl,NAmes,Norm,Norm,1Fam,2Story,7,6,1966,MetalSd,MetalSd,BrkFace,1.16094061133285,CBlock,445,0,479,924,GasA,0.268289832918241,SBrkr,1.41035174956589,1.29700866017986,0,0,0.781365814350925,1.23259887250509,1.38565545042224,-0.207698474525451,0.98684936683629,2.17157453260921,Attchd,0.212708760521274,0.0662993466122164,0.089246871622013,0.274010006983329,-0.359600750132276,-0.103330530851366,-0.285935458023539,GdPrv,-0.0895919598967582,Normal,0.44693779307133,1,2,2,4,3,3,4,3,3,7,3,1,2,3,3,1,0,3,-0.250997476711292,12.3282902782544,200608
132,60,RL,-1.72562055202678,0.260712452825088,Pave,NONE,Lvl,Corner,Gtl,Gilbert,Norm,Norm,1Fam,2Story,6,5,2000,VinylSd,VinylSd,BrkFace,-0.343332252457139,PConc,695,0,297,992,GasA,0.268289832918241,SBrkr,1.62265705052676,1.09343700756369,1,0,0.781365814350925,1.23259887250509,0.169927088600022,-0.207698474525451,0.349545539005509,0.623631660646747,BuiltIn,0.288329974253473,-0.383819245830484,-0.551044458619434,0.00759561418321662,-0.359600750132276,-0.103330530851366,-0.285935458023539,NONE,-0.0895919598967582,Normal,-2.23744784062252,1,2,3,4,3,3,3,3,3,7,6,1,2,3,2,1,0,2,0.297607266471232,12.4049235042753,200910
133,20,RL,0.514797185695465,-0.352553784225152,Pave,NONE,Lvl,Corner,Gtl,NAmes,Norm,Norm,1Fam,1Story,5,6,1959,MetalSd,MetalSd,None,-0.567015949674981,CBlock,405,0,658,1063,GasA,0.268289832918241,SBrkr,-0.785025043886639,-0.343423103620355,1,0,-1.02736282330994,-0.756321032880405,0.169927088600022,-0.207698474525451,0.349545539005509,-0.924311211315714,Detchd,0.230501987281791,0.702033853464278,-0.740760408320604,-0.702842766617084,-0.359600750132276,-0.103330530851366,-0.285935458023539,NONE,-0.0895919598967582,Normal,0.44693779307133,1,2,2,3,3,3,0,3,3,7,3,1,2,3,3,1,0,1,-0.250997476711292,11.9233781145894,200710
134,20,RL,-1.72562055202678,-0.420398580921157,Pave,NONE,Lvl,Inside,Gtl,Timber,Norm,Norm,1Fam,1Story,8,5,2001,VinylSd,VinylSd,BrkFace,0.193508620865682,PConc,1005,0,262,1267,GasA,0.268289832918241,SBrkr,-0.785025043886639,-0.404692241786387,1,0,0.781365814350925,-0.756321032880405,-1.04580127322219,-0.207698474525451,-0.287758288825272,-0.924311211315714,Attchd,0.290554127598537,-0.00794701915152796,0.776967189288753,-0.332822776616927,-0.359600750132276,-0.103330530851366,-0.285935458023539,NONE,-0.0895919598967582,Normal,-2.23744784062252,1,2,3,4,3,3,0,3,3,7,6,1,2,3,2,1,0,3,1.66911912442754,12.3013828253345,200909
135,20,RL,0.604413895204355,0.0211632547713445,Pave,NONE,Lvl,Inside,Gtl,Sawyer,Norm,Norm,1Fam,1Story,5,6,1968,Plywood,Plywood,None,-0.567015949674981,CBlock,570,0,891,1461,GasA,0.268289832918241,SBrkr,-0.785025043886639,0.435287878231795,0,0,0.781365814350925,1.23259887250509,0.169927088600022,-0.207698474525451,0.349545539005509,0.623631660646747,Attchd,0.217157067211403,-0.151799352818783,-0.740760408320604,0.718033994983517,2.44268665694088,-0.103330530851366,-0.285935458023539,MnPrv,-0.0895919598967582,Normal,0.44693779307133,1,2,2,3,2,3,3,3,3,6,3,1,2,3,2,1,0,2,-0.250997476711292,12.1007121298723,200610
136,20,RL,0.664158368210282,0.0294060805381488,Pave,NONE,Lvl,Inside,Gtl,NWAmes,Norm,Norm,1Fam,1Story,7,6,1970,Plywood,Plywood,BrkFace,1.04350667029348,PConc,0,0,1304,1304,GasA,0.268289832918241,SBrkr,-0.785025043886639,0.358207349571303,0,0,0.781365814350925,-0.756321032880405,0.169927088600022,-0.207698474525451,0.349545539005509,0.623631660646747,Attchd,0.221605373901533,0.26583645460228,0.0339130529591719,-0.702842766617084,-0.359600750132276,-0.103330530851366,-0.285935458023539,MnPrv,-0.0895919598967582,Normal,0.44693779307133,1,2,2,3,2,3,4,3,3,7,1,1,2,3,3,1,0,1,-0.250997476711292,12.0668105781967,200808
137,20,RL,-1.72562055202678,0.0236995088534381,Pave,NONE,Lvl,Corner,Gtl,NAmes,Norm,Norm,1Fam,1Story,5,5,1967,MetalSd,MetalSd,BrkFace,0.529034166692444,CBlock,695,0,519,1214,GasA,0.268289832918241,SBrkr,-0.785025043886639,-0.566758994354601,0,0,0.781365814350925,-0.756321032880405,0.169927088600022,-0.207698474525451,-0.925062116656053,0.623631660646747,Attchd,0.214932913866338,-0.717927891767334,-0.740760408320604,0.940045988983611,-0.359600750132276,-0.103330530851366,-0.285935458023539,NONE,-0.0895919598967582,Normal,-2.23744784062252,1,2,2,2,2,3,2,3,3,7,4,1,2,3,2,1,0,2,-0.250997476711292,11.870599909242,200710
138,90,RL,0.723902841216208,0.114370592288285,Pave,NONE,Lvl,Inside,Gtl,Mitchel,Norm,Norm,Duplex,1Story,7,5,1988,VinylSd,VinylSd,BrkFace,-0.175569479543757,CBlock,0,0,1907,1907,GasA,0.268289832918241,SBrkr,-0.785025043886639,0.905676745441978,0,0,2.59009445201179,-0.756321032880405,2.60138381224446,4.45593111885755,1.62415319466707,-0.924311211315714,2Types,0.263864287457761,1.36097034961751,-0.740760408320604,-0.702842766617084,-0.359600750132276,-0.103330530851366,-0.285935458023539,NONE,-0.0895919598967582,Family,0.44693779307133,1,2,2,3,2,3,0,3,3,7,1,1,2,3,3,1,0,1,-0.250997476711292,12.0494188354848,200610
139,60,RL,0.455052712689539,-0.139762066737496,Pave,NONE,Lvl,Inside,Gtl,CollgCr,Norm,Norm,1Fam,2Story,8,5,1999,VinylSd,VinylSd,BrkFace,1.22245362806775,PConc,668,0,336,1004,GasA,0.268289832918241,SBrkr,1.19338039803445,0.694199397578576,0,0,0.781365814350925,1.23259887250509,0.169927088600022,-0.207698474525451,0.349545539005509,2.17157453260921,Attchd,0.286105820908408,0.869088176432703,1.02992178889031,0.86604199098358,-0.359600750132276,-0.103330530851366,-0.285935458023539,GdPrv,-0.0895919598967582,Normal,0.44693779307133,1,2,3,4,3,3,3,3,3,7,6,1,2,3,2,2,0,3,0.297607266471232,12.3458345879053,200804
140,60,RL,0.216074820665833,0.666766731368278,Pave,NONE,Lvl,Inside,Gtl,CollgCr,Norm,Norm,1Fam,2Story,6,5,1997,VinylSd,VinylSd,None,-0.567015949674981,PConc,821,0,107,928,GasA,0.268289832918241,SBrkr,1.16538409461104,0.520274102139517,1,0,0.781365814350925,1.23259887250509,0.169927088600022,-0.207698474525451,0.349545539005509,-0.924311211315714,Attchd,0.281657514218279,-0.012587417011762,1.44097301324285,0.762436393783536,-0.359600750132276,-0.103330530851366,-0.285935458023539,MnPrv,-0.0895919598967582,Normal,0.44693779307133,1,2,2,4,3,3,0,3,3,7,6,1,2,3,2,1,0,2,0.297607266471232,12.3523351525084,200911
141,20,RL,0.365436003180649,0.042087350948617,Pave,NONE,Lvl,FR2,Gtl,NAmes,Norm,Norm,1Fam,1Story,4,5,1971,HdBoard,HdBoard,None,-0.567015949674981,CBlock,432,0,432,864,GasA,0.268289832918241,SBrkr,-0.785025043886639,-1.25850732848722,0,0,-1.02736282330994,-0.756321032880405,0.169927088600022,-0.207698474525451,-0.925062116656053,0.623631660646747,NONE,-4.15997671587587,-2.19357441132175,-0.740760408320604,-0.702842766617084,-0.359600750132276,-0.103330530851366,-0.285935458023539,NONE,-0.0895919598967582,Normal,0.44693779307133,1,2,2,2,2,3,1,0,0,7,5,1,2,3,3,1,0,0,-0.250997476711292,11.6526874073454,201007
142,20,RL,0.604413895204355,0.187287897148477,Pave,NONE,Lvl,Inside,Gtl,CollgCr,Norm,Norm,1Fam,1Story,7,5,2005,VinylSd,VinylSd,None,-0.567015949674981,PConc,1300,0,434,1734,GasA,0.268289832918241,SBrkr,-0.785025043886639,0.460981387785293,1,0,0.781365814350925,-0.756321032880405,0.169927088600022,-0.207698474525451,0.349545539005509,-0.924311211315714,Attchd,0.299450740978796,0.869088176432703,0.524012589687193,-0.347623576216934,-0.359600750132276,-0.103330530851366,-0.285935458023539,NONE,-0.0895919598967582,Normal,0.44693779307133,1,2,3,4,3,3,0,3,3,7,6,1,2,3,3,3,0,3,0.297607266471232,12.4684369099977,200601
143,50,RL,0.395308239683612,-0.209001803178652,Pave,NONE,Lvl,Corner,Gtl,NAmes,Artery,Norm,1Fam,1.5Fin,5,4,1952,BrkFace,Wd Sdng,None,-0.567015949674981,CBlock,507,0,403,910,GasA,0.268289832918241,SBrkr,0.323161966623404,-0.228790522535521,0,0,0.781365814350925,-0.756321032880405,1.38565545042224,-0.207698474525451,-0.287758288825272,-0.924311211315714,Detchd,0.288329974253473,1.14751204804674,-0.740760408320604,-0.702842766617084,-0.359600750132276,-0.103330530851366,-0.285935458023539,MnPrv,-0.0895919598967582,Normal,0.44693779307133,1,1,2,1,2,3,0,3,3,7,3,1,2,3,3,1,0,1,-0.250997476711292,12.0197430673387,201009
144,20,RL,0.604413895204355,0.0211632547713445,Pave,NONE,Lvl,Inside,Gtl,CollgCr,Norm,Norm,1Fam,1Story,7,5,1999,VinylSd,VinylSd,BrkFace,0.456336965096646,PConc,679,0,811,1490,GasA,0.268289832918241,SBrkr,-0.785025043886639,0.000474639634147814,1,0,0.781365814350925,-0.756321032880405,0.169927088600022,-0.207698474525451,-0.287758288825272,-0.924311211315714,Attchd,0.286105820908408,0.483935154033279,0.397535289886414,-0.273619578216902,-0.359600750132276,-0.103330530851366,-0.285935458023539,NONE,-0.0895919598967582,Normal,0.44693779307133,1,2,3,4,3,3,0,3,3,7,6,1,2,3,2,4,0,2,0.297607266471232,12.2258752728264,200909
145,90,RM,0.365436003180649,-0.135450434797937,Pave,NONE,Lvl,Inside,Gtl,Sawyer,RRAe,Norm,Duplex,1Story,5,5,1963,HdBoard,HdBoard,BrkFace,1.31192710695489,CBlock,1332,0,396,1728,GasA,0.268289832918241,SBrkr,-0.785025043886639,0.449122844914448,1,0,0.781365814350925,-0.756321032880405,3.81711217406667,4.45593111885755,2.26145702249785,-0.924311211315714,Detchd,0.20603630048608,0.145186110236195,-0.740760408320604,-0.702842766617084,-0.359600750132276,-0.103330530851366,-0.285935458023539,NONE,-0.0895919598967582,Abnorml,0.44693779307133,1,2,2,2,2,3,0,3,3,7,3,1,2,3,3,1,0,1,-0.250997476711292,11.7360690162844,200603
146,160,RM,-1.00868687595566,-0.969624402398532,Pave,NONE,Lvl,Inside,Gtl,Edwards,Norm,Norm,Twnhs,2Story,6,5,2004,VinylSd,VinylSd,Stone,-0.287411328152678,PConc,0,0,970,970,GasA,0.268289832918241,SBrkr,0.939080641938459,0.411570792490105,0,0,0.781365814350925,-0.756321032880405,0.169927088600022,-0.207698474525451,0.349545539005509,-0.924311211315714,Detchd,0.297226587633731,-0.430223224432824,-0.740760408320604,-0.110810782616833,-0.359600750132276,-0.103330530851366,-0.285935458023539,NONE,-0.0895919598967582,Normal,0.44693779307133,1,2,3,4,3,3,0,3,3,3,1,1,2,3,3,1,0,1,0.297607266471232,11.7752897294377,200607
147,30,RM,-0.202136490375653,-0.513352293029888,Pave,NONE,Lvl,Corner,Gtl,BrkSide,Norm,Norm,1Fam,1Story,5,7,1931,Wd Sdng,Wd Sdng,None,-0.567015949674981,BrkTil,209,0,506,715,GasA,0.268289832918241,FuseA,-0.785025043886639,-1.23676666655734,1,0,-1.02736282330994,-0.756321032880405,-1.04580127322219,-0.207698474525451,-0.925062116656053,-0.924311211315714,Detchd,0.13486339344401,-1.35830279647963,-0.361328508918265,-0.702842766617084,-0.359600750132276,-0.103330530851366,-0.285935458023539,NONE,-0.0895919598967582,Normal,0.44693779307133,1,2,2,2,2,3,0,2,3,7,4,1,2,3,3,1,0,1,-0.250997476711292,11.5617156291397,200903
148,60,RL,-1.72562055202678,-0.0840912896355412,Pave,NONE,Lvl,CulDSac,Gtl,Gilbert,Norm,Norm,1Fam,2Story,7,5,2001,VinylSd,VinylSd,BrkFace,0.439560687805308,PConc,0,0,884,884,GasA,0.268289832918241,SBrkr,1.90028705947559,1.05588495513935,0,0,0.781365814350925,1.23259887250509,0.169927088600022,-0.207698474525451,0.98684936683629,0.623631660646747,BuiltIn,0.290554127598537,-0.179641739980187,0.397535289886414,0.00759561418321662,-0.359600750132276,-0.103330530851366,-0.285935458023539,NONE,-0.0895919598967582,Normal,-2.23744784062252,1,2,3,4,3,3,4,3,3,7,1,1,2,3,2,1,0,3,0.297607266471232,12.3126823805884,201008
149,20,RL,0.156330347659906,-0.338350761365428,Pave,NONE,Lvl,Inside,Gtl,SawyerW,Norm,Norm,1Fam,1Story,7,5,2004,VinylSd,VinylSd,BrkFace,0.104035141978545,PConc,680,0,400,1080,GasA,0.268289832918241,SBrkr,-0.785025043886639,-0.831599785136805,1,0,-1.02736282330994,-0.756321032880405,0.169927088600022,-0.207698474525451,-0.287758288825272,-0.924311211315714,NONE,-4.15997671587587,-2.19357441132175,-0.740760408320604,-0.702842766617084,-0.359600750132276,-0.103330530851366,-0.285935458023539,NONE,-0.0895919598967582,Normal,0.44693779307133,1,2,2,4,3,3,0,0,0,7,6,1,2,3,3,1,0,0,0.297607266471232,11.8565151693603,200807
150,50,RM,-1.72562055202678,-0.498134768537326,Pave,NONE,Lvl,Inside,Gtl,BrkSide,Norm,Norm,1Fam,1.5Fin,5,4,1936,MetalSd,MetalSd,None,-0.567015949674981,BrkTil,0,0,896,896,GasA,0.268289832918241,FuseA,0.260170283920728,-0.309823898819628,0,0,-1.02736282330994,-0.756321032880405,0.169927088600022,-0.207698474525451,0.349545539005509,-0.924311211315714,Detchd,0.145984160169334,-1.07987892486559,0.840205839189143,0.98444838778363,-0.359600750132276,-0.103330530851366,-0.285935458023539,NONE,-0.0895919598967582,Normal,-2.23744784062252,1,2,2,3,2,3,0,2,3,7,1,1,2,3,3,1,0,1,0.297607266471232,11.6526874073454,200607
151,20,RL,1.85904782832881,0.0238263215575428,Pave,NONE,Lvl,Corner,Gtl,CollgCr,Norm,Norm,1Fam,1Story,5,6,1975,HdBoard,HdBoard,None,-0.567015949674981,CBlock,716,0,253,969,GasA,0.268289832918241,SBrkr,-0.785025043886639,-1.05098282824744,0,0,-1.02736282330994,1.23259887250509,0.169927088600022,-0.207698474525451,-0.925062116656053,-0.924311211315714,Attchd,0.232726140626856,-0.151799352818783,-0.740760408320604,-0.702842766617084,-0.359600750132276,-0.103330530851366,-0.285935458023539,MnPrv,-0.0895919598967582,Normal,0.44693779307133,1,2,2,2,2,3,0,3,3,7,4,1,2,3,3,3,0,1,-0.250997476711292,11.7117763237154,200701
152,20,RL,1.47070875379029,0.472109230567592,Pave,NONE,Lvl,Inside,Gtl,NridgHt,Norm,Norm,1Fam,1Story,8,5,2007,VinylSd,VinylSd,Stone,1.8711363499995,PConc,1400,0,310,1710,GasA,0.268289832918241,SBrkr,-0.785025043886639,0.413547216301913,1,0,0.781365814350925,-0.756321032880405,-1.04580127322219,-0.207698474525451,-0.287758288825272,0.623631660646747,Attchd,0.303899047668925,1.82501013564091,-0.740760408320604,0.806838792583555,-0.359600750132276,-0.103330530851366,-0.285935458023539,NONE,-0.0895919598967582,Partial,0.44693779307133,1,2,3,4,3,3,4,3,3,7,6,1,2,3,3,4,0,2,1.66911912442754,12.8277291949399,200801
153,60,RL,-1.72562055202678,0.587762416711062,Pave,NONE,Lvl,CulDSac,Gtl,NWAmes,Norm,Norm,1Fam,2Story,6,5,1971,HdBoard,HdBoard,BrkFace,0.842191342797423,CBlock,416,0,409,825,GasA,0.268289832918241,SBrkr,1.30536561172809,0.972875155043432,0,0,0.781365814350925,1.23259887250509,1.38565545042224,-0.207698474525451,0.98684936683629,0.623631660646747,Attchd,0.223829527246597,0.103422529494089,-0.740760408320604,0.274010006983329,-0.359600750132276,-0.103330530851366,-0.285935458023539,GdWo,-0.0895919598967582,Normal,-2.23744784062252,1,2,2,3,2,3,4,3,3,7,3,1,2,3,2,1,0,2,-0.250997476711292,12.1547793511426,200609
154,20,RL,-1.72562055202678,0.422525463262662,Pave,NONE,Lvl,Inside,Gtl,ClearCr,Norm,Norm,1Fam,1Story,6,7,1960,BrkFace,Plywood,None,-0.567015949674981,CBlock,429,1080,93,1602,GasA,0.268289832918241,SBrkr,-0.785025043886639,-0.491654889505917,1,0,-1.02736282330994,-0.756321032880405,-2.26152963504441,-0.207698474525451,-1.56236594448683,0.623631660646747,Attchd,0.199363840450886,0.423609981850236,2.49231556783683,-0.702842766617084,-0.359600750132276,-0.103330530851366,-0.285935458023539,NONE,-0.0895919598967582,Normal,-2.23744784062252,1,2,2,3,2,3,4,3,3,7,4,5,2,3,3,4,0,2,0.297607266471232,12.3673407931263,200806
155,30,RM,0.783647314222135,0.148610022396549,Pave,NONE,Lvl,Corner,Gtl,OldTown,Norm,Norm,1Fam,1Story,6,5,1923,Wd Sdng,Wd Sdng,None,-0.567015949674981,BrkTil,0,0,1200,1200,GasA,0.268289832918241,FuseA,-0.785025043886639,-0.594428927719906,0,0,-1.02736282330994,-0.756321032880405,1.38565545042224,-0.207698474525451,0.349545539005509,-0.924311211315714,Detchd,0.117070166683493,-0.745770278928738,-0.740760408320604,-0.702842766617084,3.18996329882706,-0.103330530851366,-0.285935458023539,NONE,-0.0895919598967582,Family,0.44693779307133,1,2,2,2,2,3,0,2,2,7,1,1,2,3,3,1,0,1,-0.250997476711292,11.7360690162844,200606
156,50,RL,0.0667136381510165,-0.0720440827455964,Pave,NONE,Lvl,Corner,Gtl,Edwards,Artery,Norm,1Fam,1.5Fin,6,5,1924,Wd Sdng,Wd Sdng,None,-0.567015949674981,BrkTil,0,0,572,572,Grav,-3.72731232161413,FuseF,0.437480205602335,-0.799977004147885,0,0,-1.02736282330994,-0.756321032880405,-1.04580127322219,-0.207698474525451,-0.925062116656053,-0.924311211315714,NONE,-4.15997671587587,-2.19357441132175,-0.740760408320604,-0.584436369817034,1.63313696156419,-0.103330530851366,-0.285935458023539,NONE,-0.0895919598967582,Normal,0.44693779307133,1,2,2,1,2,3,0,0,0,7,1,1,0,3,3,1,0,0,-0.250997476711292,11.2772031314492,200807
157,20,RL,0.0667136381510165,-0.376394572596832,Pave,NONE,Lvl,Inside,Gtl,NAmes,Norm,Norm,1Fam,1Story,5,7,1950,Wd Sdng,Wd Sdng,None,-0.567015949674981,CBlock,0,0,0,0,GasA,0.268289832918241,FuseF,-0.785025043886639,-0.910656737609104,0,0,-1.02736282330994,-0.756321032880405,-1.04580127322219,-0.207698474525451,-0.925062116656053,-0.924311211315714,Detchd,0.177122307000239,0.706674251324512,-0.740760408320604,-0.702842766617084,-0.359600750132276,-0.103330530851366,-0.285935458023539,NONE,-0.0895919598967582,Normal,0.44693779307133,0,2,2,2,2,0,0,3,3,7,0,0,2,3,3,0,0,1,-4.91413779376274,11.6036798282387,200609
158,60,RL,1.02262520624584,0.232686845217953,Pave,NONE,Lvl,Corner,Gtl,Timber,Norm,Norm,1Fam,2Story,8,5,2009,VinylSd,VinylSd,BrkFace,-0.0972801855175127,PConc,0,0,774,774,GasA,0.268289832918241,SBrkr,2.00060714674282,0.923464559748245,0,0,0.781365814350925,1.23259887250509,1.38565545042224,-0.207698474525451,0.98684936683629,0.623631660646747,BuiltIn,0.308347354359055,0.961896133637383,-0.740760408320604,0.407217203383386,-0.359600750132276,-0.103330530851366,-0.285935458023539,NONE,-0.0895919598967582,Partial,0.44693779307133,1,2,3,4,4,3,4,3,3,7,1,1,2,3,3,1,0,3,1.66911912442754,12.5043236693312,201008
159,60,FV,1.26160309826955,0.302307019771423,Pave,NONE,Lvl,Corner,Gtl,Somerst,Norm,Norm,1Fam,2Story,7,5,2004,VinylSd,VinylSd,None,-0.567015949674981,PConc,222,0,769,991,GasA,0.268289832918241,SBrkr,1.44534712884515,0.881959659700288,0,0,0.781365814350925,1.23259887250509,0.169927088600022,-0.207698474525451,0.98684936683629,0.623631660646747,Attchd,0.297226587633731,0.952615337916915,-0.740760408320604,1.31006597898377,-0.359600750132276,-0.103330530851366,-0.285935458023539,GdWo,-0.0895919598967582,Normal,0.44693779307133,1,2,3,4,3,3,4,3,3,7,6,1,2,3,3,1,0,2,0.297607266471232,12.4486265903642,201008
160,60,RL,2.2772591393703,1.16793053798998,Pave,NONE,HLS,Corner,Gtl,Gilbert,Norm,Norm,1Fam,2Story,7,5,2005,VinylSd,VinylSd,BrkFace,1.98297819860842,PConc,57,0,1335,1392,GasA,0.268289832918241,SBrkr,1.71131201136756,1.89981792278114,1,0,0.781365814350925,1.23259887250509,1.38565545042224,-0.207698474525451,1.62415319466707,0.623631660646747,Attchd,0.301674894323861,0.479294756173045,1.14849425745354,1.25086278058374,-0.359600750132276,6.56761018600794,-0.285935458023539,NONE,-0.0895919598967582,Partial,0.44693779307133,1,2,3,4,3,3,4,3,3,7,6,1,2,3,2,2,0,2,0.297607266471232,12.6760762747759,200606
161,20,RL,-1.72562055202678,0.12071122749352,Pave,NONE,Lvl,CulDSac,Gtl,Veenker,Norm,Norm,1Fam,1Story,6,6,1984,Plywood,Plywood,None,-0.567015949674981,PConc,660,0,572,1232,GasA,0.268289832918241,SBrkr,-0.785025043886639,-0.531183365742067,0,0,0.781365814350925,-0.756321032880405,0.169927088600022,-0.207698474525451,-0.287758288825272,-0.924311211315714,Attchd,0.252743520732438,0.200870884559003,-0.740760408320604,-0.702842766617084,-0.359600750132276,-0.103330530851366,-0.285935458023539,NONE,-0.0895919598967582,Normal,-2.23744784062252,1,2,2,2,2,3,0,3,3,7,4,1,2,3,2,1,0,1,0.297607266471232,11.9984332807519,200809
162,60,RL,1.56032546329918,0.446366251634342,Pave,NONE,Lvl,Inside,Gtl,NridgHt,Norm,Norm,1Fam,2Story,9,5,2003,VinylSd,VinylSd,BrkFace,3.14613342414119,PConc,1016,0,556,1572,GasA,0.268289832918241,SBrkr,1.77197066878496,2.30696122801349,1,0,0.781365814350925,1.23259887250509,0.169927088600022,-0.207698474525451,2.26145702249785,2.17157453260921,BuiltIn,0.295002434288667,1.17535443520815,2.42117208669889,-0.702842766617084,-0.359600750132276,-0.103330530851366,-0.285935458023539,NONE,-0.0895919598967582,Normal,0.44693779307133,1,2,3,4,4,3,4,3,3,7,6,1,2,3,2,3,0,3,1.66911912442754,12.9299914847569,200806
163,20,RL,1.11224191575473,0.255386319252691,Pave,NONE,Lvl,Corner,Gtl,NridgHt,Norm,Norm,1Fam,1Story,7,5,2005,VinylSd,VinylSd,BrkFace,0.696796939605826,PConc,1201,0,340,1541,GasA,0.268289832918241,SBrkr,-0.785025043886639,0.0795315921064473,0,0,0.781365814350925,-0.756321032880405,0.169927088600022,-0.207698474525451,0.349545539005509,0.623631660646747,Attchd,0.299450740978796,0.275117250322748,-0.740760408320604,0.333213205383354,-0.359600750132276,-0.103330530851366,-0.285935458023539,NONE,-0.0895919598967582,Partial,0.44693779307133,1,2,3,4,3,3,4,3,3,7,4,1,2,3,3,2,0,2,0.297607266471232,12.3013828253345,201008
164,45,RL,-0.0826475443637997,-0.591976169574791,Pave,NONE,Lvl,Inside,Gtl,OldTown,Norm,Norm,1Fam,1.5Unf,4,6,1956,MetalSd,MetalSd,None,-0.567015949674981,CBlock,0,0,882,882,GasA,0.268289832918241,SBrkr,-0.785025043886639,-1.22293169987469,0,0,-1.02736282330994,-0.756321032880405,-2.26152963504441,-0.207698474525451,-1.56236594448683,-0.924311211315714,NONE,-4.15997671587587,-2.19357441132175,-0.740760408320604,-0.702842766617084,-0.359600750132276,-0.103330530851366,-0.285935458023539,MnPrv,-0.0895919598967582,Normal,0.44693779307133,1,2,2,4,2,3,0,0,0,7,1,1,2,3,3,1,0,0,-0.250997476711292,11.5444241320296,200707
165,40,RM,-0.530731091908249,-0.604657439985259,Pave,Pave,Lvl,Corner,Gtl,OldTown,Norm,Norm,1Fam,1Story,6,7,1926,MetalSd,MetalSd,None,-0.567015949674981,BrkTil,370,0,779,1149,GasA,0.268289832918241,FuseA,0.30449776434113,0.227763377992009,0,0,0.781365814350925,-0.756321032880405,0.169927088600022,-0.207698474525451,-0.925062116656053,-0.924311211315714,Detchd,0.123742626718687,-1.1912484735112,-0.740760408320604,-0.702842766617084,2.48939144705877,-0.103330530851366,-0.285935458023539,NONE,-0.0895919598967582,Normal,0.44693779307133,1,3,2,3,3,3,0,3,3,7,2,1,2,3,3,2,0,1,-0.250997476711292,11.9316357998284,200702
166,190,RL,0.126458111156943,-0.00787685446862755,Pave,NONE,Lvl,Inside,Gtl,Edwards,Norm,Norm,2fmCon,1.5Fin,5,7,1940,Wd Sdng,Wd Sdng,None,-0.567015949674981,BrkTil,351,181,112,644,GasA,0.268289832918241,SBrkr,0.491139787163874,-0.288083236889745,1,0,0.781365814350925,-0.756321032880405,1.38565545042224,4.45593111885755,-0.287758288825272,-0.924311211315714,NONE,-4.15997671587587,-2.19357441132175,0.365915964936219,-0.702842766617084,-0.359600750132276,-0.103330530851366,-0.285935458023539,NONE,-0.0895919598967582,Normal,0.44693779307133,1,3,2,3,2,3,0,0,0,7,5,3,2,3,3,1,0,0,-0.250997476711292,11.7558716435806,200812
167,20,RL,-1.72562055202678,0.0684643934023907,Pave,NONE,Lvl,Inside,Gtl,ClearCr,Norm,Norm,1Fam,1Story,5,5,1955,Wd Sdng,Wd Sdng,None,-0.567015949674981,CBlock,379,768,470,1617,GasA,0.268289832918241,FuseA,-0.785025043886639,0.723845754755689,1,0,-1.02736282330994,-0.756321032880405,-1.04580127322219,-0.207698474525451,0.349545539005509,3.71951740457167,Attchd,0.188243073725562,-0.787533859670844,3.02193926075259,-0.702842766617084,-0.359600750132276,-0.103330530851366,2.24189108891672,GdWo,-0.0895919598967582,Normal,-2.23744784062252,1,2,3,4,2,3,4,3,3,7,2,4,2,3,2,1,0,3,-0.250997476711292,12.1547793511426,200903
168,60,RL,0.843391787228061,0.0499497386031072,Pave,NONE,Lvl,Inside,Gtl,NridgHt,Norm,Norm,1Fam,2Story,8,5,2007,VinylSd,VinylSd,Stone,1.11061177945883,PConc,1288,0,294,1582,GasA,0.268289832918241,SBrkr,0.500471888305011,1.30491435542709,1,0,-1.02736282330994,1.23259887250509,0.169927088600022,-0.207698474525451,0.98684936683629,0.623631660646747,Attchd,0.303899047668925,1.46769950040289,0.666299551963071,1.07325318538367,-0.359600750132276,-0.103330530851366,-0.285935458023539,NONE,-0.0895919598967582,Partial,0.44693779307133,1,2,3,4,4,3,4,3,3,7,6,1,2,3,3,1,0,3,1.66911912442754,12.6934986204678,200703
169,60,RL,0.126458111156943,-0.244002109511545,Pave,NONE,Lvl,Inside,Gtl,Gilbert,Norm,Norm,1Fam,2Story,7,5,2004,VinylSd,VinylSd,None,-0.567015949674981,PConc,0,0,840,840,GasA,0.268289832918241,SBrkr,1.26803720716355,0.433311454419988,0,0,0.781365814350925,1.23259887250509,0.169927088600022,-0.207698474525451,0.349545539005509,0.623631660646747,Attchd,0.297226587633731,-0.151799352818783,0.0497227154342694,0.00759561418321662,-0.359600750132276,-0.103330530851366,-0.285935458023539,NONE,-0.0895919598967582,Normal,0.44693779307133,1,2,3,4,3,3,4,3,3,7,1,1,2,3,2,1,0,3,0.297607266471232,12.1199699464768,200708
170,20,RL,-1.72562055202678,0.824394922570397,Pave,NONE,Lvl,Corner,Gtl,Timber,Norm,Norm,1Fam,1Story,8,6,1981,Plywood,Plywood,BrkFace,3.08462040740629,CBlock,0,0,1686,1686,GasA,0.268289832918241,SBrkr,-0.785025043886639,0.40761794486649,0,0,0.781365814350925,1.23259887250509,-1.04580127322219,-0.207698474525451,-0.287758288825272,0.623631660646747,Attchd,0.246071060697244,0.177668895257833,3.79661272203237,0.244408407783317,-0.359600750132276,-0.103330530851366,-0.285935458023539,NONE,-0.0895919598967582,Normal,-2.23744784062252,1,2,3,2,2,3,3,3,3,7,1,1,2,3,2,1,0,2,0.297607266471232,12.3371009079366,200601
171,50,RM,-1.72562055202678,0.277705355175115,Pave,NONE,Lvl,Inside,Gtl,OldTown,Feedr,Norm,1Fam,1.5Fin,5,6,1941,MetalSd,MetalSd,None,-0.567015949674981,CBlock,360,0,360,720,GasA,0.268289832918241,SBrkr,-0.785025043886639,-0.234719793970943,0,0,-1.02736282330994,1.23259887250509,-1.04580127322219,-0.207698474525451,0.349545539005509,-0.924311211315714,Detchd,0.268312594147891,0.869088176432703,1.13268459497845,-0.702842766617084,-0.359600750132276,-0.103330530851366,-0.285935458023539,NONE,-0.0895919598967582,Normal,-2.23744784062252,1,2,2,2,2,3,0,3,3,7,3,1,2,3,2,1,0,1,-0.250997476711292,11.7636841833174,200708
172,20,RL,2.48636479489104,2.73939356725519,Pave,NONE,Lvl,Corner,Gtl,NAmes,Norm,Norm,1Fam,1Story,6,5,1960,BrkFace,Plywood,Stone,0.0592984025349766,CBlock,639,0,441,1080,GasA,0.268289832918241,SBrkr,-0.785025043886639,0.306820330464309,1,0,-1.02736282330994,-0.756321032880405,0.169927088600022,-0.207698474525451,0.349545539005509,2.17157453260921,Attchd,0.199363840450886,0.256555658881811,0.91925415156463,0.214806808583304,-0.359600750132276,-0.103330530851366,-0.285935458023539,NONE,-0.0895919598967582,Normal,0.44693779307133,1,2,2,1,2,4,4,3,3,7,4,1,1,3,2,4,0,3,-0.250997476711292,12.2783933071098,201008
173,160,RL,-0.411242145896396,-0.616577834171099,Pave,NONE,Lvl,Inside,Gtl,StoneBr,Norm,Norm,TwnhsE,2Story,7,7,1987,HdBoard,HdBoard,None,-0.567015949674981,PConc,495,215,354,1064,GasA,0.268289832918241,SBrkr,0.855091731668225,0.52620337357494,1,0,0.781365814350925,-0.756321032880405,-1.04580127322219,-0.207698474525451,-0.925062116656053,0.623631660646747,Attchd,0.259415980767632,0.145186110236195,2.74527016743839,-0.184814780616865,-0.359600750132276,-0.103330530851366,-0.285935458023539,NONE,-0.0895919598967582,Normal,0.44693779307133,1,3,3,3,3,4,3,4,3,7,6,3,2,3,2,1,0,2,0.297607266471232,12.3842188309136,200609
174,20,RL,0.664158368210282,0.00366310160489847,Pave,NONE,Lvl,Inside,Gtl,NAmes,Norm,Norm,1Fam,1Story,6,5,1961,WdShing,Wd Shng,BrkCmn,2.17870143367403,CBlock,288,374,700,1362,GasA,0.268289832918241,SBrkr,-0.785025043886639,-0.274248270207093,1,0,-1.02736282330994,1.23259887250509,0.169927088600022,-0.207698474525451,-0.287758288825272,0.623631660646747,Attchd,0.20158799379595,0.145186110236195,-0.740760408320604,-0.406826774616959,-0.359600750132276,-0.103330530851366,-0.285935458023539,NONE,-0.0895919598967582,Normal,0.44693779307133,1,2,2,2,2,3,3,3,3,7,5,3,2,3,2,1,0,1,-0.250997476711292,12.0015054797889,200809
175,20,RL,-0.321625436387506,0.285060492013187,Pave,NONE,Lvl,Inside,Gtl,Timber,Norm,Norm,1Fam,1Story,6,5,1986,VinylSd,Plywood,Stone,0.171140251143897,CBlock,1398,208,0,1606,GasA,0.268289832918241,SBrkr,-0.785025043886639,0.296938211405271,1,0,0.781365814350925,-0.756321032880405,0.169927088600022,-0.207698474525451,0.349545539005509,0.623631660646747,Attchd,0.257191827422567,0.664910670582406,0.776967189288753,-0.702842766617084,-0.359600750132276,-0.103330530851366,-0.285935458023539,NONE,-0.0895919598967582,Normal,0.44693779307133,1,2,2,2,2,2,3,3,3,5,5,2,2,3,2,1,0,3,0.297607266471232,12.1226910365911,200803
176,20,RL,0.783647314222135,0.310296220130018,Pave,NONE,Lvl,Corner,Gtl,Edwards,Norm,Norm,1Fam,1Story,6,7,1950,WdShing,Wd Shng,None,-0.567015949674981,CBlock,477,0,725,1202,GasA,0.268289832918241,SBrkr,-0.785025043886639,1.29898508399167,1,0,0.781365814350925,-0.756321032880405,1.38565545042224,-0.207698474525451,0.349545539005509,0.623631660646747,Attchd,0.177122307000239,0.479294756173045,-0.740760408320604,-0.273619578216902,0.247561521400241,-0.103330530851366,-0.285935458023539,MnPrv,-0.0895919598967582,Normal,0.44693779307133,1,2,2,2,3,4,4,3,3,7,5,1,2,3,3,3,0,1,-0.250997476711292,12.4008167223227,200709
177,60,RL,1.17198638876066,-0.017641432684688,Pave,NONE,Lvl,Corner,Gtl,ClearCr,Norm,Norm,1Fam,2Story,6,5,1988,Plywood,Plywood,BrkFace,0.93166482168456,PConc,831,0,320,1151,GasA,0.268289832918241,SBrkr,1.30536561172809,1.10529555043453,0,1,0.781365814350925,1.23259887250509,1.38565545042224,-0.207698474525451,0.98684936683629,0.623631660646747,Attchd,0.261640134112697,0.224072873860173,-0.740760408320604,2.67173954218434,-0.359600750132276,-0.103330530851366,3.1319708589661,NONE,-0.0895919598967582,Normal,0.44693779307133,1,2,3,2,2,3,3,3,3,7,6,1,2,3,2,1,0,1,0.297607266471232,12.2596134124582,200712
178,50,RL,-1.72562055202678,0.441547368878364,Pave,NONE,Lvl,Inside,Gtl,Sawyer,Norm,Norm,1Fam,1.5Fin,5,5,1958,MetalSd,MetalSd,None,-0.567015949674981,CBlock,57,441,554,1052,GasA,0.268289832918241,SBrkr,0.773435846683274,0.828596216781485,1,0,0.781365814350925,-0.756321032880405,1.38565545042224,-0.207698474525451,0.98684936683629,0.623631660646747,Attchd,0.194915533760756,-0.100754976356208,-0.740760408320604,-0.702842766617084,-0.359600750132276,-0.103330530851366,-0.285935458023539,NONE,-0.0895919598967582,Normal,-2.23744784062252,1,3,3,4,3,3,4,3,3,7,5,4,2,3,3,1,0,1,-0.250997476711292,12.0581525154536,200610
179,20,RL,0.156330347659906,0.920011701465327,Pave,NONE,Lvl,CulDSac,Gtl,StoneBr,Norm,Norm,1Fam,1Story,9,5,2008,VinylSd,VinylSd,Stone,3.61586918829866,PConc,1904,0,312,2216,GasA,0.268289832918241,SBrkr,-0.785025043886639,1.44919329368904,1,0,0.781365814350925,-0.756321032880405,-2.26152963504441,-0.207698474525451,1.62415319466707,0.623631660646747,Attchd,0.308347354359055,3.21712949371112,-0.740760408320604,0.185205209383292,-0.359600750132276,-0.103330530851366,-0.285935458023539,NONE,-0.0895919598967582,Partial,0.44693779307133,1,2,4,4,4,3,4,3,3,7,6,1,2,3,2,1,0,3,1.66911912442754,13.1260306447518,200910
180,30,RM,0.0667136381510165,-0.209001803178652,Pave,NONE,Lvl,Inside,Gtl,OldTown,Norm,Norm,1Fam,1Story,5,6,1923,Wd Sdng,Wd Sdng,None,-0.567015949674981,CBlock,0,0,968,968,GasA,0.268289832918241,SBrkr,-0.785025043886639,-1.05295925205924,0,0,-1.02736282330994,-0.756321032880405,-1.04580127322219,-0.207698474525451,-0.925062116656053,-0.924311211315714,Detchd,0.143760006824269,0.0338165615905783,-0.740760408320604,-0.702842766617084,2.5049597104314,-0.103330530851366,-0.285935458023539,NONE,-0.0895919598967582,Normal,0.44693779307133,1,2,3,2,2,3,0,2,3,7,1,1,0,3,3,1,0,1,-0.250997476711292,11.5129254649702,200710
181,160,FV,-1.72562055202678,-1.02098354756093,Pave,NONE,Lvl,Inside,Gtl,Somerst,Norm,Norm,Twnhs,2Story,6,5,2000,MetalSd,MetalSd,BrkFace,1.98297819860842,PConc,436,0,320,756,GasA,0.268289832918241,SBrkr,0.978742071788293,0.0479088111175275,0,0,0.781365814350925,1.23259887250509,0.169927088600022,-0.207698474525451,-0.925062116656053,0.623631660646747,Detchd,0.288329974253473,-0.151799352818783,-0.740760408320604,-0.702842766617084,-0.359600750132276,-0.103330530851366,-0.285935458023539,NONE,-0.0895919598967582,Normal,-2.23744784062252,1,2,3,4,3,3,3,3,3,7,6,1,2,3,3,1,0,1,0.297607266471232,12.083905011556,200709
182,70,RL,-0.112519780866763,-0.327191243404216,Pave,NONE,Lvl,Inside,Gtl,Crawfor,Norm,Norm,1Fam,2Story,7,6,1920,Stucco,Stucco,None,-0.567015949674981,BrkTil,352,0,441,793,GasA,0.268289832918241,SBrkr,1.31703073815452,0.595378206988202,0,0,-1.02736282330994,1.23259887250509,1.38565545042224,-0.207698474525451,1.62415319466707,0.623631660646747,Detchd,0.110397706648299,-1.1912484735112,-0.740760408320604,-0.702842766617084,0.26312978477287,-0.103330530851366,-0.285935458023539,NONE,-0.0895919598967582,Normal,0.44693779307133,1,2,2,3,2,3,4,2,3,7,2,1,2,3,3,1,0,1,-0.799602219893816,12.2065725205718,200610
183,20,RL,0.0667136381510165,-0.140522942962124,Pave,NONE,Lvl,Inside,Gtl,Edwards,Artery,Norm,1Fam,1Story,5,6,1957,Wd Sdng,Wd Sdng,BrkFace,-0.0189908914912681,PConc,0,0,0,0,GasA,0.268289832918241,SBrkr,-0.785025043886639,-0.317729594066858,0,0,-1.02736282330994,-0.756321032880405,0.169927088600022,-0.207698474525451,0.349545539005509,0.623631660646747,Attchd,0.192691380415692,-1.02419415054278,0.176200015235049,-0.702842766617084,-0.359600750132276,7.04410595149789,-0.285935458023539,MnPrv,-0.0895919598967582,Normal,0.44693779307133,0,2,2,4,2,0,4,3,3,7,0,0,2,3,3,0,0,2,-4.91413779376274,11.6952470217642,200709
184,50,RM,0.156330347659906,0.159515914949552,Pave,NONE,Lvl,Inside,Gtl,OldTown,Norm,Norm,1Fam,1.5Fin,7,5,2003,VinylSd,VinylSd,None,-0.567015949674981,PConc,0,0,1362,1362,GasA,0.268289832918241,SBrkr,0.894753161518058,1.1487768742943,0,0,0.781365814350925,1.23259887250509,0.169927088600022,-0.207698474525451,-0.287758288825272,-0.924311211315714,Detchd,0.295002434288667,0.0523781530315144,1.47259233819304,2.81974753818441,-0.359600750132276,-0.103330530851366,-0.285935458023539,NONE,-0.0895919598967582,Normal,0.44693779307133,1,2,2,4,3,3,0,3,3,4,1,1,0,3,3,1,0,1,0.297607266471232,12.2060726455302,200809
185,50,RL,1.02262520624584,-0.346213149019918,Pave,NONE,Lvl,Inside,Gtl,BrkSide,RRAn,Feedr,1Fam,1.5Fin,5,8,1908,AsbShng,Plywood,None,-0.567015949674981,PConc,0,0,504,504,GasA,0.268289832918241,SBrkr,-0.0477890537368,-0.491654889505917,0,0,-1.02736282330994,-0.756321032880405,0.169927088600022,-0.207698474525451,-0.925062116656053,-0.924311211315714,Attchd,0.257191827422567,0.479294756173045,0.0813420403844643,-0.702842766617084,-0.359600750132276,-0.103330530851366,-0.285935458023539,MnPrv,-0.0895919598967582,Normal,0.44693779307133,1,2,2,3,2,3,0,3,3,7,1,1,2,3,2,1,0,1,-0.799602219893816,11.7519423654407,200609
186,75,RM,0.962880733239914,1.6209055170519,Pave,NONE,Lvl,Inside,Gtl,OldTown,Artery,Norm,1Fam,2.5Fin,10,9,1892,Wd Sdng,Wd Sdng,None,-0.567015949674981,BrkTil,0,0,1107,1107,GasA,0.268289832918241,SBrkr,2.75650733917493,4.16479961111253,0,0,0.781365814350925,1.23259887250509,1.38565545042224,-0.207698474525451,3.53606467815941,2.17157453260921,Detchd,0.27276090083802,1.70435979127483,-0.740760408320604,3.14536512938454,-0.359600750132276,-0.103330530851366,7.01271865638142,GdPrv,-0.0895919598967582,Normal,0.44693779307133,1,3,3,4,4,3,3,5,3,7,1,1,2,3,1,2,0,1,-0.250997476711292,13.0710700830168,200609
187,80,RL,-1.72562055202678,-0.0280400744212719,Pave,NONE,Lvl,CulDSac,Gtl,Mitchel,Norm,Norm,1Fam,SLvl,7,5,1990,HdBoard,HdBoard,None,-0.567015949674981,PConc,611,0,577,1188,GasA,0.268289832918241,SBrkr,-0.785025043886639,-0.560829722919179,1,0,0.781365814350925,-0.756321032880405,0.169927088600022,-0.207698474525451,-0.287758288825272,-0.924311211315714,Attchd,0.266088440802826,0.112703325214557,0.587251239587583,-0.303221177416915,-0.359600750132276,-0.103330530851366,-0.285935458023539,GdPrv,-0.0895919598967582,Normal,-2.23744784062252,1,2,2,4,3,3,0,3,3,7,6,1,2,3,2,3,0,1,0.297607266471232,12.0610468734799,200909
188,50,RL,0.0667136381510165,0.0306742075791956,Pave,NONE,Lvl,Inside,Gtl,OldTown,Norm,Norm,1Fam,1.5Fin,5,7,1916,HdBoard,HdBoard,None,-0.567015949674981,CBlock,0,0,660,660,GasA,0.268289832918241,SBrkr,0.857424756953509,0.306820330464309,0,0,0.781365814350925,1.23259887250509,0.169927088600022,-0.207698474525451,0.98684936683629,-0.924311211315714,Detchd,0.10150109326804,-1.35830279647963,-0.740760408320604,-0.702842766617084,-0.359600750132276,5.45578673319805,-0.285935458023539,MnPrv,-0.0895919598967582,Normal,0.44693779307133,1,2,2,4,2,3,0,2,2,5,1,1,0,3,3,1,0,1,-0.799602219893816,11.8130300574206,200911
189,90,RL,0.18620258416287,-0.399474484743884,Pave,NONE,Bnk,Inside,Gtl,SawyerW,Feedr,Norm,Duplex,SFoyer,5,5,1979,Plywood,Plywood,Stone,0.970809468697682,CBlock,1086,0,0,1086,GasA,0.268289832918241,SBrkr,-0.785025043886639,-0.546994756236526,2,0,-2.8360914609708,3.22151877789059,-1.04580127322219,4.45593111885755,-0.287758288825272,2.17157453260921,Detchd,0.241622754007115,0.256555658881811,0.207819340185244,-0.702842766617084,-0.359600750132276,-0.103330530851366,-0.285935458023539,NONE,-0.0895919598967582,Alloca,0.44693779307133,1,2,2,2,2,3,3,3,3,7,6,1,2,3,3,3,0,1,0.297607266471232,11.9403933925547,200909
190,120,RL,-0.500858855405285,-0.665147099843192,Pave,NONE,Lvl,Inside,Gtl,StoneBr,Norm,Norm,TwnhsE,1Story,8,5,2001,CemntBd,CmentBd,None,-0.567015949674981,PConc,1153,0,440,1593,GasA,0.268289832918241,SBrkr,-0.785025043886639,0.182305630320437,1,0,-1.02736282330994,1.23259887250509,-3.47725799686663,-0.207698474525451,-0.925062116656053,0.623631660646747,Attchd,0.290554127598537,0.971176929357851,-0.740760408320604,1.07325318538367,-0.359600750132276,-0.103330530851366,3.70162191179771,NONE,-0.0895919598967582,Normal,0.44693779307133,1,2,3,4,4,3,4,3,3,7,6,1,2,3,3,3,0,3,1.66911912442754,12.563747089802,200811
191,70,RL,0.365436003180649,0.0509642402359447,Pave,NONE,Bnk,Inside,Mod,Crawfor,Norm,Norm,1Fam,2Story,8,8,1932,BrkFace,BrkFace,None,-0.567015949674981,CBlock,297,0,556,853,GasA,0.268289832918241,SBrkr,1.96327874217827,2.42357023291013,0,0,0.781365814350925,1.23259887250509,0.169927088600022,-0.207698474525451,2.26145702249785,2.17157453260921,Detchd,0.137087546789075,-0.151799352818783,-0.740760408320604,0.392416403783379,-0.359600750132276,-0.103330530851366,-0.285935458023539,NONE,-0.0895919598967582,Normal,0.44693779307133,1,2,3,2,3,4,3,3,3,3,3,1,2,3,3,1,0,1,0.297607266471232,12.6603279178078,200704
192,60,RL,-1.72562055202678,-0.341901517080359,Pave,NONE,Lvl,CulDSac,Gtl,NAmes,Norm,Norm,1Fam,2Story,7,9,1972,HdBoard,HdBoard,BrkFace,0.204692805726574,CBlock,626,0,99,725,GasA,0.268289832918241,SBrkr,0.974076021217724,-0.0430066842256169,1,0,-1.02736282330994,1.23259887250509,1.38565545042224,-0.207698474525451,0.349545539005509,-0.924311211315714,Attchd,0.226053680591662,0.0523781530315144,-0.740760408320604,-0.229217179416884,-0.359600750132276,-0.103330530851366,-0.285935458023539,NONE,-0.0895919598967582,Normal,-2.23744784062252,1,2,2,3,3,3,0,3,3,7,5,1,2,3,2,1,0,3,-0.250997476711292,12.1226910365911,200709
193,20,RL,0.305691530174723,-0.145975889238626,Pave,NONE,Lvl,Inside,Gtl,CollgCr,Norm,Norm,1Fam,1Story,7,5,1999,VinylSd,VinylSd,None,-0.567015949674981,PConc,560,0,871,1431,GasA,0.268289832918241,SBrkr,-0.785025043886639,-0.137875027192376,1,0,0.781365814350925,-0.756321032880405,0.169927088600022,-0.207698474525451,-0.287758288825272,-0.924311211315714,Attchd,0.286105820908408,0.896930563594107,-0.740760408320604,-0.184814780616865,-0.359600750132276,-0.103330530851366,-0.285935458023539,NONE,-0.0895919598967582,Normal,0.44693779307133,1,2,3,4,3,3,0,3,3,7,6,1,2,3,2,3,0,3,0.297607266471232,12.1652506510099,200912
194,160,RM,-1.00868687595566,-0.969624402398532,Pave,NONE,Lvl,Inside,Gtl,Edwards,Norm,Norm,Twnhs,2Story,7,5,2004,VinylSd,VinylSd,Stone,-0.287411328152678,PConc,0,0,970,970,GasA,0.268289832918241,SBrkr,0.939080641938459,0.411570792490105,0,0,0.781365814350925,-0.756321032880405,0.169927088600022,-0.207698474525451,0.349545539005509,-0.924311211315714,Detchd,0.297226587633731,-0.430223224432824,-0.740760408320604,-0.110810782616833,-0.359600750132276,-0.103330530851366,-0.285935458023539,NONE,-0.0895919598967582,Normal,0.44693779307133,1,2,3,4,3,3,0,3,3,3,1,1,2,3,3,1,0,1,0.297607266471232,11.7752897294377,200608
195,20,RL,0.0667136381510165,-0.378930826678926,Pave,NONE,Lvl,Inside,Gtl,CollgCr,Norm,Norm,1Fam,1Story,5,7,1972,HdBoard,HdBoard,None,-0.567015949674981,CBlock,390,0,474,864,GasA,0.268289832918241,SBrkr,-0.785025043886639,-1.25850732848722,0,0,-1.02736282330994,-0.756321032880405,0.169927088600022,-0.207698474525451,-0.925062116656053,-0.924311211315714,Detchd,0.263864287457761,-0.560154364519377,-0.740760408320604,-0.702842766617084,-0.359600750132276,-0.103330530851366,-0.285935458023539,NONE,-0.0895919598967582,Normal,0.44693779307133,1,2,2,2,2,3,0,3,3,7,5,1,2,3,2,3,0,1,-0.250997476711292,11.7519423654407,200808
196,160,RL,-1.00868687595566,-1.00031307679187,Pave,NONE,Lvl,FR2,Gtl,NPkVill,Norm,Norm,Twnhs,2Story,6,6,1976,Plywood,Brk Cmn,None,-0.567015949674981,CBlock,566,0,289,855,GasA,0.268289832918241,SBrkr,0.617123152569226,-0.0884644318971892,0,0,0.781365814350925,1.23259887250509,0.169927088600022,-0.207698474525451,0.349545539005509,0.623631660646747,Attchd,0.234950293971921,-0.151799352818783,-0.0530400906538642,-0.702842766617084,-0.359600750132276,-0.103330530851366,-0.285935458023539,NONE,-0.0895919598967582,Normal,0.44693779307133,1,2,2,2,2,3,3,3,3,7,5,1,2,3,3,1,0,1,0.297607266471232,11.9083402372249,200910
197,20,RL,0.634286131707318,-0.0953776203008578,Pave,NONE,Lvl,Inside,Gtl,Somerst,Norm,Norm,1Fam,1Story,7,5,2007,CemntBd,CmentBd,Stone,0.579362998566459,PConc,1126,0,600,1726,GasA,0.268289832918241,SBrkr,-0.785025043886639,0.445169997290833,1,0,0.781365814350925,-0.756321032880405,0.169927088600022,-0.207698474525451,0.98684936683629,0.623631660646747,Attchd,0.303899047668925,1.45377830682219,0.610965733300229,1.33966757818378,-0.359600750132276,-0.103330530851366,4.44928891863919,NONE,-0.0895919598967582,Partial,0.44693779307133,1,2,4,4,4,3,4,3,3,7,6,1,2,3,3,1,0,3,1.66911912442754,12.6503481262032,200712
198,75,RL,3.47214859948883,1.93400608348636,Pave,NONE,Lvl,Corner,Gtl,NAmes,Artery,Norm,1Fam,2Story,8,4,1918,Stucco,Stucco,None,-0.567015949674981,PConc,1036,184,140,1360,GasA,0.268289832918241,SBrkr,2.38788934410001,3.18449340045601,1,1,0.781365814350925,-0.756321032880405,1.38565545042224,-0.207698474525451,0.98684936683629,0.623631660646747,Detchd,0.10594939995817,1.4955418875643,-0.740760408320604,-0.466029973016984,8.23408063155874,-0.103330530851366,-0.285935458023539,GdPrv,-0.0895919598967582,Abnorml,0.44693779307133,1,3,3,3,3,3,5,3,3,7,6,2,2,3,3,1,4,1,-0.250997476711292,12.3673407931263,200606
199,75,RM,1.02262520624584,-0.589439915492697,Pave,NONE,Lvl,Corner,Gtl,OldTown,Norm,Norm,1Fam,2.5Fin,6,6,1912,Wd Sdng,Wd Sdng,None,-0.567015949674981,CBlock,0,0,755,755,GasA,0.268289832918241,SBrkr,1.38235544614248,1.43931117463,0,0,-1.02736282330994,-0.756321032880405,2.60138381224446,-0.207698474525451,0.98684936683629,-0.924311211315714,NONE,-4.15997671587587,-2.19357441132175,-0.740760408320604,2.22771555418416,0.107447151046583,-0.103330530851366,-0.285935458023539,MnPrv,-0.0895919598967582,Abnorml,0.44693779307133,1,2,2,4,2,3,0,0,0,7,1,1,2,3,3,1,0,0,-0.250997476711292,11.5521461781235,200910
200,20,RL,0.544669422198429,-0.0731853970825385,Pave,NONE,Lvl,Inside,Gtl,NridgHt,Norm,Norm,1Fam,1Story,8,5,2004,VinylSd,VinylSd,BrkFace,0.898112267101883,PConc,1088,0,625,1713,GasA,0.268289832918241,SBrkr,-0.785025043886639,0.419476487737335,1,0,0.781365814350925,-0.756321032880405,0.169927088600022,-0.207698474525451,0.349545539005509,0.623631660646747,Attchd,0.297226587633731,1.77860615703857,-0.740760408320604,-0.318021977016921,-0.359600750132276,-0.103330530851366,2.74033576014437,NONE,-0.0895919598967582,Normal,0.44693779307133,1,2,3,4,4,3,4,3,3,7,6,1,2,3,3,3,0,3,1.66911912442754,12.5241626741533,200901
201,20,RM,0.664158368210282,-0.205704672871931,Pave,NONE,Lvl,Corner,Gtl,Edwards,Norm,Norm,1Fam,1Story,4,5,2003,VinylSd,VinylSd,None,-0.567015949674981,PConc,0,0,1121,1121,GasA,0.268289832918241,SBrkr,-0.785025043886639,-0.750566408852698,0,0,0.781365814350925,-0.756321032880405,-1.04580127322219,-0.207698474525451,-0.925062116656053,-0.924311211315714,Attchd,0.295002434288667,-0.151799352818783,0.302677315035829,0.244408407783317,-0.359600750132276,-0.103330530851366,-0.285935458023539,NONE,-0.0895919598967582,Normal,0.44693779307133,1,2,2,4,2,3,0,3,3,7,1,1,2,3,3,1,0,2,0.297607266471232,11.8493977015914,201006
202,20,RL,0.514797185695465,-0.00546741309063861,Pave,NONE,Lvl,Inside,Gtl,Mitchel,Norm,Norm,1Fam,1Story,6,6,1977,Plywood,Plywood,None,-0.567015949674981,CBlock,641,279,276,1196,GasA,0.268289832918241,SBrkr,-0.785025043886639,-0.438291446587115,0,1,0.781365814350925,-0.756321032880405,0.169927088600022,-0.207698474525451,-0.287758288825272,2.17157453260921,Detchd,0.243846907352179,0.00133377656894009,1.14058942621599,0.525623600183436,-0.359600750132276,-0.103330530851366,-0.285935458023539,MnPrv,-0.0895919598967582,Normal,0.44693779307133,1,2,2,2,2,3,2,3,3,7,5,2,2,3,3,1,0,1,-0.250997476711292,12.0523385455881,200805
203,50,RL,-0.232008726878616,-0.401757113417768,Pave,NONE,Lvl,Corner,Gtl,OldTown,Artery,Norm,1Fam,1.5Fin,6,6,1924,MetalSd,MetalSd,None,-0.567015949674981,BrkTil,617,0,0,617,GasA,0.268289832918241,SBrkr,0.253171208064875,-0.377022308421082,0,0,0.781365814350925,-0.756321032880405,-1.04580127322219,-0.207698474525451,-0.287758288825272,-0.924311211315714,Attchd,0.119294320028558,-0.346696062948612,-0.740760408320604,-0.702842766617084,1.60200043481893,-0.103330530851366,-0.285935458023539,NONE,-0.0895919598967582,Normal,0.44693779307133,1,3,2,3,2,3,0,3,3,6,2,1,2,3,3,1,0,1,-0.799602219893816,11.6262541502772,200608
204,120,RM,-1.72562055202678,-0.726651261333963,Pave,NONE,Lvl,Inside,Gtl,CollgCr,Norm,Norm,TwnhsE,1Story,6,5,2004,VinylSd,VinylSd,BrkFace,0.579362998566459,PConc,662,0,186,848,GasA,0.268289832918241,SBrkr,-0.785025043886639,-1.29013010947614,1,0,-1.02736282330994,-0.756321032880405,-2.26152963504441,-0.207698474525451,-2.19966977231761,0.623631660646747,Attchd,0.297226587633731,-0.244607310023463,0.437059446074157,-0.702842766617084,-0.359600750132276,-0.103330530851366,-0.285935458023539,NONE,-0.0895919598967582,Normal,-2.23744784062252,1,2,3,4,3,3,4,3,3,7,6,1,2,3,3,3,0,2,0.297607266471232,11.9117015849276,200801
205,50,RM,-0.232008726878616,-0.845601577784154,Pave,Grvl,Lvl,Inside,Gtl,OldTown,Norm,Norm,1Fam,1.5Fin,5,7,1947,AsbShng,AsbShng,None,-0.567015949674981,CBlock,312,0,408,720,GasA,0.268289832918241,SBrkr,0.530801217013707,-0.428409327528077,0,0,-1.02736282330994,1.23259887250509,-1.04580127322219,-0.207698474525451,-0.925062116656053,-0.924311211315714,Detchd,0.17267400031011,-1.07987892486559,-0.740760408320604,-0.184814780616865,-0.359600750132276,-0.103330530851366,-0.285935458023539,MnWw,-0.0895919598967582,Normal,0.44693779307133,1,2,2,2,2,3,0,3,3,7,2,1,2,3,3,1,0,1,-0.250997476711292,11.6082356447746,200907
206,20,RL,1.23173086176658,0.213411314194042,Pave,NONE,Lvl,Corner,Gtl,Gilbert,Norm,Norm,1Fam,1Story,7,5,1990,HdBoard,HdBoard,None,-0.567015949674981,PConc,0,0,1424,1424,GasA,0.268289832918241,SBrkr,-0.785025043886639,-0.116134365262494,0,0,0.781365814350925,-0.756321032880405,0.169927088600022,-0.207698474525451,-0.925062116656053,-0.924311211315714,Attchd,0.266088440802826,0.126624518795259,-0.740760408320604,-0.199615580216871,-0.359600750132276,20.0683235415565,-0.285935458023539,NONE,-0.0895919598967582,Normal,0.44693779307133,1,2,2,4,2,3,0,3,3,7,1,1,2,3,3,1,0,2,0.297607266471232,12.1034860567551,200908
207,20,RL,-0.530731091908249,0.444464061072771,Pave,NONE,Lvl,CulDSac,Gtl,Sawyer,RRAe,Norm,1Fam,1Story,5,5,1962,HdBoard,HdBoard,None,-0.567015949674981,CBlock,0,0,1140,1140,GasA,0.268289832918241,SBrkr,-0.785025043886639,0.385877282936608,0,0,-1.02736282330994,1.23259887250509,0.169927088600022,-0.207698474525451,0.98684936683629,0.623631660646747,Attchd,0.203812147141015,-0.574075558100079,-0.740760408320604,-0.258818778616896,-0.359600750132276,-0.103330530851366,-0.285935458023539,NONE,-0.0895919598967582,Normal,0.44693779307133,1,3,2,2,2,3,3,3,3,5,1,1,2,3,2,1,0,2,-0.250997476711292,11.8768738928755,200706
208,20,RL,-1.72562055202678,0.294825070229247,Pave,NONE,Lvl,Inside,Gtl,NAmes,Norm,Norm,1Fam,1Story,4,5,1960,Wd Sdng,Wd Sdng,None,-0.567015949674981,PConc,419,306,375,1100,GasA,0.268289832918241,SBrkr,-0.785025043886639,-0.792071308900655,1,0,-1.02736282330994,-0.756321032880405,0.169927088600022,-0.207698474525451,-0.287758288825272,0.623631660646747,Attchd,0.199363840450886,-0.745770278928738,2.0654546810092,-0.702842766617084,-0.359600750132276,-0.103330530851366,-0.285935458023539,GdWo,-0.0895919598967582,Normal,-2.23744784062252,1,2,2,2,2,3,1,3,3,7,5,3,2,3,2,1,0,2,-0.250997476711292,11.8565151693603,200807
209,60,RL,-1.72562055202678,0.532091639609106,Pave,NONE,Low,Inside,Mod,SawyerW,Norm,Norm,1Fam,2Story,7,5,1988,Plywood,Plywood,BrkFace,0.148771881422113,CBlock,1065,0,92,1157,GasA,0.268289832918241,SBrkr,1.27270325773411,1.10924839805815,1,0,0.781365814350925,1.23259887250509,0.169927088600022,-0.207698474525451,0.349545539005509,0.623631660646747,Attchd,0.261640134112697,-0.0868337827755064,-0.26647053406768,0.11120121138326,-0.359600750132276,-0.103330530851366,2.45551023372857,NONE,-0.0895919598967582,Normal,-2.23744784062252,1,2,3,4,2,3,4,3,3,7,6,1,2,3,2,4,0,3,0.297607266471232,12.5317727851695,200707
210,20,RL,0.514797185695465,-0.243241233286916,Pave,NONE,Lvl,Inside,Gtl,NAmes,Norm,Norm,1Fam,1Story,6,7,1964,HdBoard,HdBoard,Stone,0.886928082240991,CBlock,787,0,305,1092,GasA,0.268289832918241,SBrkr,-0.785025043886639,-0.807882699395115,1,0,-1.02736282330994,-0.756321032880405,0.169927088600022,-0.207698474525451,-0.287758288825272,-0.924311211315714,Attchd,0.208260453831144,0.145186110236195,-0.740760408320604,-0.702842766617084,-0.359600750132276,-0.103330530851366,-0.285935458023539,MnPrv,-0.0895919598967582,Normal,0.44693779307133,1,2,2,4,2,3,0,3,4,7,3,1,2,3,3,1,0,2,0.297607266471232,11.8844890214027,200810
211,30,RL,0.275819293671759,-0.578787648347904,Pave,NONE,Lvl,Inside,Gtl,Edwards,Norm,Norm,1Fam,1Story,5,6,1925,Stucco,Stucco,None,-0.567015949674981,CBlock,468,0,396,864,GasA,-3.72731232161413,FuseA,-0.785025043886639,-1.25850732848722,1,0,-1.02736282330994,-0.756321032880405,-1.04580127322219,-0.207698474525451,-0.925062116656053,-0.924311211315714,NONE,-4.15997671587587,-2.19357441132175,-0.740760408320604,-0.702842766617084,1.13495253364007,-0.103330530851366,-0.285935458023539,NONE,-0.0895919598967582,Normal,0.44693779307133,1,2,2,2,2,3,0,0,0,7,3,1,2,3,3,1,0,0,-0.250997476711292,11.4927227576527,200807
212,20,RL,0.753775077719171,0.0319423346202425,Pave,NONE,Lvl,Corner,Gtl,Edwards,Norm,Norm,1Fam,1Story,6,5,2009,VinylSd,VinylSd,None,-0.567015949674981,PConc,36,0,1176,1212,GasA,0.268289832918241,SBrkr,-0.785025043886639,-0.570711841978216,0,0,0.781365814350925,-0.756321032880405,0.169927088600022,-0.207698474525451,-0.287758288825272,-0.924311211315714,Attchd,0.308347354359055,-0.0589913956141022,0.0497227154342694,-0.377225175416946,-0.359600750132276,-0.103330530851366,-0.285935458023539,NONE,-0.0895919598967582,Normal,0.44693779307133,1,2,2,4,3,3,0,3,3,7,6,1,2,3,3,2,0,2,0.297607266471232,12.1335019526953,201006
213,60,FV,0.425180476186576,-0.193784278686091,Pave,NONE,Lvl,Inside,Gtl,Somerst,Norm,Norm,1Fam,2Story,7,5,2009,VinylSd,VinylSd,None,-0.567015949674981,PConc,822,0,78,900,GasA,0.268289832918241,SBrkr,1.36135821857492,0.694199397578576,1,0,0.781365814350925,1.23259887250509,0.169927088600022,-0.207698474525451,0.349545539005509,0.623631660646747,Attchd,0.308347354359055,0.794841810668958,0.587251239587583,0.895643590183592,-0.359600750132276,-0.103330530851366,-0.285935458023539,NONE,-0.0895919598967582,Partial,0.44693779307133,1,2,2,4,3,3,3,3,3,7,6,1,2,3,3,1,0,2,0.297607266471232,12.4398712298317,200910
214,20,RL,-0.441114382399359,0.43114872714178,Pave,NONE,Lvl,CulDSac,Gtl,CollgCr,Norm,Norm,1Fam,1Story,5,5,1995,VinylSd,VinylSd,None,-0.567015949674981,PConc,716,0,274,990,GasA,0.268289832918241,SBrkr,-0.785025043886639,-1.00947792819948,0,1,-1.02736282330994,-0.756321032880405,0.169927088600022,-0.207698474525451,-0.925062116656053,-0.924311211315714,Attchd,0.279433360873214,0.479294756173045,1.02992178889031,-0.702842766617084,-0.359600750132276,-0.103330530851366,-0.285935458023539,NONE,-0.0895919598967582,Normal,0.44693779307133,1,2,2,4,2,3,0,3,3,7,5,1,2,3,1,1,0,1,0.297607266471232,11.9576112862317,200610
215,60,RL,-1.72562055202678,0.0928124325904896,Pave,NONE,Lvl,FR2,Gtl,CollgCr,Norm,Norm,1Fam,2Story,6,7,1977,HdBoard,HdBoard,BrkFace,0.288574192183264,CBlock,378,0,311,689,GasA,0.268289832918241,SBrkr,0.855091731668225,-0.214955555852868,0,0,-1.02736282330994,1.23259887250509,0.169927088600022,-0.207698474525451,-0.287758288825272,-0.924311211315714,Attchd,0.237174447316985,-0.80609545111178,-0.740760408320604,-0.170013981016859,-0.359600750132276,-0.103330530851366,-0.285935458023539,MnPrv,0.703632128120893,Normal,-2.23744784062252,1,2,2,4,2,3,0,3,3,7,6,1,2,3,2,1,0,3,0.297607266471232,11.9938072123631,201006
216,20,RL,0.425180476186576,-0.0199240613585723,Pave,NONE,Lvl,Inside,Gtl,NAmes,Norm,Norm,1Fam,1Story,5,6,1957,HdBoard,HdBoard,BrkFace,-0.209122034126434,CBlock,360,0,710,1070,GasA,0.268289832918241,SBrkr,-0.785025043886639,-0.523277670494837,0,1,-1.02736282330994,-0.756321032880405,-1.04580127322219,-0.207698474525451,-0.287758288825272,0.623631660646747,Attchd,0.192691380415692,-0.119316567797145,-0.740760408320604,-0.702842766617084,-0.359600750132276,-0.103330530851366,-0.285935458023539,MnPrv,-0.0895919598967582,Normal,0.44693779307133,1,2,2,2,3,3,2,3,3,6,4,1,2,3,2,1,0,1,-0.250997476711292,11.808947661697,200608
217,20,RL,0.216074820665833,-0.21787869246598,Pave,NONE,Lvl,Inside,Gtl,CollgCr,Norm,Norm,1Fam,1Story,7,5,2004,VinylSd,VinylSd,BrkFace,0.920480636823668,PConc,946,0,490,1436,GasA,0.268289832918241,SBrkr,-0.785025043886639,-0.127992908133339,1,0,0.781365814350925,-0.756321032880405,0.169927088600022,-0.207698474525451,0.98684936683629,-0.924311211315714,Attchd,0.297226587633731,0.0523781530315144,0.35801113369867,0.74763559418353,-0.359600750132276,-0.103330530851366,-0.285935458023539,NONE,-0.0895919598967582,Normal,0.44693779307133,1,2,3,4,3,3,0,3,3,7,6,1,2,3,3,2,0,1,0.297607266471232,12.2548628096996,200807
218,70,RM,-0.0229030713578732,-0.0332393952895639,Pave,Grvl,Lvl,Inside,Gtl,OldTown,Norm,Norm,1Fam,2Story,4,4,1925,MetalSd,MetalSd,None,-0.567015949674981,CBlock,0,0,686,686,GasA,-3.72731232161413,SBrkr,0.423482053890629,-0.341446679808548,0,0,-1.02736282330994,-0.756321032880405,0.169927088600022,-0.207698474525451,0.98684936683629,-0.924311211315714,Detchd,0.154880773549592,-1.21909086067261,-0.740760408320604,1.84289476458399,0.574495052225443,-0.103330530851366,-0.285935458023539,NONE,-0.0895919598967582,Family,0.44693779307133,1,2,2,1,2,3,0,3,3,7,1,1,2,3,3,1,0,1,-0.250997476711292,11.580584113444,200612
219,50,RL,-1.72562055202678,0.696440904128774,Pave,NONE,Lvl,Corner,Gtl,Crawfor,Norm,Norm,1Fam,1.5Fin,7,9,1939,VinylSd,VinylSd,BrkFace,1.17771688862419,CBlock,341,0,457,798,GasA,0.268289832918241,SBrkr,1.12105661419064,0.89579462638294,0,1,-1.02736282330994,1.23259887250509,0.169927088600022,-0.207698474525451,0.98684936683629,2.17157453260921,Attchd,0.152656620204528,-0.193562933560889,-0.740760408320604,1.05845238578366,1.97563875576202,-0.103330530851366,-0.285935458023539,NONE,-0.0895919598967582,Normal,-2.23744784062252,1,3,3,4,3,3,3,3,3,7,4,1,2,3,2,1,0,1,-0.250997476711292,12.6491546172096,200808
220,120,RL,-0.441114382399359,-0.907739802795448,Pave,NONE,Lvl,Inside,Gtl,Blmngtn,Norm,Norm,TwnhsE,1Story,7,5,2005,VinylSd,VinylSd,BrkFace,-0.477542470787844,PConc,16,0,1232,1248,GasA,0.268289832918241,SBrkr,-0.785025043886639,-0.499560584753147,0,0,0.781365814350925,-0.756321032880405,-1.04580127322219,-0.207698474525451,-0.925062116656053,-0.924311211315714,Attchd,0.299450740978796,-0.161080148539251,0.112961365334659,-0.702842766617084,-0.359600750132276,-0.103330530851366,-0.285935458023539,NONE,-0.0895919598967582,Partial,0.44693779307133,1,2,3,4,3,3,0,3,3,7,6,1,2,3,3,3,0,3,0.297607266471232,12.0271851854705,200606
221,20,RL,0.455052712689539,-0.149399832249452,Pave,NONE,Lvl,Inside,Gtl,CollgCr,Norm,Norm,1Fam,1Story,7,5,2006,VinylSd,VinylSd,None,-0.567015949674981,PConc,0,0,1498,1498,GasA,0.268289832918241,SBrkr,-0.785025043886639,-0.00545463180127465,0,0,0.781365814350925,-0.756321032880405,-1.04580127322219,-0.207698474525451,-0.925062116656053,-0.924311211315714,Attchd,0.301674894323861,0.938694144336213,2.033835356059,-0.214416379816877,-0.359600750132276,-0.103330530851366,-0.285935458023539,NONE,-0.0895919598967582,Partial,0.44693779307133,1,2,3,4,3,3,0,3,3,7,1,1,2,3,2,2,0,2,0.297607266471232,12.230277334227,200607
222,60,RL,-1.72562055202678,-0.266321145433969,Pave,NONE,Lvl,Inside,Gtl,Gilbert,Norm,Norm,1Fam,2Story,6,5,2002,VinylSd,VinylSd,None,-0.567015949674981,PConc,0,0,1010,1010,GasA,0.268289832918241,SBrkr,2.14758773971573,1.51441527947868,0,0,0.781365814350925,1.23259887250509,1.38565545042224,-0.207698474525451,0.98684936683629,0.623631660646747,BuiltIn,0.292778280943602,-0.383819245830484,0.207819340185244,-0.0220059850167959,-0.359600750132276,-0.103330530851366,-0.285935458023539,NONE,-0.0895919598967582,Normal,-2.23744784062252,1,2,3,4,3,3,3,3,3,7,1,1,2,3,2,1,0,2,0.297607266471232,12.2060726455302,200904
223,60,RL,0.813519550725098,0.165729737450681,Pave,NONE,Lvl,Inside,Gtl,NWAmes,RRAn,Norm,1Fam,2Story,6,6,1975,VinylSd,VinylSd,None,-0.567015949674981,CBlock,550,0,163,713,GasA,0.268289832918241,SBrkr,0.943746692509028,0.10127225403633,1,0,0.781365814350925,1.23259887250509,0.169927088600022,-0.207698474525451,-0.287758288825272,0.623631660646747,Attchd,0.232726140626856,-0.179641739980187,0.911349320327081,2.37572355018422,-0.359600750132276,-0.103330530851366,-0.285935458023539,MnPrv,-0.0895919598967582,Normal,0.44693779307133,1,2,2,2,2,3,3,3,3,7,5,1,2,3,3,1,0,2,0.297607266471232,12.1001564199386,200605
224,20,RL,0.365436003180649,0.042087350948617,Pave,NONE,Lvl,FR2,Gtl,NAmes,Norm,Norm,1Fam,1Story,4,6,1971,HdBoard,HdBoard,None,-0.567015949674981,CBlock,524,180,160,864,GasA,0.268289832918241,SBrkr,-0.785025043886639,-1.25850732848722,0,0,-1.02736282330994,-0.756321032880405,-1.04580127322219,-0.207698474525451,-1.56236594448683,-0.924311211315714,Detchd,0.263864287457761,0.479294756173045,0.966683138989922,-0.702842766617084,-0.359600750132276,-0.103330530851366,-0.285935458023539,NONE,-0.0895919598967582,Abnorml,0.44693779307133,1,2,2,3,2,3,0,3,3,7,5,2,2,3,3,1,0,1,-0.250997476711292,11.4824662574855,200906
225,20,RL,1.35121980777844,0.418974707547731,Pave,NONE,Lvl,Inside,Gtl,NridgHt,Norm,Norm,1Fam,1Story,10,5,2003,VinylSd,VinylSd,BrkFace,4.58889327119627,PConc,56,0,2336,2392,GasA,0.268289832918241,SBrkr,-0.785025043886639,1.76146825595462,0,0,0.781365814350925,-0.756321032880405,0.169927088600022,-0.207698474525451,0.98684936683629,0.623631660646747,Attchd,0.295002434288667,2.29833071738478,1.21963773859148,0.851241191383573,-0.359600750132276,-0.103330530851366,-0.285935458023539,NONE,-0.0895919598967582,Normal,0.44693779307133,1,2,4,4,4,3,5,3,3,7,6,1,2,3,3,4,0,3,1.66911912442754,12.8642401071941,200909
226,160,RM,-1.09830358546455,-1.07640069925467,Pave,NONE,Lvl,Inside,Gtl,BrDale,Norm,Norm,Twnhs,2Story,5,5,1971,HdBoard,HdBoard,BrkFace,0.227061175448358,CBlock,0,0,630,630,GasA,0.268289832918241,SBrkr,0.782767947824411,-0.392833698915542,0,0,0.781365814350925,1.23259887250509,0.169927088600022,-0.207698474525451,-0.287758288825272,-0.924311211315714,Detchd,0.268312594147891,-0.894263010456227,-0.740760408320604,-0.702842766617084,-0.359600750132276,-0.103330530851366,-0.285935458023539,NONE,-0.0895919598967582,Abnorml,0.44693779307133,1,2,2,2,2,3,0,3,3,7,1,1,2,3,3,1,0,1,-0.250997476711292,11.6262541502772,200908
227,60,RL,0.723902841216208,-0.0276596363089579,Pave,NONE,Lvl,Inside,Gtl,NoRidge,Norm,Norm,1Fam,2Story,7,5,1995,VinylSd,VinylSd,BrkFace,1.05469085515437,PConc,565,0,638,1203,GasA,0.268289832918241,SBrkr,2.26190597869466,2.01445050386598,0,0,0.781365814350925,1.23259887250509,1.38565545042224,-0.207698474525451,1.62415319466707,0.623631660646747,Attchd,0.277209207528149,1.15215244590698,1.02992178889031,0.98444838778363,-0.359600750132276,-0.103330530851366,-0.285935458023539,NONE,-0.0895919598967582,Abnorml,0.44693779307133,1,2,3,4,3,3,3,3,3,7,6,1,2,3,2,1,0,2,0.297607266471232,12.5776362019627,200709
228,160,RM,-1.09830358546455,-1.05243309817889,Pave,NONE,Lvl,Inside,Gtl,BrDale,Norm,Norm,Twnhs,2Story,6,6,1970,HdBoard,HdBoard,BrkFace,0.143179788991667,CBlock,321,0,162,483,GasA,0.268289832918241,SBrkr,0.390819699896649,-1.0154071996349,0,0,-1.02736282330994,1.23259887250509,-1.04580127322219,-0.207698474525451,-0.925062116656053,-0.924311211315714,Detchd,0.259415980767632,-0.894263010456227,-0.740760408320604,-0.702842766617084,-0.359600750132276,-0.103330530851366,-0.285935458023539,NONE,-0.0895919598967582,Normal,0.44693779307133,1,2,2,2,2,3,0,3,3,7,3,1,2,3,3,1,0,1,-0.250997476711292,11.5711943730942,200812
229,20,RL,0.365436003180649,-0.208874990474548,Pave,NONE,Lvl,FR2,Gtl,Sawyer,Feedr,Norm,1Fam,1Story,5,5,1967,HdBoard,HdBoard,None,-0.567015949674981,CBlock,842,0,70,912,GasA,0.268289832918241,SBrkr,-0.785025043886639,-1.16363898552046,0,0,-1.02736282330994,-0.756321032880405,0.169927088600022,-0.207698474525451,-0.925062116656053,0.623631660646747,Detchd,0.230501987281791,-0.634400730283121,-0.740760408320604,-0.702842766617084,-0.359600750132276,-0.103330530851366,-0.285935458023539,MnPrv,-0.0895919598967582,Normal,0.44693779307133,1,2,2,2,2,3,2,3,3,7,5,1,2,3,3,1,0,1,-0.250997476711292,11.7360690162844,201008
230,120,RL,-0.441114382399359,-0.885928017689443,Pave,NONE,Lvl,Inside,Gtl,Blmngtn,Norm,Norm,TwnhsE,1Story,7,5,2005,VinylSd,VinylSd,BrkFace,-0.477542470787844,PConc,16,0,1357,1373,GasA,0.268289832918241,SBrkr,-0.785025043886639,0.107201525471752,0,0,0.781365814350925,-0.756321032880405,-1.04580127322219,-0.207698474525451,0.349545539005509,0.623631660646747,Attchd,0.299450740978796,-0.198203331421123,0.389630458648865,-0.406826774616959,-0.359600750132276,-0.103330530851366,-0.285935458023539,NONE,-0.0895919598967582,Normal,0.44693779307133,1,2,3,4,3,3,3,3,3,7,6,1,2,3,3,3,0,3,0.297607266471232,12.16785143271,200908
231,20,RL,0.455052712689539,-0.178566754193529,Pave,NONE,Lvl,Inside,Gtl,NAmes,Norm,Norm,1Fam,1Story,6,6,1959,MetalSd,MetalSd,BrkFace,0.66324438502315,CBlock,0,0,1194,1194,GasA,0.268289832918241,SBrkr,-0.785025043886639,-0.606287470590751,1,0,-1.02736282330994,-0.756321032880405,0.169927088600022,-0.207698474525451,-0.287758288825272,-0.924311211315714,Attchd,0.197139687105821,-0.745770278928738,-0.740760408320604,-0.702842766617084,1.50859085458316,-0.103330530851366,-0.285935458023539,NONE,-0.0895919598967582,Normal,0.44693779307133,1,2,2,2,2,3,0,3,3,7,1,1,2,3,3,1,0,2,-0.250997476711292,11.9049675527463,201007
232,60,RL,3.47214859948883,0.63024467258613,Pave,NONE,Lvl,Inside,Gtl,NoRidge,Norm,Norm,1Fam,2Story,8,5,1995,VinylSd,VinylSd,BrkFace,2.26258282013072,PConc,689,0,773,1462,GasA,0.268289832918241,SBrkr,2.25723992812409,2.55599062830123,1,0,0.781365814350925,1.23259887250509,1.38565545042224,-0.207698474525451,1.62415319466707,0.623631660646747,Attchd,0.277209207528149,1.56514785546781,-0.740760408320604,1.45807397498383,2.78518845113871,-0.103330530851366,-0.285935458023539,NONE,-0.0895919598967582,Normal,0.44693779307133,1,2,3,4,4,3,3,3,3,7,6,1,2,3,2,1,0,3,0.297607266471232,12.9066918409288,200910
233,160,RM,-1.09830358546455,-1.07640069925467,Pave,NONE,Lvl,Inside,Gtl,BrDale,Norm,Norm,Twnhs,2Story,6,5,1972,HdBoard,HdBoard,BrkFace,1.0938355021675,CBlock,0,0,483,483,GasA,0.268289832918241,SBrkr,0.390819699896649,-1.0154071996349,0,0,-1.02736282330994,1.23259887250509,-1.04580127322219,-0.207698474525451,-0.925062116656053,0.623631660646747,Attchd,0.226053680591662,-0.857139827574354,-0.740760408320604,-0.702842766617084,-0.359600750132276,-0.103330530851366,-0.285935458023539,NONE,-0.0895919598967582,Normal,0.44693779307133,1,2,2,2,2,3,1,3,3,7,1,1,2,3,3,1,0,1,-0.250997476711292,11.4563551134818,200609
234,20,RL,0.514797185695465,0.0611092565643192,Pave,NONE,Lvl,Corner,Gtl,CollgCr,Norm,Norm,1Fam,1Story,5,6,1976,HdBoard,HdBoard,None,-0.567015949674981,CBlock,182,712,0,894,GasA,0.268289832918241,SBrkr,-0.785025043886639,-1.199214614133,1,0,-1.02736282330994,-0.756321032880405,0.169927088600022,-0.207698474525451,-0.925062116656053,-0.924311211315714,Attchd,0.234950293971921,-0.764331870369674,2.14450299338468,-0.702842766617084,-0.359600750132276,-0.103330530851366,-0.285935458023539,MnPrv,-0.0895919598967582,Normal,0.44693779307133,1,2,2,2,2,4,0,3,3,7,2,5,2,3,3,3,0,1,-0.250997476711292,11.7613468234687,201005
235,60,RL,-1.72562055202678,-0.293839502224684,Pave,NONE,Lvl,Inside,Gtl,Gilbert,Norm,Norm,1Fam,2Story,6,5,2002,VinylSd,VinylSd,NONE,-0.567015949674981,PConc,625,0,235,860,GasA,0.268289832918241,SBrkr,1.78130276992609,0.907653169253785,1,0,0.781365814350925,1.23259887250509,1.38565545042224,-0.207698474525451,0.98684936683629,2.17157453260921,BuiltIn,0.292778280943602,-0.151799352818783,1.53583098809343,0.00759561418321662,-0.359600750132276,-0.103330530851366,-0.285935458023539,NONE,-0.0895919598967582,Normal,-2.23744784062252,1,2,3,4,3,3,3,3,3,7,6,1,2,3,3,1,0,3,0.297607266471232,12.2853458264247,201008
236,160,RM,-1.09830358546455,-1.07640069925467,Pave,NONE,Lvl,Inside,Gtl,BrDale,Norm,Norm,TwnhsE,2Story,6,3,1971,HdBoard,HdBoard,BrkFace,2.81060787831443,CBlock,358,0,125,483,GasA,0.268289832918241,SBrkr,0.390819699896649,-1.0154071996349,0,0,-1.02736282330994,1.23259887250509,-1.04580127322219,-0.207698474525451,-0.925062116656053,-0.924311211315714,Detchd,0.223829527246597,-0.968509376219971,-0.740760408320604,-0.702842766617084,-0.359600750132276,-0.103330530851366,-0.285935458023539,NONE,-0.0895919598967582,Normal,0.44693779307133,1,2,2,2,2,3,0,3,3,7,5,1,2,3,3,1,0,1,-0.250997476711292,11.4019939042629,200811
237,20,RL,0.216074820665833,-0.176918189040168,Pave,NONE,Lvl,FR2,Gtl,CollgCr,Norm,Norm,1Fam,1Story,7,5,2004,VinylSd,VinylSd,BrkFace,-0.0189908914912681,PConc,24,0,1390,1414,GasA,0.268289832918241,SBrkr,-0.785025043886639,-0.171474231993104,0,0,0.781365814350925,-0.756321032880405,0.169927088600022,-0.207698474525451,-0.287758288825272,-0.924311211315714,Attchd,0.297226587633731,0.0987821316338546,0.302677315035829,0.851241191383573,-0.359600750132276,-0.103330530851366,-0.285935458023539,NONE,-0.0895919598967582,Normal,0.44693779307133,1,2,3,4,3,3,0,3,3,7,6,1,2,3,3,3,0,2,0.297607266471232,12.1308101610296,201008
238,60,RL,-1.72562055202678,-0.0906855502489846,Pave,NONE,Lvl,CulDSac,Gtl,SawyerW,RRNe,Norm,1Fam,2Story,7,7,1993,HdBoard,HdBoard,None,-0.567015949674981,PConc,402,0,594,996,GasA,0.268289832918241,SBrkr,0.918083414370901,0.480745625903368,0,0,0.781365814350925,1.23259887250509,0.169927088600022,-0.207698474525451,0.349545539005509,-0.924311211315714,Attchd,0.27276090083802,-0.0729125891948043,2.18402714957243,0.333213205383354,-0.359600750132276,9.34716881803265,-0.285935458023539,NONE,-0.0895919598967582,Normal,-2.23744784062252,1,2,3,4,3,3,0,3,3,7,4,1,2,3,2,1,0,2,0.297607266471232,12.1781874420406,201005
239,20,RL,1.0524974427488,0.23611078822878,Pave,NONE,Lvl,Inside,Gtl,NridgHt,Norm,Norm,1Fam,1Story,8,5,2007,VinylSd,VinylSd,BrkFace,0.853375527658315,PConc,0,0,1694,1694,GasA,0.268289832918241,SBrkr,-0.785025043886639,0.381924435312993,0,0,0.781365814350925,-0.756321032880405,0.169927088600022,-0.207698474525451,0.349545539005509,-0.924311211315714,Attchd,0.303899047668925,1.60227103834968,0.587251239587583,2.67173954218434,-0.359600750132276,-0.103330530851366,-0.285935458023539,NONE,-0.0895919598967582,Partial,0.44693779307133,1,2,4,4,3,3,0,3,3,7,1,1,2,3,3,1,0,3,1.66911912442754,12.6698066617623,200704
240,50,RL,-0.172264253872689,-0.180976195571518,Pave,NONE,Lvl,Inside,Gtl,Edwards,Norm,Norm,1Fam,1.5Fin,6,4,1945,VinylSd,VinylSd,None,-0.567015949674981,CBlock,94,0,641,735,GasA,0.268289832918241,FuseA,0.822429377674244,-0.027195293731157,0,0,-1.02736282330994,1.23259887250509,0.169927088600022,-0.207698474525451,0.349545539005509,0.623631660646747,Detchd,0.174898153655174,-1.17268688207027,-0.740760408320604,1.36926917738379,-0.359600750132276,-0.103330530851366,-0.285935458023539,MnPrv,-0.0895919598967582,Normal,0.44693779307133,1,2,2,2,2,2,4,3,3,7,2,1,2,3,3,1,0,1,-0.250997476711292,11.6351430976945,201007
241,20,FV,0.514797185695465,-0.148131705208405,Pave,NONE,Lvl,Inside,Gtl,Somerst,Norm,Norm,1Fam,1Story,8,5,2008,VinylSd,VinylSd,Stone,-0.365700622178923,PConc,1078,0,488,1566,GasA,0.268289832918241,SBrkr,-0.785025043886639,0.128942187401635,1,0,0.781365814350925,-0.756321032880405,0.169927088600022,-0.207698474525451,0.349545539005509,-0.924311211315714,Attchd,0.30612320101399,1.28672398385377,0.397535289886414,1.78369156618397,-0.359600750132276,-0.103330530851366,-0.285935458023539,NONE,-0.0895919598967582,Normal,0.44693779307133,1,2,3,4,3,3,0,3,3,7,6,1,2,3,3,3,0,2,0.297607266471232,12.4780063610138,201007
242,30,RM,-0.530731091908249,-0.797412750224375,Pave,NONE,Lvl,Inside,Gtl,OldTown,Norm,Norm,1Fam,1Story,5,9,1945,VinylSd,VinylSd,None,-0.567015949674981,CBlock,329,0,357,686,GasA,0.268289832918241,SBrkr,-0.785025043886639,-1.25455448086361,0,0,-1.02736282330994,-0.756321032880405,-1.04580127322219,-0.207698474525451,-1.56236594448683,-0.924311211315714,NONE,-4.15997671587587,-2.19357441132175,-0.282280196542777,-0.0812091834168209,-0.359600750132276,-0.103330530851366,-0.285935458023539,NONE,-0.0895919598967582,Normal,0.44693779307133,1,3,2,3,3,3,0,0,0,7,5,1,2,3,3,1,0,0,-0.250997476711292,11.6127707999399,200711
243,50,RM,0.156330347659906,-0.655382521627132,Pave,NONE,Lvl,Corner,Gtl,OldTown,Norm,Norm,1Fam,1.5Fin,5,4,1900,Wd Sdng,Wd Sdng,None,-0.567015949674981,BrkTil,0,0,540,540,GasA,-3.72731232161413,FuseA,0.500471888305011,-0.120087212886109,0,0,-1.02736282330994,-0.756321032880405,0.169927088600022,-0.207698474525451,-0.287758288825272,-0.924311211315714,Attchd,0.154880773549592,-0.560154364519377,-0.740760408320604,-0.702842766617084,0.83915552956013,-0.103330530851366,-0.285935458023539,NONE,-0.0895919598967582,Normal,0.44693779307133,1,2,2,3,2,3,0,2,3,7,1,1,2,3,3,1,0,1,-0.250997476711292,11.2772031314492,200607
244,160,RL,0.514797185695465,0.0753122794240435,Pave,NONE,Lvl,Corner,Gtl,SawyerW,Norm,Norm,TwnhsE,2Story,6,6,1980,Plywood,Plywood,None,-0.567015949674981,CBlock,0,0,626,626,GasA,0.268289832918241,SBrkr,0.593792899716383,-0.560829722919179,0,0,-1.02736282330994,1.23259887250509,0.169927088600022,-0.207698474525451,-0.287758288825272,0.623631660646747,Attchd,0.243846907352179,-0.857139827574354,-0.740760408320604,-0.288420377816909,-0.359600750132276,-0.103330530851366,-0.285935458023539,NONE,-0.0895919598967582,Normal,0.44693779307133,1,2,2,2,2,3,3,3,3,7,1,1,2,3,3,1,0,2,0.297607266471232,11.6952470217642,200907
245,60,RL,-1.72562055202678,-0.163349229700967,Pave,NONE,Lvl,Inside,Gtl,SawyerW,Norm,Norm,1Fam,2Story,7,5,1994,VinylSd,VinylSd,None,-0.567015949674981,PConc,695,0,253,948,GasA,0.268289832918241,SBrkr,1.28670140944582,1.20411674102491,1,0,0.781365814350925,1.23259887250509,0.169927088600022,-0.207698474525451,0.98684936683629,2.17157453260921,Attchd,0.274985054183085,-0.0450702020334002,-0.740760408320604,1.22126118138373,-0.359600750132276,-0.103330530851366,-0.285935458023539,NONE,-0.0895919598967582,Normal,-2.23744784062252,1,2,3,4,3,3,2,3,3,7,6,1,2,3,2,1,0,2,0.297607266471232,12.2307652581205,201008
246,20,RL,0.664158368210282,0.0294060805381488,Pave,NONE,Lvl,Inside,Gtl,NWAmes,Norm,Norm,1Fam,1Story,7,5,1988,Wd Sdng,Wd Sdng,BrkFace,0.0033774782305161,CBlock,929,0,916,1845,GasA,0.268289832918241,SBrkr,-0.785025043886639,0.733727873814726,0,1,0.781365814350925,-0.756321032880405,0.169927088600022,-0.207698474525451,-0.287758288825272,0.623631660646747,Attchd,0.261640134112697,0.609225896259597,0.816491345476496,-0.12561158221684,-0.359600750132276,-0.103330530851366,-0.285935458023539,NONE,-0.0895919598967582,Normal,0.44693779307133,1,2,2,3,2,3,3,3,3,7,6,1,2,3,3,3,0,3,0.297607266471232,12.3946247520748,200609
247,190,RM,0.335563766677686,-0.130124301225541,Pave,Grvl,Lvl,Inside,Gtl,OldTown,Norm,Norm,2fmCon,2Story,6,8,1910,AsbShng,AsbShng,None,-0.567015949674981,Stone,0,0,1020,1020,GasA,-3.72731232161413,FuseP,1.59466074710335,0.844407607275945,0,0,0.781365814350925,-0.756321032880405,1.38565545042224,4.45593111885755,1.62415319466707,-0.924311211315714,Detchd,0.0881561731976523,-0.151799352818783,-0.740760408320604,0.185205209383292,1.38404474760213,-0.103330530851366,-0.285935458023539,NONE,-0.0895919598967582,Normal,0.44693779307133,1,1,2,3,1,3,0,1,1,7,1,1,2,3,3,1,0,1,-0.799602219893816,11.8277362048103,200607
248,20,RL,0.514797185695465,0.144805641273409,Pave,NONE,Lvl,Inside,Gtl,NAmes,Norm,Norm,1Fam,1Story,6,5,1954,Wd Sdng,BrkFace,None,-0.567015949674981,CBlock,0,0,1367,1367,GasA,0.268289832918241,SBrkr,-0.785025043886639,-0.248554760653596,0,0,-1.02736282330994,-0.756321032880405,-1.04580127322219,-0.207698474525451,-0.925062116656053,0.623631660646747,Attchd,0.186018920380498,-0.100754976356208,-0.740760408320604,-0.258818778616896,-0.359600750132276,-0.103330530851366,-0.285935458023539,NONE,-0.0895919598967582,Normal,0.44693779307133,1,2,2,4,2,3,3,3,3,7,1,1,2,3,3,1,0,1,-0.250997476711292,11.8493977015914,200609
249,60,RL,0.425180476186576,0.145693330202142,Pave,NONE,Lvl,Inside,Gtl,CollgCr,Norm,Norm,1Fam,2Story,7,5,2003,VinylSd,VinylSd,BrkFace,-0.00221461419992995,PConc,0,0,840,840,GasA,0.268289832918241,SBrkr,1.14671989232876,0.330537416205998,0,0,0.781365814350925,1.23259887250509,0.169927088600022,-0.207698474525451,0.98684936683629,-0.924311211315714,Attchd,0.295002434288667,0.126624518795259,0.397535289886414,0.303611606183342,-0.359600750132276,-0.103330530851366,-0.285935458023539,NONE,-0.0895919598967582,Normal,0.44693779307133,1,2,3,4,3,3,0,3,3,7,1,1,2,3,3,1,0,2,0.297607266471232,12.1007121298723,200712
250,50,RL,-1.72562055202678,18.8737739104938,Pave,NONE,Low,CulDSac,Sev,ClearCr,Norm,Norm,1Fam,1.5Fin,6,7,1958,Wd Sdng,HdBoard,BrkCmn,2.07245167749555,CBlock,697,0,747,1444,GasA,0.268289832918241,SBrkr,0.848092655812372,1.27131515062636,0,1,0.781365814350925,-0.756321032880405,1.38565545042224,-0.207698474525451,0.349545539005509,2.17157453260921,Attchd,0.194915533760756,-0.388459643690718,-0.740760408320604,0.74763559418353,-0.359600750132276,-0.103330530851366,-0.285935458023539,NONE,0.791768137900632,Normal,-2.23744784062252,1,2,3,3,3,3,3,3,3,7,3,1,2,3,1,4,0,3,0.297607266471232,12.5317727851695,200709
251,30,RL,-0.0826475443637997,-0.610998075190493,Pave,NONE,Lvl,Inside,Gtl,BrkSide,Norm,Norm,1Fam,1Story,3,2,1940,Wd Sdng,Plywood,None,-0.567015949674981,CBlock,0,0,728,728,GasA,0.268289832918241,SBrkr,-0.785025043886639,-0.384928003668312,0,0,-1.02736282330994,-0.756321032880405,0.169927088600022,-0.207698474525451,-0.287758288825272,-0.924311211315714,NONE,-4.15997671587587,-2.19357441132175,1.33821020715471,-0.702842766617084,-0.359600750132276,-0.103330530851366,-0.285935458023539,GdWo,0.703632128120893,Normal,0.44693779307133,1,0,2,4,1,3,0,0,0,4,1,1,2,3,2,1,0,0,-0.250997476711292,11.2450460198146,201008
252,120,RM,-0.411242145896396,-0.687085697653302,Pave,NONE,HLS,Inside,Mod,Crawfor,Norm,Norm,TwnhsE,1Story,8,5,2006,VinylSd,VinylSd,Stone,2.12278050936957,PConc,1573,0,0,1573,GasA,0.268289832918241,SBrkr,-0.785025043886639,0.245551192298276,1,1,0.781365814350925,-0.756321032880405,-1.04580127322219,-0.207698474525451,-0.925062116656053,0.623631660646747,Attchd,0.301674894323861,0.302959637484152,0.23153383389789,-0.702842766617084,-0.359600750132276,-0.103330530851366,2.43770863832758,NONE,-0.0895919598967582,Family,0.44693779307133,1,2,3,4,3,3,4,3,3,7,6,1,2,3,2,4,0,3,0.297607266471232,12.3673407931263,200704
253,60,RL,0.216074820665833,-0.228530959610773,Pave,NONE,Lvl,Inside,Gtl,SawyerW,Norm,Norm,1Fam,2Story,6,5,2004,VinylSd,VinylSd,None,-0.567015949674981,PConc,0,0,798,798,GasA,0.268289832918241,SBrkr,1.17938224632274,0.275197549475389,0,0,0.781365814350925,1.23259887250509,0.169927088600022,-0.207698474525451,-0.287758288825272,-0.924311211315714,Attchd,0.297226587633731,0.219432475999939,0.350106302461121,-0.0368067846168022,-0.359600750132276,-0.103330530851366,-0.285935458023539,NONE,-0.0895919598967582,Normal,0.44693779307133,1,2,3,4,3,3,0,3,3,7,1,1,2,3,2,1,0,2,0.297607266471232,12.0610468734799,200804
254,80,RL,0.813519550725098,-0.103747258771767,Pave,NONE,Lvl,Inside,Gtl,NAmes,Norm,Norm,1Fam,SLvl,6,7,1964,HdBoard,HdBoard,BrkFace,0.0369300328131924,CBlock,270,580,452,1302,GasA,0.268289832918241,SBrkr,-0.785025043886639,-0.392833698915542,0,1,0.781365814350925,-0.756321032880405,0.169927088600022,-0.207698474525451,0.349545539005509,-0.924311211315714,Attchd,0.208260453831144,-0.75969147250944,1.89154839378312,-0.702842766617084,-0.359600750132276,-0.103330530851366,-0.285935458023539,MnPrv,-0.0895919598967582,Normal,0.44693779307133,1,2,2,4,3,3,0,3,3,6,2,5,2,3,3,4,0,2,0.297607266471232,11.9703503120091,200702
255,20,RL,0.365436003180649,-0.224219327671214,Pave,NONE,Lvl,Inside,Gtl,NAmes,Norm,Norm,1Fam,1Story,5,6,1957,MetalSd,MetalSd,None,-0.567015949674981,CBlock,922,0,392,1314,GasA,0.268289832918241,SBrkr,-0.785025043886639,-0.369116613173853,1,0,-1.02736282330994,-0.756321032880405,0.169927088600022,-0.207698474525451,-0.925062116656053,-0.924311211315714,Attchd,0.192691380415692,-0.82929744041295,1.23544740106658,-0.702842766617084,-0.359600750132276,-0.103330530851366,-0.285935458023539,NONE,-0.0895919598967582,Normal,0.44693779307133,1,3,2,2,2,3,0,3,3,7,3,1,2,3,3,1,0,2,-0.250997476711292,11.8844890214027,201009
256,60,RL,0.245947057168796,-0.181356633683832,Pave,NONE,Lvl,Inside,Gtl,Gilbert,Norm,Norm,1Fam,2Story,7,5,1999,VinylSd,VinylSd,BrkFace,1.12179596431973,PConc,0,0,975,975,GasA,0.268289832918241,SBrkr,2.21524547298897,1.56184945096206,0,0,0.781365814350925,1.23259887250509,1.38565545042224,-0.207698474525451,0.98684936683629,0.623631660646747,BuiltIn,0.286105820908408,-0.202843729281357,0.776967189288753,-0.702842766617084,-0.359600750132276,-0.103330530851366,-0.285935458023539,NONE,-0.0895919598967582,Normal,0.44693779307133,1,2,3,4,3,3,3,3,3,7,1,1,2,3,2,1,0,3,0.297607266471232,12.3458345879053,200605
257,60,FV,0.18620258416287,-0.174635560366284,Pave,NONE,Lvl,Inside,Gtl,Somerst,Norm,Norm,1Fam,2Story,6,5,2003,VinylSd,VinylSd,None,-0.567015949674981,PConc,503,0,361,864,GasA,0.268289832918241,SBrkr,1.230708802599,0.449122844914448,0,0,0.781365814350925,1.23259887250509,0.169927088600022,-0.207698474525451,0.349545539005509,-0.924311211315714,Attchd,0.295002434288667,0.929413348615745,0.966683138989922,0.126002010983267,-0.359600750132276,-0.103330530851366,-0.285935458023539,NONE,-0.0895919598967582,Normal,0.44693779307133,1,2,3,4,3,3,0,3,3,7,3,1,2,3,2,1,0,2,0.297607266471232,12.2428866186529,200808
258,20,RL,0.305691530174723,-0.171718868171876,Pave,NONE,Lvl,Inside,Gtl,CollgCr,Norm,Norm,1Fam,1Story,7,5,2006,VinylSd,VinylSd,Stone,0.439560687805308,PConc,1334,0,270,1604,GasA,0.268289832918241,SBrkr,-0.785025043886639,0.204046292250319,1,0,0.781365814350925,1.23259887250509,0.169927088600022,-0.207698474525451,0.98684936683629,0.623631660646747,Attchd,0.301674894323861,0.869088176432703,0.23153383389789,0.925245189383605,-0.359600750132276,-0.103330530851366,-0.285935458023539,NONE,-0.0895919598967582,Abnorml,0.44693779307133,1,2,3,4,3,3,4,3,3,7,6,1,2,3,3,1,0,2,0.297607266471232,12.3013828253345,200906
259,60,RL,0.664158368210282,0.287469933391176,Pave,NONE,Lvl,Inside,Gtl,CollgCr,Norm,Norm,1Fam,2Story,7,5,2001,VinylSd,VinylSd,BrkFace,0.394823948361739,PConc,361,0,602,963,GasA,0.268289832918241,SBrkr,1.14905291761405,0.575613968870127,0,0,0.781365814350925,1.23259887250509,0.169927088600022,-0.207698474525451,0.349545539005509,0.623631660646747,Attchd,0.290554127598537,0.423609981850236,-0.740760408320604,0.718033994983517,-0.359600750132276,9.62512468123512,-0.285935458023539,NONE,-0.0895919598967582,Normal,0.44693779307133,1,2,3,4,3,3,3,3,3,7,6,1,2,3,3,1,0,2,0.297607266471232,12.3523351525084,200808
260,20,RM,0.365436003180649,0.321328925387126,Pave,NONE,Lvl,Inside,Gtl,OldTown,Norm,Norm,1Fam,1Story,5,5,1956,BrkFace,BrkFace,None,-0.567015949674981,PConc,0,0,0,0,GasA,0.268289832918241,FuseA,-0.785025043886639,-1.22293169987469,0,0,-1.02736282330994,-0.756321032880405,-1.04580127322219,-0.207698474525451,-1.56236594448683,-0.924311211315714,Detchd,0.190467227070627,-0.764331870369674,-0.740760408320604,-0.0368067846168022,-0.359600750132276,-0.103330530851366,-0.285935458023539,NONE,-0.0895919598967582,Normal,0.44693779307133,0,2,2,3,2,0,0,3,3,7,0,0,2,3,3,0,0,1,-4.91413779376274,11.4824662574855,200804
261,80,RL,1.85904782832881,1.1575318962534,Pave,NONE,Lvl,Corner,Gtl,NAmes,Artery,Norm,1Fam,SLvl,6,5,1962,Wd Sdng,Wd Sdng,BrkFace,1.66422893007299,CBlock,672,690,0,1362,GasA,0.268289832918241,SBrkr,-0.785025043886639,-0.234719793970943,1,0,-1.02736282330994,-0.756321032880405,0.169927088600022,-0.207698474525451,-0.287758288825272,0.623631660646747,Attchd,0.268312594147891,1.90853729712512,-0.740760408320604,-0.702842766617084,3.56360161977014,-0.103330530851366,-0.285935458023539,GdWo,-0.0895919598967582,Normal,0.44693779307133,1,2,2,2,2,3,3,3,3,7,3,5,2,3,3,4,0,1,-0.250997476711292,12.0782392740203,200908
262,60,RL,0.335563766677686,-0.0735658351948526,Pave,NONE,Lvl,Inside,Gtl,CollgCr,Norm,Norm,1Fam,2Story,8,5,2007,CemntBd,CmentBd,Stone,0.942849006545452,PConc,0,0,1482,1482,GasA,0.268289832918241,SBrkr,1.76263856764382,2.12117738970358,0,0,0.781365814350925,1.23259887250509,0.169927088600022,-0.207698474525451,2.26145702249785,0.623631660646747,BuiltIn,0.303899047668925,1.83429093136138,-0.740760408320604,1.48767557418384,-0.359600750132276,-0.103330530851366,-0.285935458023539,NONE,-0.0895919598967582,Partial,0.44693779307133,1,2,3,4,4,3,4,3,3,7,1,1,2,3,2,1,0,3,1.66911912442754,12.5281561446993,200703
263,80,RL,0.903136260233988,-0.215215625679782,Pave,NONE,Lvl,Corner,Gtl,Sawyer,Norm,Norm,1Fam,SLvl,6,7,1977,HdBoard,Plywood,BrkFace,-0.309779697874462,CBlock,506,0,0,506,GasA,0.268289832918241,SBrkr,-0.785025043886639,-0.570711841978216,1,0,-1.02736282330994,-0.756321032880405,0.169927088600022,-0.207698474525451,-0.287758288825272,0.623631660646747,Attchd,0.23939860066205,0.0895013359133866,1.56745031304363,-0.525233171417009,-0.359600750132276,-0.103330530851366,-0.285935458023539,GdWo,-0.0895919598967582,Normal,0.44693779307133,1,2,2,2,2,4,3,3,3,7,5,1,2,3,2,3,0,1,0.297607266471232,11.9250351157971,200610
264,50,RM,-0.232008726878616,-0.591976169574791,Pave,NONE,Lvl,Corner,Gtl,OldTown,Norm,Norm,1Fam,1.5Fin,5,7,1929,Wd Sdng,Wd Sdng,None,-0.567015949674981,BrkTil,234,692,0,926,GasA,0.268289832918241,SBrkr,-0.785025043886639,-0.365163765550238,1,0,-1.02736282330994,-0.756321032880405,0.169927088600022,-0.207698474525451,-0.287758288825272,-0.924311211315714,Detchd,0.230501987281791,0.0523781530315144,-0.740760408320604,-0.702842766617084,-0.359600750132276,-0.103330530851366,-0.285935458023539,NONE,-0.0895919598967582,Normal,0.44693779307133,1,2,2,2,2,3,0,3,3,7,2,5,2,3,3,1,0,1,-0.250997476711292,11.7752897294377,201007
265,30,RM,-0.829453456937881,-0.625961974274845,Pave,Grvl,Bnk,Inside,Gtl,OldTown,Artery,Norm,1Fam,1Story,5,5,1925,Wd Sdng,Wd Sdng,None,-0.567015949674981,BrkTil,0,0,680,680,GasA,-3.72731232161413,FuseP,-0.785025043886639,-1.45614970966797,0,0,-1.02736282330994,-0.756321032880405,-1.04580127322219,-0.207698474525451,-1.56236594448683,-0.924311211315714,Detchd,0.210484607176209,0.145186110236195,-0.740760408320604,-0.702842766617084,-0.359600750132276,-0.103330530851366,-0.285935458023539,NONE,-0.0895919598967582,Normal,0.44693779307133,1,2,2,3,2,3,0,3,3,7,1,1,0,3,0,1,0,1,-0.799602219893816,11.1982147201305,200809
266,20,RL,0.604413895204355,0.243719550475061,Pave,NONE,Lvl,Inside,Gtl,NWAmes,Norm,Norm,1Fam,1Story,6,6,1981,MetalSd,MetalSd,BrkFace,0.607323460718689,CBlock,588,228,606,1422,GasA,0.268289832918241,SBrkr,-0.785025043886639,-0.155662841498644,0,0,0.781365814350925,-0.756321032880405,0.169927088600022,-0.207698474525451,0.349545539005509,0.623631660646747,Attchd,0.246071060697244,0.479294756173045,1.44097301324285,-0.702842766617084,-0.359600750132276,-0.103330530851366,-0.285935458023539,GdPrv,-0.0895919598967582,Normal,0.44693779307133,1,3,2,2,3,3,3,3,3,7,6,2,2,3,2,1,0,3,0.297607266471232,12.0753943218881,200809
267,60,RL,0.365436003180649,0.131743932750627,Pave,NONE,HLS,FR2,Gtl,Gilbert,Norm,Norm,1Fam,2Story,6,5,1997,VinylSd,VinylSd,None,-0.567015949674981,PConc,714,0,88,802,GasA,0.268289832918241,SBrkr,0.86908988337993,0.0202388777522227,1,0,0.781365814350925,1.23259887250509,0.169927088600022,-0.207698474525451,0.98684936683629,0.623631660646747,Attchd,0.281657514218279,-0.277090095045101,0.0101985592465257,0.407217203383386,-0.359600750132276,-0.103330530851366,-0.285935458023539,NONE,-0.0895919598967582,Normal,0.44693779307133,1,2,2,3,2,3,3,3,3,7,6,1,2,3,2,3,0,3,0.297607266471232,12.1281111040605,200609
268,75,RL,0.0667136381510165,-0.224219327671214,Pave,NONE,Bnk,Inside,Mod,SWISU,Norm,Norm,1Fam,2.5Fin,5,8,1939,Wd Sdng,Wd Sdng,None,-0.567015949674981,PConc,378,0,342,720,GasA,0.268289832918241,SBrkr,0.894753161518058,1.36618349359312,0,0,0.781365814350925,1.23259887250509,1.38565545042224,-0.207698474525451,0.98684936683629,0.623631660646747,Detchd,0.152656620204528,-1.07987892486559,1.33030537591716,-0.347623576216934,-0.359600750132276,-0.103330530851366,-0.285935458023539,NONE,-0.0895919598967582,Normal,0.44693779307133,1,2,2,4,3,3,4,3,3,7,2,1,2,3,3,1,0,1,-0.250997476711292,12.0979304869105,200810
269,30,RM,0.395308239683612,-0.414438383828237,Pave,NONE,Lvl,Inside,Gtl,IDOTRR,Norm,Norm,1Fam,1Story,5,6,1940,VinylSd,VinylSd,None,-0.567015949674981,CBlock,403,125,212,740,GasA,0.268289832918241,SBrkr,-0.785025043886639,-1.42847977630267,0,0,-1.02736282330994,-0.756321032880405,-1.04580127322219,-0.207698474525451,-1.56236594448683,0.623631660646747,Detchd,0.212708760521274,2.09415321153449,-0.740760408320604,-0.332822776616927,-0.359600750132276,-0.103330530851366,-0.285935458023539,NONE,-0.0895919598967582,Normal,0.44693779307133,1,2,2,4,2,3,4,5,5,7,5,3,2,3,3,1,0,3,-0.250997476711292,11.6994050319128,200805
270,20,RL,-1.72562055202678,-0.285469863753775,Pave,NONE,Lvl,Corner,Gtl,Edwards,Norm,Norm,1Fam,1Story,6,7,1976,HdBoard,HdBoard,BrkFace,0.406008133222631,CBlock,751,0,392,1143,GasA,0.268289832918241,SBrkr,-0.785025043886639,-0.766377799347158,1,0,-1.02736282330994,1.23259887250509,0.169927088600022,-0.207698474525451,-0.287758288825272,0.623631660646747,Attchd,0.259415980767632,0.145186110236195,2.18402714957243,-0.258818778616896,-0.359600750132276,-0.103330530851366,-0.285935458023539,GdPrv,-0.0895919598967582,Normal,-2.23744784062252,1,3,2,2,2,4,2,3,4,7,4,1,2,3,2,1,0,2,-0.250997476711292,11.9049675527463,200708
271,60,FV,0.783647314222135,0.0710006474844844,Pave,NONE,Lvl,Inside,Gtl,Somerst,Norm,Norm,1Fam,2Story,8,5,2006,VinylSd,VinylSd,None,-0.567015949674981,PConc,0,0,1095,1095,GasA,0.268289832918241,SBrkr,1.18404829689331,0.866148269205828,0,0,0.781365814350925,1.23259887250509,0.169927088600022,-0.207698474525451,0.98684936683629,0.623631660646747,Attchd,0.301674894323861,2.69276453550467,0.776967189288753,0.0519980129832354,-0.359600750132276,-0.103330530851366,-0.285935458023539,NONE,-0.0895919598967582,Partial,0.44693779307133,1,2,3,3,3,3,4,3,3,7,1,1,2,3,3,2,0,2,0.297607266471232,12.4912515877638,200611
272,20,RL,0.455052712689539,3.66943793915893,Pave,NONE,Low,CulDSac,Sev,ClearCr,Norm,Norm,1Fam,1Story,7,7,1954,Plywood,Plywood,None,-0.567015949674981,CBlock,226,1063,96,1385,GasA,0.268289832918241,SBrkr,-0.785025043886639,-0.272271846395286,1,0,-1.02736282330994,-0.756321032880405,-1.04580127322219,-0.207698474525451,-0.925062116656053,2.17157453260921,Attchd,0.186018920380498,-0.156439750679017,-0.100469078079157,-0.702842766617084,-0.359600750132276,-0.103330530851366,-0.285935458023539,NONE,-0.0895919598967582,Normal,0.44693779307133,1,2,2,4,2,3,3,3,3,4,2,6,2,3,2,4,0,1,0.297607266471232,12.3946247520748,200807
273,60,RL,1.02262520624584,0.202378608936934,Pave,NONE,Lvl,CulDSac,Gtl,NoRidge,Norm,Norm,1Fam,2Story,8,7,1999,VinylSd,VinylSd,BrkFace,1.37903221612024,PConc,524,0,628,1152,GasA,0.268289832918241,SBrkr,1.7953009216378,1.52034455091411,0,0,0.781365814350925,1.23259887250509,1.38565545042224,-0.207698474525451,1.62415319466707,0.623631660646747,Attchd,0.286105820908408,0.920132552895277,0.302677315035829,0.140802810583273,-0.359600750132276,-0.103330530851366,-0.285935458023539,NONE,-0.0895919598967582,Normal,0.44693779307133,1,2,3,4,3,3,4,3,3,7,6,1,2,3,2,1,0,3,0.297607266471232,12.5776362019627,201007
274,20,RL,0.664158368210282,-0.0720440827455964,Pave,NONE,Lvl,Inside,Gtl,NAmes,Feedr,Norm,1Fam,1Story,6,6,1958,Wd Sdng,Wd Sdng,BrkCmn,0.456336965096646,CBlock,620,620,0,1240,GasA,0.268289832918241,SBrkr,-0.785025043886639,0.259386158980929,1,0,0.781365814350925,-0.756321032880405,0.169927088600022,-0.207698474525451,-0.287758288825272,0.623631660646747,Attchd,0.194915533760756,-0.625119934562653,1.54373581933098,-0.702842766617084,-0.359600750132276,-0.103330530851366,-0.285935458023539,MnPrv,-0.0895919598967582,Normal,0.44693779307133,1,2,2,3,2,3,4,3,3,6,3,2,2,3,3,1,0,2,-0.250997476711292,11.8422292121128,200907
275,20,RL,0.544669422198429,-0.235125220224217,Pave,NONE,Lvl,Corner,Gtl,Mitchel,Norm,Norm,1Fam,1Story,5,7,1982,HdBoard,ImStucc,None,-0.567015949674981,CBlock,546,0,270,816,GasA,0.268289832918241,SBrkr,-0.785025043886639,-1.35337567145398,0,0,-1.02736282330994,-0.756321032880405,-1.04580127322219,-0.207698474525451,-0.925062116656053,-0.924311211315714,Attchd,0.248295214042309,-0.968509376219971,0.587251239587583,-0.702842766617084,-0.359600750132276,-0.103330530851366,-0.285935458023539,NONE,-0.0895919598967582,Normal,0.44693779307133,1,2,2,2,2,3,0,3,3,7,5,1,2,3,3,4,0,1,-0.250997476711292,11.7320609948869,200709
276,50,RL,-0.0826475443637997,-0.368278559534132,Pave,NONE,Lvl,Inside,Gtl,BrkSide,Norm,Norm,1Fam,1.5Fin,7,7,1925,Wd Sdng,Wd Sdng,None,-0.567015949674981,BrkTil,0,0,952,952,GasW,-3.72731232161413,SBrkr,0.605458026142804,0.0933665587890998,0,0,0.781365814350925,1.23259887250509,0.169927088600022,-0.207698474525451,-0.925062116656053,-0.924311211315714,Detchd,0.23939860066205,0.924772950755511,-0.155802896741998,-0.702842766617084,-0.359600750132276,-0.103330530851366,2.27749427971869,NONE,-0.0895919598967582,Normal,0.44693779307133,1,3,3,3,4,3,0,3,3,7,1,1,2,3,3,1,0,1,-0.250997476711292,12.2307652581205,200902
277,20,RL,2.12789795685548,-0.123276415203888,Pave,NONE,Lvl,Inside,Gtl,Mitchel,Norm,Norm,1Fam,1Story,7,5,2003,VinylSd,VinylSd,None,-0.567015949674981,PConc,0,0,1560,1560,GasA,0.268289832918241,SBrkr,-0.785025043886639,0.11708364453079,0,0,0.781365814350925,-0.756321032880405,0.169927088600022,-0.207698474525451,0.349545539005509,-0.924311211315714,Attchd,0.295002434288667,0.465373562592343,0.0497227154342694,1.51727717338386,-0.359600750132276,-0.103330530851366,-0.285935458023539,NONE,-0.0895919598967582,Normal,0.44693779307133,1,2,3,4,3,3,0,3,3,7,1,1,2,3,2,1,0,3,1.66911912442754,12.2110601870412,201007
278,20,RL,2.45649255838808,1.13749548900486,Pave,NONE,Lvl,Corner,Gtl,Gilbert,Norm,Norm,1Fam,1Story,4,5,1951,VinylSd,VinylSd,None,-0.567015949674981,CBlock,120,0,744,864,GasA,0.268289832918241,SBrkr,-0.785025043886639,-1.25850732848722,0,0,-1.02736282330994,-0.756321032880405,-1.04580127322219,-0.207698474525451,-1.56236594448683,-0.924311211315714,Detchd,0.179346460345304,-0.337415267228144,-0.740760408320604,-0.702842766617084,-0.359600750132276,-0.103330530851366,-0.285935458023539,NONE,-0.0895919598967582,Normal,0.44693779307133,1,2,2,4,2,3,0,3,3,7,2,1,2,3,3,1,0,1,-0.250997476711292,11.8565151693603,201009
279,20,RL,1.47070875379029,0.542997532162109,Pave,NONE,Lvl,Inside,Gtl,NridgHt,Norm,Norm,1Fam,1Story,9,5,2006,CemntBd,CmentBd,BrkFace,1.19449316591552,PConc,0,0,2121,2121,GasA,0.268289832918241,SBrkr,-0.785025043886639,1.22585740295479,0,0,0.781365814350925,1.23259887250509,0.169927088600022,-0.207698474525451,0.98684936683629,0.623631660646747,Attchd,0.303899047668925,1.20319682236955,0.239438665135439,0.74763559418353,-0.359600750132276,-0.103330530851366,2.24189108891672,NONE,-0.0895919598967582,Partial,0.44693779307133,1,2,4,4,4,3,5,3,3,7,1,1,2,3,3,4,0,3,1.66911912442754,12.9367516138114,200708
280,60,RL,0.753775077719171,-0.0206849375832004,Pave,NONE,Lvl,Inside,Gtl,ClearCr,Norm,Norm,1Fam,2Story,7,5,1977,Plywood,Plywood,BrkFace,1.10501968702839,CBlock,392,0,768,1160,GasA,0.268289832918241,SBrkr,1.23537485316957,1.03019144558585,0,0,0.781365814350925,1.23259887250509,1.38565545042224,-0.207698474525451,0.98684936683629,0.623631660646747,Attchd,0.237174447316985,0.149826508096429,1.53583098809343,1.02885078658365,-0.359600750132276,-0.103330530851366,-0.285935458023539,NONE,-0.0895919598967582,Normal,0.44693779307133,1,2,2,4,2,3,3,3,3,7,4,1,2,3,3,1,0,3,0.297607266471232,12.1652506510099,200806
281,60,RL,0.723902841216208,0.141888949079001,Pave,NONE,Lvl,Inside,Gtl,SawyerW,Norm,Norm,1Fam,2Story,7,6,1989,Plywood,Plywood,BrkFace,1.33429547667668,CBlock,421,0,386,807,GasA,0.268289832918241,SBrkr,1.09772636133779,0.95113449311355,0,0,0.781365814350925,1.23259887250509,0.169927088600022,-0.207698474525451,0.349545539005509,0.623631660646747,Attchd,0.263864287457761,0.474654358312811,-0.740760408320604,0.540424399783442,-0.359600750132276,7.67943363881782,-0.285935458023539,NONE,-0.0895919598967582,Normal,0.44693779307133,1,2,3,3,3,3,3,3,3,7,6,1,2,3,3,3,0,3,0.297607266471232,12.3392914893164,200701
282,20,FV,0.0667136381510165,-0.376394572596832,Pave,Pave,Lvl,Inside,Gtl,Somerst,Norm,Norm,1Fam,1Story,6,5,2006,VinylSd,VinylSd,Stone,-0.186753664404649,PConc,905,0,357,1262,GasA,0.268289832918241,SBrkr,-0.785025043886639,-0.471890651387842,0,0,0.781365814350925,-0.756321032880405,-1.04580127322219,-0.207698474525451,-0.925062116656053,-0.924311211315714,Attchd,0.301674894323861,0.460733164732109,-0.740760408320604,1.07325318538367,-0.359600750132276,-0.103330530851366,-0.285935458023539,NONE,-0.0895919598967582,Partial,0.44693779307133,1,2,3,3,3,3,0,3,3,7,6,1,2,3,3,1,0,3,0.297607266471232,12.1281111040605,200608
283,120,RL,-0.709964510926028,-0.647393321268537,Pave,NONE,Lvl,Inside,Gtl,NridgHt,Norm,Norm,Twnhs,1Story,7,5,2007,VinylSd,VinylSd,Stone,0.361271393779063,PConc,904,0,410,1314,GasA,0.268289832918241,SBrkr,-0.785025043886639,-0.369116613173853,1,0,0.781365814350925,-0.756321032880405,-1.04580127322219,-0.207698474525451,-0.287758288825272,0.623631660646747,Attchd,0.30612320101399,0.711314649184746,0.618870564537778,0.214806808583304,-0.359600750132276,-0.103330530851366,-0.285935458023539,NONE,-0.0895919598967582,Normal,0.44693779307133,1,2,3,4,3,3,4,3,3,7,6,1,2,3,3,1,0,2,0.297607266471232,12.2428866186529,200907
284,20,RL,0.484924949192502,-0.0705223302963402,Pave,NONE,Lvl,Inside,Gtl,Somerst,Feedr,Norm,1Fam,1Story,8,5,2008,VinylSd,VinylSd,Stone,-0.164385294682865,PConc,0,0,1468,1468,GasA,0.268289832918241,SBrkr,-0.785025043886639,-0.0647473461554993,0,0,0.781365814350925,-0.756321032880405,0.169927088600022,-0.207698474525451,-0.287758288825272,0.623631660646747,Attchd,0.30612320101399,1.9735028671684,0.91925415156463,1.51727717338386,-0.359600750132276,-0.103330530851366,-0.285935458023539,NONE,-0.0895919598967582,Partial,0.44693779307133,1,2,3,4,3,3,4,3,3,7,1,1,2,3,3,1,0,3,0.297607266471232,12.4073795022352,200904
285,120,RL,-0.232008726878616,-0.273422656863831,Pave,NONE,Lvl,Inside,Gtl,SawyerW,Norm,Norm,TwnhsE,1Story,6,5,1992,Plywood,ImStucc,None,-0.567015949674981,PConc,430,0,1145,1575,GasA,0.268289832918241,SBrkr,-0.785025043886639,0.146730001707902,1,0,0.781365814350925,-0.756321032880405,-1.04580127322219,-0.207698474525451,-0.925062116656053,-0.924311211315714,Attchd,0.270536747492955,0.261196056742045,-0.740760408320604,-0.702842766617084,0.449948945244414,-0.103330530851366,-0.285935458023539,NONE,-0.0895919598967582,Normal,0.44693779307133,1,2,3,3,3,3,0,3,3,7,6,1,2,3,3,1,0,2,0.297607266471232,12.096257779523,200710
286,160,FV,-0.680092274423065,-0.750365237001538,Pave,Pave,Lvl,Inside,Gtl,Somerst,Norm,Norm,TwnhsE,2Story,7,5,2006,MetalSd,MetalSd,None,-0.567015949674981,PConc,0,0,625,625,GasA,0.268289832918241,SBrkr,0.673115759416049,-0.495607737129532,0,0,0.781365814350925,1.23259887250509,-1.04580127322219,-0.207698474525451,-0.925062116656053,-0.924311211315714,Detchd,0.301674894323861,0.256555658881811,-0.740760408320604,0.0964004117832542,-0.359600750132276,-0.103330530851366,-0.285935458023539,NONE,-0.0895919598967582,Partial,0.44693779307133,1,2,3,4,3,3,0,3,3,7,1,1,2,3,2,1,0,2,0.297607266471232,12.0118809161657,200709
287,50,RL,0.574541658701392,-0.0484569197821257,Pave,NONE,Bnk,Inside,Gtl,NAmes,Norm,Norm,1Fam,1.5Fin,6,7,1962,Wd Sdng,Wd Sdng,None,-0.567015949674981,CBlock,600,0,312,912,GasA,0.268289832918241,SBrkr,0.729108366262872,0.460981387785293,0,0,-1.02736282330994,1.23259887250509,0.169927088600022,-0.207698474525451,0.349545539005509,0.623631660646747,Attchd,0.203812147141015,-0.151799352818783,-0.740760408320604,-0.702842766617084,-0.359600750132276,-0.103330530851366,1.99266875330289,GdPrv,-0.0895919598967582,Normal,0.44693779307133,1,2,2,2,3,3,4,3,3,7,3,1,2,3,2,1,0,2,-0.250997476711292,11.9766594812024,200609
288,20,RL,-1.72562055202678,-0.259092821300002,Pave,NONE,Lvl,Corner,Gtl,NAmes,Norm,Norm,1Fam,1Story,4,4,1971,HdBoard,HdBoard,None,-0.567015949674981,CBlock,614,0,244,858,GasA,0.268289832918241,SBrkr,-0.785025043886639,-1.27036587135807,0,0,-1.02736282330994,-0.756321032880405,0.169927088600022,-0.207698474525451,-0.925062116656053,-0.924311211315714,NONE,-4.15997671587587,-2.19357441132175,-0.740760408320604,-0.702842766617084,-0.359600750132276,-0.103330530851366,-0.285935458023539,NONE,-0.0895919598967582,Normal,-2.23744784062252,1,2,2,2,2,3,0,0,0,7,4,1,2,3,2,1,0,0,-0.250997476711292,11.3850920934603,200609
289,20,RL,-1.72562055202678,-0.0442721005466712,Pave,NONE,Lvl,Inside,Gtl,Sawyer,Norm,Norm,1Fam,1Story,5,5,1967,MetalSd,MetalSd,BrkFace,-0.393661084331153,CBlock,450,0,432,882,GasA,0.268289832918241,SBrkr,-0.785025043886639,-1.18735607126215,0,0,-1.02736282330994,-0.756321032880405,0.169927088600022,-0.207698474525451,-0.925062116656053,-0.924311211315714,Detchd,0.221605373901533,-0.894263010456227,-0.740760408320604,-0.702842766617084,-0.359600750132276,-0.103330530851366,-0.285935458023539,MnPrv,-0.0895919598967582,Normal,-2.23744784062252,1,3,2,2,2,3,0,3,3,7,4,1,2,3,2,1,0,1,-0.250997476711292,11.7117763237154,201005
290,70,RL,0.0667136381510165,-0.182371135316669,Pave,NONE,Lvl,Inside,Gtl,BrkSide,RRAn,Norm,1Fam,2Story,6,7,1915,Wd Sdng,Wd Sdng,None,-0.567015949674981,BrkTil,0,0,698,698,GasA,0.268289832918241,FuseA,0.843426605241803,-0.207049860605638,0,0,-1.02736282330994,-0.756321032880405,0.169927088600022,-0.207698474525451,0.349545539005509,-0.924311211315714,Detchd,0.295002434288667,-0.411661632991888,-0.740760408320604,-0.702842766617084,-0.359600750132276,-0.103330530851366,4.32467775083228,NONE,-0.0895919598967582,Normal,0.44693779307133,1,2,2,4,2,3,0,3,3,7,1,1,2,3,3,1,0,1,-0.250997476711292,11.9419443260321,200710
291,60,RL,1.85904782832881,0.690227081627644,Pave,NONE,Lvl,Inside,Gtl,CollgCr,Norm,Norm,1Fam,2Story,8,5,2006,VinylSd,VinylSd,None,-0.567015949674981,PConc,0,0,1079,1079,GasA,0.268289832918241,SBrkr,1.17471619575217,0.826619792969678,0,0,0.781365814350925,1.23259887250509,0.169927088600022,-0.207698474525451,0.98684936683629,0.623631660646747,Attchd,0.301674894323861,0.985098122938553,-0.740760408320604,0.0519980129832354,-0.359600750132276,-0.103330530851366,-0.285935458023539,NONE,-0.0895919598967582,Partial,0.44693779307133,1,2,3,4,3,3,4,4,3,7,1,1,2,3,3,3,0,2,0.297607266471232,12.3597803701244,200610
292,190,RL,-0.0826475443637997,-0.568262193907215,Pave,Grvl,Bnk,Inside,Gtl,SWISU,Norm,Norm,2fmCon,2Story,5,6,1912,VinylSd,VinylSd,None,-0.567015949674981,PConc,210,0,570,780,GasA,-3.72731232161413,SBrkr,1.03473467863512,0.425405759172758,1,0,0.781365814350925,-0.756321032880405,3.81711217406667,-0.207698474525451,1.62415319466707,-0.924311211315714,NONE,-4.15997671587587,-2.19357441132175,-0.740760408320604,2.02050435978407,-0.359600750132276,-0.103330530851366,-0.285935458023539,NONE,-0.0895919598967582,Normal,0.44693779307133,1,1,2,4,1,2,0,0,0,7,3,1,0,3,3,1,0,0,-0.250997476711292,11.8196746001392,200806
293,50,RL,0.0667136381510165,0.157360098979772,Pave,NONE,Lvl,Inside,Gtl,Edwards,Norm,Norm,1Fam,1.5Fin,5,4,1949,Wd Sdng,Wd Sdng,None,-0.567015949674981,CBlock,292,0,476,768,GasA,0.268289832918241,SBrkr,0.540133318154844,0.425405759172758,0,0,-1.02736282330994,1.23259887250509,0.169927088600022,-0.207698474525451,0.98684936683629,0.623631660646747,Attchd,0.174898153655174,-0.889622612595993,-0.740760408320604,-0.702842766617084,-0.359600750132276,-0.103330530851366,2.56231980613449,NONE,-0.0895919598967582,Normal,0.44693779307133,1,2,2,3,2,3,4,3,3,5,2,1,2,3,3,1,0,1,-0.250997476711292,11.7829526021833,200901
294,60,RL,-1.72562055202678,0.823126795529351,Pave,NONE,Lvl,Corner,Gtl,NWAmes,PosA,Norm,1Fam,2Story,7,7,1977,Plywood,Plywood,BrkFace,-0.376884807039815,CBlock,795,0,0,795,GasA,0.268289832918241,SBrkr,1.06973005791438,1.50650958423145,1,0,0.781365814350925,1.23259887250509,0.169927088600022,-0.207698474525451,1.62415319466707,0.623631660646747,Attchd,0.237174447316985,0.307600035344386,-0.740760408320604,2.99735713338448,-0.359600750132276,-0.103330530851366,-0.285935458023539,NONE,-0.0895919598967582,Normal,-2.23744784062252,1,2,2,1,3,3,3,3,3,7,5,1,2,3,2,1,0,3,-0.250997476711292,12.3673407931263,200606
295,20,RL,0.664158368210282,-0.0720440827455964,Pave,NONE,Lvl,Inside,Gtl,NAmes,Norm,Norm,1Fam,1Story,6,5,1953,HdBoard,HdBoard,Stone,0.763902048771178,CBlock,1285,0,131,1416,GasA,0.268289832918241,SBrkr,-0.785025043886639,0.283103244722619,1,0,-1.02736282330994,-0.756321032880405,0.169927088600022,-0.207698474525451,0.349545539005509,2.17157453260921,Attchd,0.183794767035433,-0.253888105743931,0.128771027809757,-0.702842766617084,-0.359600750132276,-0.103330530851366,-0.285935458023539,NONE,-0.0895919598967582,Normal,0.44693779307133,1,2,2,2,2,3,4,3,3,7,6,1,2,3,3,1,0,3,-0.250997476711292,12.0257490913989,200902
296,80,RL,-0.620347801417138,-0.282933609671682,Pave,NONE,Lvl,CulDSac,Gtl,Mitchel,Norm,Norm,1Fam,SLvl,6,6,1984,HdBoard,HdBoard,None,-0.567015949674981,CBlock,819,0,184,1003,GasA,0.268289832918241,SBrkr,-0.785025043886639,-0.983784418645981,1,0,-1.02736282330994,-0.756321032880405,0.169927088600022,-0.207698474525451,-0.287758288825272,-0.924311211315714,Detchd,0.252743520732438,0.534979530495853,0.207819340185244,-0.702842766617084,-0.359600750132276,-0.103330530851366,-0.285935458023539,GdPrv,-0.0895919598967582,Normal,0.44693779307133,1,2,2,2,2,3,0,3,3,7,6,1,2,3,2,3,0,1,-0.250997476711292,11.8670972786908,200606
297,50,RM,0.514797185695465,0.449156131124645,Pave,NONE,Lvl,Inside,Gtl,IDOTRR,Norm,Norm,1Fam,1.5Fin,5,5,1950,Wd Sdng,Wd Sdng,None,-0.567015949674981,CBlock,420,0,490,910,GasA,0.268289832918241,FuseA,0.726775340977588,0.113130796907175,0,0,-1.02736282330994,1.23259887250509,1.38565545042224,-0.207698474525451,-0.287758288825272,-0.924311211315714,Attchd,0.177122307000239,-0.884982214735759,1.54373581933098,-0.702842766617084,-0.359600750132276,-0.103330530851366,-0.285935458023539,MnPrv,-0.0895919598967582,Normal,0.44693779307133,1,2,2,2,2,3,0,3,3,7,4,1,2,3,3,1,0,1,-0.250997476711292,11.9316357998284,200709
298,60,FV,0.245947057168796,-0.35115884448,Pave,Pave,Lvl,Inside,Gtl,Somerst,Norm,Norm,1Fam,2Story,7,5,1997,VinylSd,VinylSd,BrkFace,8.38033193903869,PConc,649,0,326,975,GasA,0.268289832918241,SBrkr,1.48967460926555,0.88788893113571,0,0,0.781365814350925,1.23259887250509,0.169927088600022,-0.207698474525451,0.349545539005509,0.623631660646747,Detchd,0.281657514218279,0.479294756173045,-0.740760408320604,-0.554834770617021,-0.359600750132276,-0.103330530851366,3.23878043137203,NONE,-0.0895919598967582,Normal,0.44693779307133,1,2,3,4,3,3,3,3,3,7,4,1,2,3,2,1,0,2,0.297607266471232,12.3842188309136,200709
299,60,RL,0.962880733239914,0.194262595874235,Pave,NONE,Lvl,Inside,Gtl,NWAmes,Norm,Norm,1Fam,2Story,6,6,1968,HdBoard,AsphShn,BrkFace,1.47409778743783,CBlock,384,175,143,702,GasA,0.268289832918241,SBrkr,0.85275870638294,0.47876920209156,0,1,-1.02736282330994,3.22151877789059,0.169927088600022,-0.207698474525451,0.349545539005509,0.623631660646747,Attchd,0.217157067211403,0.307600035344386,1.02992178889031,-0.702842766617084,-0.359600750132276,-0.103330530851366,-0.285935458023539,NONE,-0.0895919598967582,Normal,0.44693779307133,1,2,3,3,2,3,4,3,3,7,5,3,2,3,3,1,0,1,-0.250997476711292,12.0725412529057,200709
300,20,RL,0.664158368210282,0.485931815315002,Pave,NONE,Lvl,Inside,Gtl,Crawfor,Norm,Norm,1Fam,1Story,6,8,1950,HdBoard,HdBoard,None,-0.567015949674981,CBlock,0,0,1092,1092,GasA,0.268289832918241,SBrkr,-0.785025043886639,-0.689297270686666,0,1,-1.02736282330994,-0.756321032880405,0.169927088600022,-0.207698474525451,-0.287758288825272,0.623631660646747,Attchd,0.177122307000239,-0.801455053251546,-0.740760408320604,-0.170013981016859,-0.359600750132276,-0.103330530851366,-0.285935458023539,GdPrv,-0.0895919598967582,Family,0.44693779307133,1,3,2,4,3,3,4,3,3,7,1,1,2,3,3,1,0,1,-0.250997476711292,11.9735098722995,200911
301,190,RL,0.962880733239914,0.707854047498195,Pave,NONE,Lvl,Corner,Gtl,Crawfor,Norm,Norm,2fmCon,1Story,5,5,1953,MetalSd,MetalSd,BrkFace,-0.253858773570002,CBlock,841,0,324,1165,GasA,0.268289832918241,SBrkr,-0.785025043886639,-0.325635289314088,1,0,-1.02736282330994,-0.756321032880405,-1.04580127322219,-0.207698474525451,-0.925062116656053,2.17157453260921,Attchd,0.183794767035433,-0.453425213733994,-0.740760408320604,-0.702842766617084,-0.359600750132276,-0.103330530851366,-0.285935458023539,NONE,-0.0895919598967582,Normal,0.44693779307133,1,2,2,2,2,3,4,3,3,7,4,1,2,3,3,2,0,1,-0.250997476711292,11.9640010843304,200609
302,60,RL,0.245947057168796,0.768216894652023,Pave,NONE,Lvl,Inside,Gtl,CollgCr,Norm,Norm,1Fam,2Story,8,5,1998,VinylSd,VinylSd,None,-0.567015949674981,PConc,281,0,747,1028,GasA,0.268289832918241,SBrkr,2.11259236043646,1.88005368466307,0,0,0.781365814350925,1.23259887250509,1.38565545042224,-0.207698474525451,1.62415319466707,0.623631660646747,BuiltIn,0.283881667563343,0.975817327218085,0.903444489089533,0.0371972133832291,-0.359600750132276,-0.103330530851366,-0.285935458023539,NONE,-0.0895919598967582,Normal,0.44693779307133,1,2,3,4,3,3,3,3,3,7,6,1,2,3,0,1,0,3,0.297607266471232,12.4950039373824,200708
303,20,RL,1.79930335532289,0.448395254900017,Pave,NONE,Lvl,Corner,Gtl,CollgCr,Norm,Norm,1Fam,1Story,7,5,2001,VinylSd,VinylSd,BrkFace,0.271797914891926,PConc,0,0,1541,1541,GasA,0.268289832918241,SBrkr,-0.785025043886639,0.0795315921064473,0,0,0.781365814350925,-0.756321032880405,0.169927088600022,-0.207698474525451,-0.287758288825272,0.623631660646747,Attchd,0.290554127598537,1.71828098485553,2.9587006108522,0.496022000983423,-0.359600750132276,-0.103330530851366,-0.285935458023539,NONE,-0.0895919598967582,Normal,0.44693779307133,1,2,3,4,3,3,3,3,3,7,1,1,2,3,2,1,0,2,0.297607266471232,12.2307652581205,200601
304,20,RL,0.365436003180649,-0.0466815419246601,Pave,NONE,Lvl,Corner,Gtl,CollgCr,Norm,Norm,1Fam,1Story,5,7,1972,VinylSd,VinylSd,None,-0.567015949674981,PConc,894,0,0,894,GasA,0.268289832918241,SBrkr,-0.785025043886639,-1.199214614133,1,0,-1.02736282330994,-0.756321032880405,0.169927088600022,-0.207698474525451,-0.925062116656053,-0.924311211315714,Attchd,0.232726140626856,0.367925207527428,1.28287638849187,-0.702842766617084,-0.359600750132276,-0.103330530851366,-0.285935458023539,GdWo,-0.0895919598967582,Abnorml,0.44693779307133,1,2,2,2,2,3,0,3,3,7,5,1,2,3,3,1,0,1,-0.250997476711292,11.9177236840907,200610
305,75,RM,0.873264023731024,1.04213233551814,Pave,NONE,Lvl,Inside,Gtl,OldTown,Norm,Norm,1Fam,2.5Fin,7,9,1880,CemntBd,CmentBd,None,-0.567015949674981,BrkTil,0,0,1470,1470,GasA,0.268289832918241,SBrkr,3.45641492476022,3.93751087275466,0,0,2.59009445201179,-0.756321032880405,0.169927088600022,-0.207698474525451,2.26145702249785,0.623631660646747,Attchd,0.295002434288667,1.84357172708185,1.64649862541911,-0.702842766617084,-0.359600750132276,-0.103330530851366,-0.285935458023539,NONE,-0.0895919598967582,Normal,0.44693779307133,1,2,2,4,3,3,5,3,3,7,1,1,2,3,3,1,0,1,-0.250997476711292,12.594730635322,200808
306,20,RL,0.664158368210282,0.0276307026806833,Pave,NONE,Lvl,Inside,Gtl,CollgCr,Norm,Norm,1Fam,1Story,8,5,2004,CemntBd,CmentBd,Stone,0.808638788214747,PConc,1464,0,536,2000,GasA,0.268289832918241,SBrkr,-0.785025043886639,0.986710121726085,1,0,0.781365814350925,-0.756321032880405,0.169927088600022,-0.207698474525451,0.98684936683629,-0.924311211315714,Attchd,0.297226587633731,1.92709888856606,0.587251239587583,-0.702842766617084,-0.359600750132276,-0.103330530851366,-0.285935458023539,NONE,-0.0895919598967582,Normal,0.44693779307133,1,2,3,4,3,3,0,3,3,7,6,1,2,3,3,1,0,3,0.297607266471232,12.631013530139,200710
307,60,RL,1.73955888231696,0.41922833295594,Pave,NONE,Lvl,Inside,Gtl,SawyerW,Feedr,Norm,1Fam,2Story,7,5,1990,HdBoard,Plywood,BrkFace,0.808638788214747,CBlock,700,0,0,700,GasA,0.268289832918241,SBrkr,1.83029630091706,1.4669811079953,1,0,0.781365814350925,1.23259887250509,1.38565545042224,-0.207698474525451,0.98684936683629,0.623631660646747,Attchd,0.266088440802826,1.26816239241283,0.263153158848085,-0.0516075842168084,3.12769024533654,-0.103330530851366,-0.285935458023539,NONE,-0.0895919598967582,Normal,0.44693779307133,1,2,3,3,3,3,3,3,3,7,5,1,2,3,3,1,0,2,0.297607266471232,12.3238556811866,200709
308,50,RM,-1.72562055202678,-0.285089425641461,Pave,Grvl,Lvl,Inside,Gtl,IDOTRR,Artery,Norm,1Fam,1.5Fin,6,7,1920,MetalSd,MetalSd,None,-0.567015949674981,CBlock,0,0,319,319,GasA,0.268289832918241,FuseA,0.0805273369538366,-0.187285622487564,0,0,-1.02736282330994,-0.756321032880405,0.169927088600022,-0.207698474525451,-0.287758288825272,-0.924311211315714,NONE,-4.15997671587587,-2.19357441132175,-0.740760408320604,1.42847237578382,-0.359600750132276,-0.103330530851366,-0.285935458023539,MnPrv,-0.0895919598967582,Normal,-2.23744784062252,1,1,2,2,1,3,0,0,0,7,1,1,0,3,2,1,0,0,-0.250997476711292,11.4019939042629,200806
309,30,RL,-1.72562055202678,0.27567635190944,Pave,NONE,Lvl,Inside,Gtl,Edwards,Norm,Norm,1Fam,1Story,4,5,1940,VinylSd,VinylSd,None,-0.567015949674981,CBlock,262,0,599,861,GasA,0.268289832918241,SBrkr,-0.785025043886639,-1.26443659992264,0,0,-1.02736282330994,-0.756321032880405,-2.26152963504441,-0.207698474525451,-1.56236594448683,-0.924311211315714,Detchd,0.20158799379595,0.307600035344386,0.508202927212096,-0.702842766617084,-0.359600750132276,-0.103330530851366,-0.285935458023539,NONE,-0.0895919598967582,Normal,-2.23744784062252,1,2,2,4,2,3,0,3,3,7,4,1,2,3,2,1,0,1,-0.250997476711292,11.3205535723228,200906
310,20,RL,0.962880733239914,0.280241609257209,Pave,NONE,Lvl,Inside,Gtl,NridgHt,Norm,Norm,1Fam,1Story,9,5,2003,VinylSd,VinylSd,None,-0.567015949674981,PConc,1274,0,622,1896,GasA,0.268289832918241,SBrkr,-0.785025043886639,0.876030388264865,1,0,0.781365814350925,-0.756321032880405,0.169927088600022,-0.207698474525451,0.98684936683629,3.71951740457167,Attchd,0.295002434288667,1.09182727372394,0.903444489089533,1.88729716338401,-0.359600750132276,-0.103330530851366,-0.285935458023539,NONE,-0.0895919598967582,Normal,0.44693779307133,1,2,3,4,4,3,5,3,3,7,6,1,2,3,2,4,0,3,1.66911912442754,12.7938593104323,200603
311,60,RL,-1.72562055202678,-0.314890411106062,Pave,NONE,Lvl,Inside,Gtl,Gilbert,Norm,Norm,1Fam,2Story,6,5,1993,HdBoard,HdBoard,BrkFace,0.0592984025349766,PConc,518,0,179,697,GasA,0.268289832918241,SBrkr,1.09072728548194,0.000474639634147814,0,0,0.781365814350925,1.23259887250509,0.169927088600022,-0.207698474525451,-0.287758288825272,0.623631660646747,Attchd,0.27276090083802,-0.244607310023463,0.761157526813655,0.229607608183311,-0.359600750132276,-0.103330530851366,-0.285935458023539,NONE,-0.0895919598967582,Normal,-2.23744784062252,1,2,2,3,3,3,3,3,3,7,5,1,2,3,2,1,0,3,0.297607266471232,12.0173305209333,200608
312,20,RL,-0.232008726878616,-0.274944409313087,Pave,NONE,Lvl,Inside,Gtl,NAmes,Norm,Norm,1Fam,1Story,6,6,1948,VinylSd,VinylSd,None,-0.567015949674981,CBlock,680,0,292,972,GasA,0.268289832918241,SBrkr,-0.785025043886639,-1.04505355681201,1,0,-1.02736282330994,-0.756321032880405,-1.04580127322219,-0.207698474525451,-0.925062116656053,0.623631660646747,Detchd,0.17267400031011,-1.07987892486559,-0.740760408320604,-0.702842766617084,-0.359600750132276,-0.103330530851366,-0.285935458023539,NONE,-0.0895919598967582,Normal,0.44693779307133,1,3,2,4,2,3,4,3,3,7,5,1,2,3,3,1,0,1,-0.250997476711292,11.7905572015685,200908
313,190,RM,0.216074820665833,-0.300306950134023,Pave,NONE,Lvl,Inside,Gtl,OldTown,Artery,Norm,2fmCon,1.5Fin,5,7,1939,MetalSd,MetalSd,None,-0.567015949674981,CBlock,507,0,286,793,GasA,0.268289832918241,SBrkr,-0.0267918261692412,-0.75649568028812,1,0,-1.02736282330994,-0.756321032880405,0.169927088600022,-0.207698474525451,-0.925062116656053,0.623631660646747,Detchd,0.152656620204528,-0.291011288625803,-0.740760408320604,-0.702842766617084,-0.359600750132276,-0.103330530851366,4.53829689564413,MnPrv,-0.0895919598967582,Normal,0.44693779307133,1,2,2,2,2,3,4,3,3,7,3,1,2,3,3,2,0,1,0.297607266471232,11.6944133410156,200608
314,20,RL,2.75521492341771,26.0063544528616,Pave,NONE,Low,Inside,Sev,Timber,Norm,Norm,1Fam,1Story,7,5,1965,BrkFace,BrkFace,None,-0.567015949674981,CBlock,1236,820,80,2136,GasW,0.268289832918241,SBrkr,-0.785025043886639,1.05786137895115,2,0,0.781365814350925,-0.756321032880405,0.169927088600022,-0.207698474525451,0.98684936683629,2.17157453260921,Attchd,0.210484607176209,0.186949690978301,-0.740760408320604,-0.702842766617084,-0.359600750132276,-0.103330530851366,-0.285935458023539,NONE,-0.0895919598967582,Normal,0.44693779307133,1,2,2,2,2,3,4,3,3,7,5,3,2,3,0,4,0,2,0.297607266471232,12.8346813049525,200909
315,70,RM,0.0667136381510165,-0.0720440827455964,Pave,Grvl,Lvl,Inside,Gtl,OldTown,Norm,Norm,1Fam,2Story,7,7,1925,Wd Sdng,Wd Sdng,None,-0.567015949674981,BrkTil,16,0,712,728,GasA,0.268289832918241,SBrkr,1.10239241190836,0.277173973287196,0,1,-1.02736282330994,1.23259887250509,0.169927088600022,-0.207698474525451,-0.287758288825272,0.623631660646747,Detchd,0.121518473373622,0.340082820366024,-0.740760408320604,-0.702842766617084,3.28337287906283,-0.103330530851366,-0.285935458023539,NONE,-0.0895919598967582,Normal,0.44693779307133,1,2,2,4,4,4,4,2,3,7,2,1,2,3,3,1,0,1,-0.250997476711292,12.0895388292742,200611
316,60,RL,0.395308239683612,-0.300941013654547,Pave,NONE,Lvl,Inside,Gtl,Gilbert,Norm,Norm,1Fam,2Story,7,5,2004,VinylSd,VinylSd,None,-0.567015949674981,PConc,425,0,291,716,GasA,0.268289832918241,SBrkr,0.885421060376921,-0.135898603380569,1,0,0.781365814350925,1.23259887250509,0.169927088600022,-0.207698474525451,-0.287758288825272,0.623631660646747,Attchd,0.297226587633731,-0.188922535700655,0.0497227154342694,0.0519980129832354,-0.359600750132276,-0.103330530851366,-0.285935458023539,NONE,-0.0895919598967582,Normal,0.44693779307133,1,2,3,4,3,3,4,3,3,7,6,1,2,3,2,1,0,3,0.297607266471232,12.1468532858702,200910
317,60,RL,1.08236967925177,0.359753174730844,Pave,NONE,Lvl,Corner,Gtl,NWAmes,Norm,Norm,1Fam,2Story,7,7,1980,CemntBd,CmentBd,BrkFace,0.98758574598902,CBlock,692,0,153,845,GasA,0.268289832918241,SBrkr,2.01460529845452,1.68438772729413,1,0,0.781365814350925,1.23259887250509,1.38565545042224,-0.207698474525451,2.26145702249785,0.623631660646747,Attchd,0.250519367387373,0.0523781530315144,1.53583098809343,2.18331315538414,-0.359600750132276,-0.103330530851366,-0.285935458023539,GdPrv,-0.0895919598967582,Normal,0.44693779307133,1,2,3,2,4,3,3,3,3,7,6,1,2,3,2,1,0,2,0.297607266471232,12.4684369099977,200911
318,60,FV,0.514797185695465,-0.148131705208405,Pave,NONE,Lvl,Inside,Gtl,Somerst,Norm,Norm,1Fam,2Story,8,5,2006,VinylSd,VinylSd,None,-0.567015949674981,PConc,0,0,1088,1088,GasA,0.268289832918241,SBrkr,1.24703997959599,0.905676745441978,0,0,0.781365814350925,1.23259887250509,0.169927088600022,-0.207698474525451,0.98684936683629,0.623631660646747,Attchd,0.301674894323861,2.56283339541812,0.903444489089533,-0.0220059850167959,-0.359600750132276,-0.103330530851366,-0.285935458023539,NONE,-0.0895919598967582,Normal,0.44693779307133,1,2,3,4,3,3,4,3,3,7,1,1,2,3,3,3,0,2,0.297607266471232,12.5061772379805,200704
319,60,RL,0.962880733239914,-0.034000271514192,Pave,NONE,Low,Inside,Mod,NoRidge,Norm,Norm,1Fam,2Story,7,5,1993,HdBoard,HdBoard,BrkFace,0.864559712519207,PConc,987,0,360,1347,GasA,0.268289832918241,SBrkr,2.18724916956556,2.26347990415372,1,0,0.781365814350925,1.23259887250509,1.38565545042224,-0.207698474525451,1.62415319466707,0.623631660646747,Attchd,0.27276090083802,0.850526584991767,1.94688221244597,0.185205209383292,1.88222917552625,-0.103330530851366,-0.285935458023539,NONE,-0.0895919598967582,Normal,0.44693779307133,1,2,3,4,3,3,3,3,3,7,6,1,2,3,3,4,0,2,0.297607266471232,12.4684369099977,200907
320,80,RL,-1.72562055202678,0.500515276287041,Pave,NONE,Lvl,Inside,Gtl,NWAmes,Norm,Norm,1Fam,SLvl,7,5,1980,Plywood,Plywood,BrkFace,0.69120484717538,CBlock,1036,0,336,1372,GasA,0.268289832918241,SBrkr,-0.785025043886639,-0.0568416509082693,1,0,0.781365814350925,-0.756321032880405,0.169927088600022,-0.207698474525451,-0.287758288825272,2.17157453260921,Attchd,0.243846907352179,0.534979530495853,1.10106527002825,0.00759561418321662,-0.359600750132276,-0.103330530851366,-0.285935458023539,NONE,-0.0895919598967582,Normal,-2.23744784062252,1,2,2,2,2,3,3,3,3,7,6,1,2,3,3,3,0,1,0.297607266471232,12.1415341243926,200909
321,60,RL,1.59019769980214,0.772401713887478,Pave,NONE,Lvl,Corner,Gtl,NridgHt,Norm,Norm,1Fam,2Story,9,5,2006,VinylSd,VinylSd,Stone,1.50205824959006,PConc,0,0,1249,1249,GasA,0.268289832918241,SBrkr,2.35756001539131,2.16465871356335,0,0,2.59009445201179,1.23259887250509,1.38565545042224,-0.207698474525451,1.62415319466707,-0.924311211315714,Attchd,0.301674894323861,1.70435979127483,1.15639908869109,1.57648037178388,-0.359600750132276,-0.103330530851366,-0.285935458023539,NONE,-0.0895919598967582,Partial,0.44693779307133,1,2,2,4,3,4,0,3,3,7,1,1,2,3,3,3,0,2,1.66911912442754,12.7444443677961,200612
322,60,RL,1.23173086176658,0.244860864812003,Pave,NONE,Lvl,Inside,Gtl,NridgHt,Norm,Norm,1Fam,2Story,8,5,2004,VinylSd,VinylSd,BrkFace,1.60271591333809,PConc,970,0,166,1136,GasA,0.268289832918241,SBrkr,2.32256463611205,1.91167646565199,1,0,0.781365814350925,1.23259887250509,1.38565545042224,-0.207698474525451,2.26145702249785,0.623631660646747,BuiltIn,0.297226587633731,1.85285252280232,0.713728539388363,1.57648037178388,-0.359600750132276,-0.103330530851366,-0.285935458023539,NONE,-0.0895919598967582,Normal,0.44693779307133,1,2,3,4,3,3,4,3,3,7,6,1,2,3,2,3,0,3,1.66911912442754,12.7770521921159,200709
323,60,RL,0.843391787228061,0.0268698264560552,Pave,NONE,Lvl,Inside,Gtl,SawyerW,Norm,Norm,1Fam,2Story,7,5,1986,Plywood,Plywood,BrkFace,0.394823948361739,CBlock,28,1474,0,1502,GasA,0.268289832918241,SBrkr,1.96094571689298,2.42949950434555,1,0,0.781365814350925,1.23259887250509,1.38565545042224,-0.207698474525451,0.98684936683629,0.623631660646747,Attchd,0.259415980767632,0.479294756173045,0.848110670426691,0.718033994983517,-0.359600750132276,-0.103330530851366,-0.285935458023539,MnPrv,-0.0895919598967582,Normal,0.44693779307133,1,2,3,4,3,3,3,3,3,7,2,5,2,3,2,4,0,3,-0.250997476711292,12.614865543731,200711
324,20,RM,-0.261880963381579,-0.551396104261293,Pave,NONE,Lvl,Inside,Gtl,OldTown,Norm,Norm,1Fam,1Story,3,8,1955,VinylSd,VinylSd,None,-0.567015949674981,CBlock,256,0,906,1162,GasA,0.268289832918241,SBrkr,-0.785025043886639,-0.667556608756783,1,0,-1.02736282330994,-0.756321032880405,0.169927088600022,-0.207698474525451,-0.287758288825272,-0.924311211315714,Attchd,0.188243073725562,-1.17268688207027,0.381725627411316,0.74763559418353,-0.359600750132276,-0.103330530851366,-0.285935458023539,NONE,-0.0895919598967582,Normal,0.44693779307133,1,3,2,4,2,3,0,2,3,7,5,1,2,3,3,1,0,1,-0.250997476711292,11.7454251112085,200610
325,80,RL,1.14211415225769,0.140367196629745,Pave,NONE,Lvl,Corner,Gtl,NAmes,PosN,Norm,1Fam,SLvl,7,7,1967,Wd Sdng,Wd Sdng,BrkFace,1.11061177945883,CBlock,0,0,710,710,GasA,0.268289832918241,SBrkr,1.73464226422041,2.91965260967381,0,0,0.781365814350925,1.23259887250509,2.60138381224446,-0.207698474525451,2.89876085032863,0.623631660646747,BuiltIn,0.20158799379595,0.423609981850236,1.15639908869109,-0.702842766617084,-0.359600750132276,-0.103330530851366,-0.285935458023539,NONE,-0.0895919598967582,Normal,0.44693779307133,1,3,3,4,3,3,4,3,3,7,1,1,2,3,3,1,0,3,0.297607266471232,12.3966930051388,201009
326,45,RM,-0.232008726878616,-0.655382521627132,Pave,NONE,Lvl,Inside,Gtl,IDOTRR,RRAe,Norm,1Fam,1.5Unf,5,6,1941,MetalSd,MetalSd,None,-0.567015949674981,CBlock,116,0,604,720,GasA,-3.72731232161413,FuseF,-0.785025043886639,-1.37906918100748,0,0,-1.02736282330994,-0.756321032880405,-1.04580127322219,-0.207698474525451,-0.925062116656053,-0.924311211315714,Detchd,0.157104926894657,-0.523031181637505,-0.740760408320604,-0.702842766617084,3.43905551278911,-0.103330530851366,-0.285935458023539,NONE,-0.0895919598967582,Normal,0.44693779307133,1,2,2,0,2,3,0,3,3,7,4,1,2,3,3,3,0,1,-0.250997476711292,11.3736633976367,200704
327,120,RL,-0.769708983931955,0.0859645465688368,Pave,NONE,Lvl,CulDSac,Gtl,Veenker,Norm,Norm,TwnhsE,1Story,8,5,1993,BrkFace,BrkFace,None,-0.567015949674981,PConc,1619,0,100,1719,GasA,0.268289832918241,SBrkr,-0.785025043886639,0.43133503060818,2,0,-1.02736282330994,1.23259887250509,-2.26152963504441,-0.207698474525451,-0.287758288825272,2.17157453260921,Attchd,0.27276090083802,0.00133377656894009,0.223629002660341,-0.258818778616896,-0.359600750132276,-0.103330530851366,-0.285935458023539,NONE,-0.0895919598967582,Normal,0.44693779307133,1,2,3,4,3,3,4,3,3,7,6,1,2,3,2,4,0,3,0.297607266471232,12.6884987947745,200808
328,20,RL,0.664158368210282,0.181581325463767,Pave,NONE,Lvl,Inside,Gtl,NAmes,Norm,Norm,1Fam,1Story,6,5,1960,Wd Sdng,Wd Sdng,BrkFace,0.411600225653077,CBlock,565,0,818,1383,GasA,0.268289832918241,SBrkr,-0.785025043886639,-0.232743370159136,0,0,-1.02736282330994,1.23259887250509,0.169927088600022,-0.207698474525451,0.349545539005509,-0.924311211315714,Attchd,0.199363840450886,-0.838578236133418,-0.740760408320604,-0.0368067846168022,-0.359600750132276,-0.103330530851366,-0.285935458023539,NONE,-0.0895919598967582,Normal,0.44693779307133,1,2,2,2,2,3,0,3,3,7,3,1,2,3,3,1,0,2,-0.250997476711292,11.8862116747142,200607
329,75,RL,-1.72562055202678,0.218103384245915,Pave,Pave,Bnk,Inside,Gtl,BrkSide,PosN,Norm,1Fam,2.5Unf,6,6,1916,Wd Sdng,Wd Shng,None,-0.567015949674981,BrkTil,0,0,844,844,GasA,-3.72731232161413,FuseA,0.822429377674244,1.25155091250829,0,0,0.781365814350925,-0.756321032880405,2.60138381224446,-0.207698474525451,2.26145702249785,-0.924311211315714,Detchd,0.132639240098946,-0.147158954958549,-0.740760408320604,0.185205209383292,3.8126938337322,-0.103330530851366,-0.285935458023539,NONE,-0.0895919598967582,Normal,-2.23744784062252,1,2,2,3,3,3,0,3,3,7,1,1,2,3,2,1,0,1,-0.250997476711292,12.2760650173502,200910
330,70,RM,0.0667136381510165,-0.477591110472368,Pave,NONE,Lvl,Corner,Gtl,IDOTRR,Norm,Norm,1Fam,2Story,5,5,1920,Wd Sdng,Wd Shng,None,-0.567015949674981,PConc,0,0,596,596,GasA,-3.72731232161413,SBrkr,0.605458026142804,-0.610240318214366,0,0,-1.02736282330994,-0.756321032880405,0.169927088600022,-0.207698474525451,-0.287758288825272,-0.924311211315714,Detchd,0.110397706648299,-1.31653921573752,-0.740760408320604,-0.702842766617084,1.77325133191785,-0.103330530851366,-0.285935458023539,GdWo,-0.0895919598967582,Normal,0.44693779307133,1,2,2,2,2,3,0,2,2,7,1,1,0,3,3,2,0,1,-0.250997476711292,11.2644641056717,200910
331,90,RL,-1.72562055202678,0.0578121262575975,Pave,NONE,Lvl,Inside,Gtl,NAmes,Norm,Norm,Duplex,1Story,5,4,1964,HdBoard,HdBoard,BrkFace,-0.0972801855175127,CBlock,40,264,1424,1728,GasA,0.268289832918241,SBrkr,-0.785025043886639,0.449122844914448,0,1,0.781365814350925,-0.756321032880405,3.81711217406667,4.45593111885755,2.26145702249785,-0.924311211315714,Detchd,0.292778280943602,-0.560154364519377,0.48448843349945,-0.702842766617084,-0.359600750132276,-0.103330530851366,-0.285935458023539,NONE,-0.0895919598967582,Normal,-2.23744784062252,1,2,2,2,2,3,0,3,3,7,6,3,2,3,2,1,0,1,-0.250997476711292,11.6868787720937,200703
332,20,RL,0.365436003180649,-0.252625373390663,Pave,NONE,Lvl,Inside,Gtl,NAmes,Norm,Norm,1Fam,1Story,5,6,1958,Wd Sdng,Wd Sdng,None,-0.567015949674981,CBlock,846,0,210,1056,GasA,0.268289832918241,SBrkr,-0.785025043886639,-0.879033956620184,1,0,-1.02736282330994,-0.756321032880405,0.169927088600022,-0.207698474525451,-0.287758288825272,-0.924311211315714,Attchd,0.194915533760756,-0.764331870369674,-0.740760408320604,-0.702842766617084,-0.359600750132276,-0.103330530851366,-0.285935458023539,NONE,-0.0895919598967582,Normal,0.44693779307133,1,2,2,1,2,3,0,3,3,7,3,1,2,3,3,1,0,2,-0.250997476711292,11.8422292121128,200711
333,20,RL,0.813519550725098,0.0617433200848426,Pave,NONE,Lvl,Inside,Gtl,NridgHt,Norm,Norm,1Fam,1Story,8,5,2003,VinylSd,VinylSd,BrkFace,1.08824340973705,PConc,1124,479,1603,3206,GasA,0.268289832918241,SBrkr,-0.785025043886639,0.253456887545506,1,0,0.781365814350925,-0.756321032880405,0.169927088600022,-0.207698474525451,0.349545539005509,0.623631660646747,Attchd,0.295002434288667,1.88997570568419,-0.740760408320604,-0.702842766617084,-0.359600750132276,-0.103330530851366,-0.285935458023539,NONE,-0.0895919598967582,Normal,0.44693779307133,1,2,3,4,3,3,4,3,3,7,6,0,2,3,2,1,0,2,0.297607266471232,12.5567295171433,200902
334,120,RM,0.0368414016480533,-0.24983549390036,Pave,NONE,Lvl,FR3,Gtl,NridgHt,Norm,Norm,TwnhsE,1Story,7,5,2004,VinylSd,VinylSd,Stone,0.249429545170142,PConc,720,0,638,1358,GasA,0.268289832918241,SBrkr,-0.785025043886639,-0.282153965454323,1,0,0.781365814350925,-0.756321032880405,-1.04580127322219,-0.207698474525451,-0.287758288825272,0.623631660646747,Attchd,0.297226587633731,0.0523781530315144,0.776967189288753,-0.258818778616896,-0.359600750132276,-0.103330530851366,-0.285935458023539,NONE,-0.0895919598967582,Normal,0.44693779307133,1,2,3,4,3,3,4,3,3,7,6,1,2,3,3,3,0,2,0.297607266471232,12.2404740722475,200810
335,60,RL,0.0368414016480533,-0.142805571636009,Pave,NONE,Lvl,Inside,Gtl,Gilbert,Norm,Norm,1Fam,2Story,6,5,1998,VinylSd,VinylSd,None,-0.567015949674981,PConc,828,0,115,943,GasA,0.268289832918241,SBrkr,0.83642752938595,0.271244701851774,1,0,0.781365814350925,1.23259887250509,0.169927088600022,-0.207698474525451,0.349545539005509,2.17157453260921,Attchd,0.283881667563343,-0.00330662129129393,0.0497227154342694,-0.140412381816846,-0.359600750132276,-0.103330530851366,-0.285935458023539,NONE,-0.0895919598967582,Normal,0.44693779307133,1,2,2,3,2,3,3,3,3,7,6,1,2,3,2,4,0,3,0.297607266471232,12.1652506510099,200810
336,190,RL,-1.72562055202678,19.5915338157263,Grvl,NONE,HLS,Corner,Sev,Timber,Norm,Norm,2fmCon,1.5Fin,5,6,1965,Plywood,Plywood,None,-0.567015949674981,CBlock,1249,147,103,1499,GasA,0.268289832918241,SBrkr,-0.395409821244161,0.563755425999282,2,0,0.781365814350925,-0.756321032880405,0.169927088600022,-0.207698474525451,0.349545539005509,2.17157453260921,Attchd,0.210484607176209,0.261196056742045,4.55547652083705,-0.702842766617084,-0.359600750132276,-0.103330530851366,-0.285935458023539,NONE,1.14431217701959,Normal,-2.23744784062252,1,2,2,4,2,3,4,3,3,7,5,4,2,3,2,4,0,3,-0.250997476711292,12.3412589180852,200811
337,20,RL,0.843391787228061,0.505841409859437,Pave,NONE,HLS,Corner,Gtl,StoneBr,Norm,Norm,1Fam,1Story,9,5,2005,VinylSd,VinylSd,Stone,0.551402536414229,PConc,1249,0,673,1922,GasA,0.268289832918241,SBrkr,-0.785025043886639,0.8325490644051,1,0,0.781365814350925,-0.756321032880405,0.169927088600022,-0.207698474525451,0.98684936683629,0.623631660646747,Attchd,0.299450740978796,0.943334542196447,0.666299551963071,0.0519980129832354,-0.359600750132276,-0.103330530851366,-0.285935458023539,NONE,-0.0895919598967582,Normal,0.44693779307133,1,2,3,4,3,3,4,3,3,7,6,1,2,3,2,4,0,3,1.66911912442754,12.8411298019654,200710
338,20,RL,0.365436003180649,-0.131011990154273,Pave,NONE,Lvl,Inside,Gtl,CollgCr,Norm,Norm,1Fam,1Story,7,5,2002,VinylSd,VinylSd,BrkFace,0.0648904949654226,PConc,810,0,726,1536,GasA,0.268289832918241,SBrkr,-0.785025043886639,0.0696494730474099,1,0,0.781365814350925,-0.756321032880405,0.169927088600022,-0.207698474525451,0.349545539005509,-0.924311211315714,Attchd,0.292778280943602,0.275117250322748,0.776967189288753,0.392416403783379,-0.359600750132276,-0.103330530851366,-0.285935458023539,NONE,-0.0895919598967582,Normal,0.44693779307133,1,2,3,4,3,3,0,3,3,7,6,1,2,3,3,3,0,2,0.297607266471232,12.273731294004,200804
339,20,RL,0.992752969742877,0.504319657410181,Pave,NONE,Lvl,Corner,Gtl,NWAmes,Norm,Norm,1Fam,1Story,7,7,1984,Wd Sdng,Wd Sdng,None,-0.567015949674981,CBlock,213,0,995,1208,GasA,0.268289832918241,SBrkr,-0.785025043886639,0.237645497051046,1,0,0.781365814350925,-0.756321032880405,0.169927088600022,-0.207698474525451,0.98684936683629,-0.924311211315714,Attchd,0.252743520732438,-0.151799352818783,0.112961365334659,-0.0368067846168022,-0.359600750132276,-0.103330530851366,-0.285935458023539,NONE,0.615496118341154,Normal,0.44693779307133,1,2,3,4,3,3,0,3,3,7,5,1,2,3,3,2,0,2,0.297607266471232,12.2184951655287,200608
340,20,RL,0.245947057168796,0.283031488747512,Pave,NONE,Lvl,Inside,Gtl,NAmes,Feedr,Norm,1Fam,1Story,6,7,1958,Wd Sdng,Wd Sdng,BrkFace,0.417192318083524,CBlock,585,0,630,1215,GasA,0.268289832918241,FuseA,-0.785025043886639,-0.564782570542794,0,0,-1.02736282330994,-0.756321032880405,0.169927088600022,-0.207698474525451,-0.287758288825272,-0.924311211315714,Attchd,0.194915533760756,-0.815376246832248,-0.740760408320604,-0.702842766617084,-0.359600750132276,-0.103330530851366,3.87963786580758,NONE,-0.0895919598967582,Normal,0.44693779307133,1,2,2,2,2,2,0,3,3,7,3,1,2,3,2,1,0,1,-0.250997476711292,11.9511803959014,200909
341,60,RL,0.813519550725098,0.510153041798997,Pave,NONE,Lvl,Inside,Gtl,Timber,Norm,Norm,1Fam,2Story,8,5,2002,VinylSd,VinylSd,None,-0.567015949674981,PConc,0,0,967,967,GasA,0.268289832918241,SBrkr,1.3496930921485,0.804879131039796,0,0,0.781365814350925,1.23259887250509,1.38565545042224,-0.207698474525451,1.62415319466707,-0.924311211315714,Attchd,0.292778280943602,-0.193562933560889,0.326391808748475,-0.702842766617084,-0.359600750132276,-0.103330530851366,-0.285935458023539,NONE,-0.0895919598967582,Normal,0.44693779307133,1,2,3,4,3,3,0,3,3,7,1,1,2,3,3,1,0,3,0.297607266471232,12.2204685258139,201007
342,20,RH,0.0667136381510165,-0.224219327671214,Pave,NONE,Lvl,Inside,Gtl,SawyerW,Feedr,Norm,1Fam,1Story,4,4,1950,Wd Sdng,AsbShng,None,-0.567015949674981,CBlock,0,0,721,721,GasA,0.268289832918241,SBrkr,-0.785025043886639,-1.30396507615879,0,0,-1.02736282330994,-0.756321032880405,-1.04580127322219,-0.207698474525451,-1.56236594448683,-0.924311211315714,CarPort,0.177122307000239,-0.82929744041295,1.23544740106658,-0.702842766617084,0.0140375708108115,-0.103330530851366,-0.285935458023539,NONE,-0.0895919598967582,Normal,0.44693779307133,1,1,1,3,2,2,0,3,3,7,1,1,0,3,3,1,0,1,-0.250997476711292,11.3144745262464,200912
343,90,RL,-1.72562055202678,-0.20595829828014,Pave,NONE,Lvl,Inside,Gtl,NAmes,Norm,Norm,Duplex,1Story,3,4,1949,Stucco,Stucco,BrkFace,1.33429547667668,Slab,0,0,0,0,Wall,-3.72731232161413,FuseA,-0.785025043886639,-0.910656737609104,0,0,0.781365814350925,-0.756321032880405,-1.04580127322219,4.45593111885755,-0.287758288825272,-0.924311211315714,Detchd,0.174898153655174,-0.337415267228144,-0.740760408320604,-0.702842766617084,-0.359600750132276,-0.103330530851366,-0.285935458023539,NONE,-0.0895919598967582,Normal,-2.23744784062252,0,2,2,1,2,0,0,3,3,7,0,0,2,3,3,0,0,1,-4.91413779376274,11.3793940723457,200608
344,120,RL,0.156330347659906,-0.167280423528212,Pave,NONE,Lvl,Inside,Gtl,NridgHt,Norm,Norm,TwnhsE,1Story,9,5,2005,MetalSd,MetalSd,BrkFace,2.87771298747978,PConc,28,0,1656,1684,GasA,0.268289832918241,SBrkr,-0.785025043886639,0.362160197194918,0,0,0.781365814350925,-0.756321032880405,-1.04580127322219,-0.207698474525451,-0.287758288825272,0.623631660646747,Attchd,0.299450740978796,0.423609981850236,3.17213105426602,0.362814804583367,-0.359600750132276,-0.103330530851366,-0.285935458023539,NONE,-0.0895919598967582,Normal,0.44693779307133,1,2,4,4,4,3,5,3,3,7,6,1,2,3,2,1,0,2,1.66911912442754,12.4912515877638,200810
345,160,RM,-0.650220037920102,-0.960747513111205,Pave,NONE,Lvl,Inside,Gtl,MeadowV,Norm,Norm,TwnhsE,2Story,5,3,1976,CemntBd,CmentBd,None,-0.567015949674981,CBlock,129,232,175,536,GasA,0.268289832918241,SBrkr,0.558797520437118,-0.768354223158965,0,0,-1.02736282330994,1.23259887250509,0.169927088600022,-0.207698474525451,-1.56236594448683,-0.924311211315714,Attchd,0.234950293971921,-0.634400730283121,0.697918876913265,-0.702842766617084,-0.359600750132276,-0.103330530851366,-0.285935458023539,NONE,-0.0895919598967582,Normal,0.44693779307133,1,2,2,2,2,3,0,3,3,7,3,4,2,3,3,1,0,1,0.297607266471232,11.3504065354725,201007
346,50,RL,0.216074820665833,-0.473406291236913,Pave,NONE,Lvl,Inside,Gtl,BrkSide,RRAn,Norm,1Fam,1.5Fin,6,5,1939,MetalSd,MetalSd,None,-0.567015949674981,BrkTil,0,0,972,972,GasA,0.268289832918241,SBrkr,0.626455253710363,0.150682849331517,0,0,-1.02736282330994,-0.756321032880405,0.169927088600022,-0.207698474525451,-0.287758288825272,0.623631660646747,Detchd,0.152656620204528,-0.745770278928738,-0.740760408320604,-0.702842766617084,-0.359600750132276,-0.103330530851366,-0.285935458023539,NONE,-0.0895919598967582,Normal,0.44693779307133,1,2,2,3,1,3,4,3,3,7,1,1,2,3,3,1,0,1,-0.250997476711292,11.8508252535826,200602
347,20,RL,-1.72562055202678,0.330205814674453,Pave,NONE,Lvl,CulDSac,Gtl,NAmes,Norm,Norm,1Fam,1Story,6,8,1960,MetalSd,MetalSd,None,-0.567015949674981,CBlock,498,0,460,958,GasA,0.268289832918241,SBrkr,-0.785025043886639,-1.07272349017732,0,0,-1.02736282330994,-0.756321032880405,-1.04580127322219,-0.207698474525451,-0.925062116656053,-0.924311211315714,Attchd,0.199363840450886,-0.796814655391312,-0.740760408320604,-0.702842766617084,-0.359600750132276,-0.103330530851366,-0.285935458023539,NONE,27.2325710718223,Normal,-2.23744784062252,1,3,2,2,2,3,0,3,3,7,4,1,2,3,2,2,0,2,-0.250997476711292,11.9283409039316,200707
348,20,RL,-1.72562055202678,0.942457550091856,Pave,NONE,Lvl,Inside,Gtl,NAmes,Norm,Norm,1Fam,1Story,6,5,1960,Wd Sdng,Wd Sdng,BrkFace,-0.399253176761599,CBlock,1270,0,208,1478,GasA,0.268289832918241,FuseA,-0.785025043886639,-0.0449831080374244,1,0,0.781365814350925,-0.756321032880405,0.169927088600022,-0.207698474525451,-0.287758288825272,2.17157453260921,Attchd,0.199363840450886,0.117343723074791,-0.740760408320604,-0.110810782616833,-0.359600750132276,-0.103330530851366,-0.285935458023539,NONE,-0.0895919598967582,Normal,-2.23744784062252,1,2,2,4,2,3,4,3,3,7,4,1,2,3,2,1,0,1,-0.250997476711292,11.9671807372478,200904
349,160,RL,-0.650220037920102,-0.979008542502279,Pave,NONE,Lvl,Inside,Gtl,NridgHt,Norm,Norm,Twnhs,2Story,7,5,2003,VinylSd,Wd Shng,Stone,0.0257458479523003,PConc,573,0,191,764,GasA,0.268289832918241,SBrkr,1.22604275202843,0.247527616110084,1,0,0.781365814350925,1.23259887250509,-1.04580127322219,-0.207698474525451,-0.287758288825272,-0.924311211315714,BuiltIn,0.295002434288667,0.00597417442917412,-0.740760408320604,-0.303221177416915,-0.359600750132276,-0.103330530851366,-0.285935458023539,NONE,-0.0895919598967582,Normal,0.44693779307133,1,2,3,4,3,3,0,3,3,7,6,1,2,3,3,1,0,2,0.297607266471232,11.9447078813958,200802
350,60,RL,-0.0527753078608365,1.30146431541221,Pave,NONE,Lvl,Inside,Gtl,NridgHt,Norm,Norm,1Fam,2Story,9,5,2005,CemntBd,CmentBd,BrkFace,4.29810446481308,PConc,1410,0,438,1848,GasA,0.268289832918241,SBrkr,1.26803720716355,2.42554665672194,1,0,0.781365814350925,1.23259887250509,1.38565545042224,-0.207698474525451,2.26145702249785,2.17157453260921,Attchd,0.301674894323861,1.08254647800347,-0.740760408320604,-0.702842766617084,-0.359600750132276,-0.103330530851366,-0.285935458023539,NONE,-0.0895919598967582,Partial,0.44693779307133,1,2,4,4,4,3,5,3,3,7,6,1,2,3,1,1,0,3,1.66911912442754,12.9880408147445,200607
351,120,RL,0.305691530174723,-0.29777069605193,Pave,NONE,Lvl,Inside,Gtl,NridgHt,Norm,Norm,TwnhsE,1Story,9,5,2007,MetalSd,MetalSd,BrkFace,1.45732151014649,PConc,0,0,1869,1869,GasA,0.268289832918241,SBrkr,-0.785025043886639,0.727798602379303,0,0,0.781365814350925,-0.756321032880405,-1.04580127322219,-0.207698474525451,-0.287758288825272,0.623631660646747,Attchd,0.303899047668925,0.66955106844264,0.91925415156463,0.0964004117832542,-0.359600750132276,-0.103330530851366,-0.285935458023539,NONE,-0.0895919598967582,Partial,0.44693779307133,1,2,4,4,4,3,4,3,3,7,1,1,2,3,2,1,0,2,1.66911912442754,12.6699984672658,200704
352,120,RL,-1.72562055202678,-0.621016278814763,Pave,NONE,Low,Inside,Mod,ClearCr,Norm,Norm,1Fam,1Story,7,5,1986,Wd Sdng,Wd Sdng,None,-0.567015949674981,PConc,1082,0,371,1453,GasA,0.268289832918241,SBrkr,-0.785025043886639,-0.0943937033326116,1,0,-1.02736282330994,1.23259887250509,-1.04580127322219,-0.207698474525451,-0.287758288825272,0.623631660646747,Attchd,0.257191827422567,-0.128597363517613,-0.740760408320604,0.481221201383417,-0.359600750132276,-0.103330530851366,2.9895580957582,NONE,-0.0895919598967582,Abnorml,-2.23744784062252,1,2,2,3,3,3,3,3,3,7,6,1,2,3,2,4,0,2,0.297607266471232,12.1547793511426,200604
353,50,RL,0.0667136381510165,-0.137479438063612,Pave,NONE,Lvl,Inside,Gtl,Edwards,Artery,Norm,1Fam,1.5Fin,5,6,1941,VinylSd,VinylSd,None,-0.567015949674981,CBlock,236,380,0,616,GasA,-3.72731232161413,SBrkr,0.36982247232909,-0.770330646970773,0,1,-1.02736282330994,-0.756321032880405,0.169927088600022,-0.207698474525451,-0.925062116656053,-0.924311211315714,Detchd,0.157104926894657,-1.26549483927495,-0.361328508918265,-0.702842766617084,-0.359600750132276,-0.103330530851366,-0.285935458023539,NONE,-0.0895919598967582,Normal,0.44693779307133,1,2,2,2,2,2,0,3,2,7,2,3,2,3,3,2,0,1,-0.250997476711292,11.4616321705827,200806
354,30,RM,0.0667136381510165,-0.209001803178652,Pave,NONE,Lvl,Inside,Gtl,OldTown,Norm,Norm,1Fam,1Story,6,8,1928,VinylSd,VinylSd,None,-0.567015949674981,BrkTil,0,0,624,624,GasA,0.268289832918241,SBrkr,-0.785025043886639,-1.5431123573875,0,0,-1.02736282330994,-0.756321032880405,-1.04580127322219,-0.207698474525451,-0.925062116656053,-0.924311211315714,Detchd,0.299450740978796,0.0523781530315144,0.0971517028595617,-0.702842766617084,-0.359600750132276,-0.103330530851366,-0.285935458023539,NONE,-0.0895919598967582,Normal,0.44693779307133,1,3,2,3,2,3,0,3,3,7,1,1,2,3,3,1,0,1,-0.250997476711292,11.5702505315895,201008
355,50,RL,0.0667136381510165,-0.224219327671214,Pave,NONE,Bnk,Inside,Gtl,SWISU,Norm,Norm,1Fam,1.5Fin,6,5,1940,Wd Sdng,MetalSd,None,-0.567015949674981,CBlock,388,0,552,940,GasA,0.268289832918241,SBrkr,0.155184146082934,0.186258477944052,0,0,-1.02736282330994,-0.756321032880405,-1.04580127322219,-0.207698474525451,-0.287758288825272,2.17157453260921,Attchd,0.154880773549592,-1.07987892486559,-0.740760408320604,-0.702842766617084,1.32177169411162,-0.103330530851366,-0.285935458023539,NONE,-0.0895919598967582,Normal,0.44693779307133,1,2,2,4,2,3,4,3,3,7,2,1,2,3,3,1,0,1,-0.250997476711292,11.8493977015914,200609
356,20,RL,1.41096428078436,0.137070066323023,Pave,NONE,Lvl,Inside,Gtl,CollgCr,Norm,Norm,1Fam,1Story,6,5,1995,VinylSd,VinylSd,None,-0.567015949674981,PConc,334,544,322,1200,GasA,0.268289832918241,SBrkr,-0.785025043886639,-0.594428927719906,1,0,0.781365814350925,-0.756321032880405,0.169927088600022,-0.207698474525451,-0.287758288825272,-0.924311211315714,Attchd,0.277209207528149,0.224072873860173,-0.740760408320604,-0.318021977016921,-0.359600750132276,-0.103330530851366,-0.285935458023539,NONE,-0.0895919598967582,Normal,0.44693779307133,1,3,3,4,3,4,0,3,3,7,5,4,2,3,1,1,0,2,0.297607266471232,12.0867258878976,200711
357,20,RL,-1.72562055202678,-0.116682154590444,Pave,NONE,Lvl,Inside,Gtl,Gilbert,Norm,Norm,1Fam,1Story,6,6,1992,HdBoard,HdBoard,BrkFace,0.0257458479523003,PConc,560,0,598,1158,GasA,0.268289832918241,SBrkr,-0.785025043886639,-0.659650913509553,1,0,0.781365814350925,-0.756321032880405,0.169927088600022,-0.207698474525451,-0.287758288825272,-0.924311211315714,Attchd,0.270536747492955,-0.337415267228144,0.207819340185244,-0.318021977016921,-0.359600750132276,-0.103330530851366,-0.285935458023539,NONE,-0.0895919598967582,Normal,-2.23744784062252,1,2,2,3,3,3,0,3,3,7,6,1,2,3,2,1,0,2,0.297607266471232,12.0610468734799,200910
358,120,RM,-0.411242145896396,-0.753789180012364,Pave,NONE,Lvl,Inside,Gtl,MeadowV,Norm,Norm,TwnhsE,1Story,5,5,1976,CemntBd,CmentBd,None,-0.567015949674981,PConc,874,0,268,1142,GasA,0.268289832918241,SBrkr,-0.785025043886639,-0.709061508804741,1,0,-1.02736282330994,1.23259887250509,0.169927088600022,-0.207698474525451,-0.287758288825272,0.623631660646747,Attchd,0.234950293971921,0.256555658881811,3.49622913500552,0.62922919738348,-0.359600750132276,-0.103330530851366,-0.285935458023539,MnPrv,-0.0895919598967582,Normal,0.44693779307133,1,2,2,2,2,3,1,3,3,7,5,1,2,3,3,1,0,3,0.297607266471232,11.805595078933,200711
359,80,RL,1.02262520624584,-0.410634002705096,Pave,NONE,Lvl,Inside,Gtl,ClearCr,Norm,Norm,1Fam,SLvl,5,4,1958,Wd Sdng,ImStucc,BrkFace,0.104035141978545,CBlock,300,294,468,1062,GasA,0.268289832918241,FuseF,-0.785025043886639,-0.294012508325168,0,1,-1.02736282330994,-0.756321032880405,0.169927088600022,-0.207698474525451,-0.287758288825272,-0.924311211315714,BuiltIn,0.194915533760756,-0.857139827574354,0.587251239587583,-0.702842766617084,4.21746868142055,-0.103330530851366,-0.285935458023539,NONE,-0.0895919598967582,Abnorml,0.44693779307133,1,2,2,4,3,3,0,3,3,5,4,3,2,3,2,3,0,1,-0.250997476711292,11.7752897294377,200610
360,60,RL,0.604413895204355,0.233701346850791,Pave,NONE,Lvl,CulDSac,Gtl,NoRidge,Norm,Norm,1Fam,2Story,8,5,1998,VinylSd,VinylSd,BrkFace,2.39679303846142,PConc,956,0,130,1086,GasA,0.268289832918241,SBrkr,1.17005014518161,0.836501912028715,1,0,0.781365814350925,1.23259887250509,0.169927088600022,-0.207698474525451,0.349545539005509,0.623631660646747,Attchd,0.283881667563343,0.553541121936789,0.903444489089533,0.407217203383386,-0.359600750132276,-0.103330530851366,6.37186122194586,NONE,-0.0895919598967582,Normal,0.44693779307133,1,2,3,4,3,3,3,3,3,7,6,1,2,3,2,3,0,2,0.297607266471232,12.5425448821514,200609
361,85,RL,-1.72562055202678,-0.33327825320124,Pave,NONE,Lvl,CulDSac,Gtl,Mitchel,Norm,Norm,1Fam,SFoyer,6,6,1978,VinylSd,VinylSd,None,-0.567015949674981,CBlock,773,0,115,888,GasA,0.268289832918241,SBrkr,-0.785025043886639,-1.16363898552046,1,0,-1.02736282330994,-0.756321032880405,-1.04580127322219,-0.207698474525451,-0.925062116656053,0.623631660646747,Attchd,0.23939860066205,-0.012587417011762,-0.740760408320604,-0.702842766617084,-0.359600750132276,-0.103330530851366,3.1319708589661,MnPrv,-0.0895919598967582,Normal,-2.23744784062252,1,2,2,4,2,3,3,3,3,7,6,1,2,3,2,3,0,2,0.297607266471232,11.9576112862317,200709
362,50,RL,-1.72562055202678,-0.129870675817331,Pave,Pave,Lvl,Inside,Gtl,BrkSide,Norm,Norm,1Fam,1.5Fin,5,5,1940,MetalSd,MetalSd,None,-0.567015949674981,CBlock,399,0,484,883,GasA,0.268289832918241,SBrkr,0.421149028605345,0.00838033488137777,1,0,-1.02736282330994,-0.756321032880405,0.169927088600022,-0.207698474525451,0.98684936683629,-0.924311211315714,Detchd,0.154880773549592,-1.07987892486559,-0.740760408320604,-0.702842766617084,-0.359600750132276,-0.103330530851366,-0.285935458023539,NONE,-0.0895919598967582,Normal,-2.23744784062252,1,2,2,3,2,3,0,3,3,7,3,1,0,3,3,1,0,1,-0.250997476711292,11.8844890214027,200810
363,85,RL,0.18620258416287,-0.363586489482259,Pave,NONE,Lvl,Corner,Gtl,Edwards,Norm,Norm,1Fam,SFoyer,7,5,2003,HdBoard,HdBoard,BrkFace,2.22903026554804,Slab,0,0,0,0,GasA,0.268289832918241,SBrkr,2.54420203821406,0.8325490644051,0,0,2.59009445201179,-0.756321032880405,1.38565545042224,-0.207698474525451,0.349545539005509,0.623631660646747,BuiltIn,0.295002434288667,0.924772950755511,-0.740760408320604,-0.702842766617084,2.395981866823,-0.103330530851366,-0.285935458023539,NONE,-0.0895919598967582,Normal,0.44693779307133,0,2,3,4,3,0,5,3,3,7,0,0,2,3,3,0,0,2,-4.91413779376274,12.1985443791094,200910
364,160,RM,-1.09830358546455,-1.07640069925467,Pave,NONE,Lvl,Inside,Gtl,BrDale,Norm,Norm,Twnhs,2Story,6,8,1972,HdBoard,HdBoard,BrkFace,2.2849511898525,CBlock,162,0,321,483,GasA,0.268289832918241,SBrkr,0.390819699896649,-1.0154071996349,0,0,-1.02736282330994,1.23259887250509,-1.04580127322219,-0.207698474525451,-0.925062116656053,-0.924311211315714,Detchd,0.226053680591662,-0.968509376219971,1.23544740106658,-0.702842766617084,-0.359600750132276,-0.103330530851366,-0.285935458023539,NONE,-0.0895919598967582,Normal,0.44693779307133,1,2,2,3,3,3,0,3,3,7,5,1,2,3,3,1,0,1,-0.250997476711292,11.6784399034478,200908
365,60,RL,-1.72562055202678,1.09463279501747,Pave,NONE,Lvl,FR2,Gtl,NWAmes,Norm,Norm,1Fam,2Story,6,5,1976,HdBoard,HdBoard,BrkFace,0.104035141978545,PConc,712,0,84,796,GasA,0.268289832918241,SBrkr,1.04406677977625,0.144753577896094,1,0,0.781365814350925,1.23259887250509,0.169927088600022,-0.207698474525451,-0.287758288825272,0.623631660646747,Attchd,0.234950293971921,0.432890777570704,1.67811795036931,0.940045988983611,-0.359600750132276,-0.103330530851366,-0.285935458023539,NONE,-0.0895919598967582,Normal,-2.23744784062252,1,2,2,2,2,3,3,3,3,7,6,1,2,3,2,2,0,3,0.297607266471232,12.1547793511426,200610
366,70,RM,0.0368414016480533,0.0661817647285065,Pave,NONE,Lvl,Inside,Gtl,IDOTRR,Norm,Norm,1Fam,2Story,5,7,1920,VinylSd,VinylSd,None,-0.567015949674981,CBlock,456,0,216,672,GasA,0.268289832918241,FuseA,0.782767947824411,-0.309823898819628,0,0,-1.02736282330994,-0.756321032880405,0.169927088600022,-0.207698474525451,-0.287758288825272,-0.924311211315714,Detchd,0.208260453831144,-0.02186821273223,-0.740760408320604,1.19165958218372,3.03428066510077,-0.103330530851366,-0.285935458023539,NONE,-0.0895919598967582,Normal,0.44693779307133,1,3,2,3,2,2,0,3,2,7,3,1,2,3,3,1,0,1,-0.250997476711292,11.8981878657609,200910
367,20,RL,-1.72562055202678,-0.0847253531560646,Pave,NONE,Lvl,Inside,Gtl,NAmes,Norm,Norm,1Fam,1Story,6,5,1963,Plywood,Plywood,BrkFace,0.814230880645193,CBlock,609,0,785,1394,GasA,0.268289832918241,SBrkr,-0.785025043886639,-0.211002708229253,1,0,-1.02736282330994,1.23259887250509,0.169927088600022,-0.207698474525451,-0.287758288825272,2.17157453260921,Attchd,0.20603630048608,0.191590088838535,-0.740760408320604,0.422018002983392,-0.359600750132276,-0.103330530851366,3.00735969115919,NONE,-0.0895919598967582,Normal,-2.23744784062252,1,2,2,3,2,3,4,3,3,7,4,1,2,3,2,1,0,2,0.297607266471232,11.9766594812024,200910
368,80,RL,1.29147533477251,-0.129109799592703,Pave,NONE,Lvl,Corner,Gtl,NAmes,Norm,Norm,1Fam,SLvl,6,5,1962,Plywood,Plywood,BrkFace,1.13857224161106,CBlock,371,0,728,1099,GasA,0.268289832918241,SBrkr,-0.785025043886639,-0.137875027192376,0,1,-1.02736282330994,-0.756321032880405,0.169927088600022,-0.207698474525451,-0.287758288825272,0.623631660646747,Basment,0.203812147141015,-0.820016644692482,-0.234851209117485,0.925245189383605,-0.359600750132276,-0.103330530851366,-0.285935458023539,NONE,-0.0895919598967582,Normal,0.44693779307133,1,2,2,3,2,3,4,3,3,7,6,1,2,3,2,4,0,2,0.297607266471232,12.0137007528827,200804
369,20,RL,0.604413895204355,-0.300306950134023,Pave,NONE,Lvl,Inside,Gtl,NAmes,Norm,Norm,1Fam,1Story,5,6,1954,HdBoard,HdBoard,BrkFace,0.551402536414229,PConc,540,0,728,1268,GasA,0.268289832918241,SBrkr,-0.785025043886639,-0.460032108516997,0,0,-1.02736282330994,-0.756321032880405,-1.04580127322219,-0.207698474525451,0.349545539005509,0.623631660646747,Attchd,0.186018920380498,-1.06131733342465,-0.740760408320604,0.74763559418353,-0.359600750132276,-0.103330530851366,-0.285935458023539,NONE,-0.0895919598967582,Normal,0.44693779307133,1,2,2,3,2,3,4,3,3,7,2,1,2,3,3,1,0,3,-0.250997476711292,11.7905572015685,201006
370,20,RL,-1.72562055202678,-0.0428771608015197,Pave,NONE,Lvl,Corner,Gtl,NAmes,Norm,Norm,1Fam,1Story,5,7,1959,Wd Sdng,Wd Sdng,None,-0.567015949674981,CBlock,72,258,733,1063,GasA,0.268289832918241,SBrkr,-0.785025043886639,-0.422480056092655,1,0,-1.02736282330994,-0.756321032880405,0.169927088600022,-0.207698474525451,0.349545539005509,0.623631660646747,Detchd,0.281657514218279,0.479294756173045,2.13659816214713,-0.451229173416977,-0.359600750132276,-0.103330530851366,2.95395490495622,NONE,-0.0895919598967582,Normal,-2.23744784062252,1,3,2,4,3,3,4,3,3,7,5,3,2,3,2,1,0,3,-0.250997476711292,11.9953516142145,201006
371,60,RL,-1.72562055202678,-0.25960007211642,Pave,NONE,Lvl,Inside,Gtl,Gilbert,Norm,Norm,1Fam,2Story,6,5,2000,VinylSd,VinylSd,None,-0.567015949674981,PConc,0,0,953,953,GasA,0.268289832918241,SBrkr,0.873755933950499,0.322631720958768,0,0,0.781365814350925,1.23259887250509,0.169927088600022,-0.207698474525451,0.349545539005509,0.623631660646747,Attchd,0.288329974253473,-0.0589913956141022,0.0497227154342694,-0.110810782616833,-0.359600750132276,-0.103330530851366,-0.285935458023539,NONE,-0.0895919598967582,Normal,-2.23744784062252,1,2,2,4,2,3,3,3,3,7,1,1,2,3,2,1,0,2,0.297607266471232,12.0575726372117,200601
372,50,RL,0.664158368210282,0.881587452121609,Pave,NONE,Lvl,Inside,Gtl,ClearCr,Feedr,Norm,1Fam,1.5Fin,4,4,1959,WdShing,Plywood,None,-0.567015949674981,CBlock,0,0,0,0,GasA,0.268289832918241,SBrkr,0.306830789626414,0.172423511261399,0,0,0.781365814350925,-0.756321032880405,1.38565545042224,-0.207698474525451,0.349545539005509,0.623631660646747,Detchd,0.268312594147891,0.961896133637383,-0.740760408320604,0.170404409783286,-0.359600750132276,-0.103330530851366,-0.285935458023539,NONE,-0.0895919598967582,Normal,0.44693779307133,0,2,2,2,2,0,4,3,3,5,0,0,0,3,3,0,0,3,-4.91413779376274,11.8088137739691,200810
373,120,RL,-0.232008726878616,-0.379564890199449,Pave,NONE,Lvl,Inside,Gtl,SawyerW,Norm,Norm,TwnhsE,1Story,6,5,1984,Plywood,Plywood,None,-0.567015949674981,CBlock,623,121,0,744,GasA,0.268289832918241,SBrkr,-0.785025043886639,-1.47986679540966,1,0,-1.02736282330994,-0.756321032880405,-1.04580127322219,-0.207698474525451,-1.56236594448683,-0.924311211315714,Attchd,0.252743520732438,-0.968509376219971,2.0496450185341,-0.702842766617084,-0.359600750132276,-0.103330530851366,1.31620812806535,MnPrv,-0.0895919598967582,Normal,0.44693779307133,1,2,2,2,2,3,0,3,3,7,5,2,2,3,3,1,0,1,0.297607266471232,11.7360690162844,201005
374,20,RL,0.634286131707318,0.0590802532986443,Pave,NONE,Lvl,Inside,Gtl,NAmes,Norm,Norm,1Fam,1Story,5,6,1953,MetalSd,MetalSd,None,-0.567015949674981,PConc,428,180,0,608,GasA,0.268289832918241,SBrkr,-0.785025043886639,-0.359234494114815,1,0,-1.02736282330994,-0.756321032880405,0.169927088600022,-0.207698474525451,-0.925062116656053,-0.924311211315714,Attchd,0.183794767035433,-0.940666989058567,-0.219041546642388,-0.702842766617084,-0.359600750132276,-0.103330530851366,-0.285935458023539,GdWo,-0.0895919598967582,Normal,0.44693779307133,1,2,2,2,2,3,0,3,3,5,4,2,2,3,3,1,0,1,-0.250997476711292,11.7199396343546,200903
375,60,RL,0.216074820665833,-0.249581868492151,Pave,NONE,Lvl,Inside,Gtl,CollgCr,Norm,Norm,1Fam,2Story,7,5,2003,VinylSd,VinylSd,None,-0.567015949674981,PConc,0,0,847,847,GasA,0.268289832918241,SBrkr,1.73697528950569,0.844407607275945,0,0,0.781365814350925,1.23259887250509,1.38565545042224,-0.207698474525451,0.98684936683629,0.623631660646747,BuiltIn,0.295002434288667,-0.179641739980187,0.0497227154342694,0.00759561418321662,-0.359600750132276,-0.103330530851366,-0.285935458023539,NONE,-0.0895919598967582,Normal,0.44693779307133,1,2,3,4,3,3,4,3,3,7,1,1,2,3,3,1,0,3,0.297607266471232,12.2991075114974,200710
376,30,RL,-1.72562055202678,-0.0187827470216302,Pave,NONE,Low,Inside,Sev,Edwards,Norm,Norm,1Fam,1Story,1,1,1922,Wd Sdng,Wd Sdng,None,-0.567015949674981,BrkTil,350,0,333,683,GasA,-3.72731232161413,FuseA,-0.785025043886639,-1.17945037601492,1,0,-2.8360914609708,1.23259887250509,-2.26152963504441,-0.207698474525451,-1.56236594448683,-0.924311211315714,NONE,-4.15997671587587,-2.19357441132175,-0.740760408320604,-0.702842766617084,-0.359600750132276,-0.103330530851366,-0.285935458023539,NONE,-0.0895919598967582,Normal,-2.23744784062252,1,1,1,3,1,1,0,0,0,3,4,1,2,3,2,4,0,0,-0.799602219893816,11.0186291431554,200906
377,85,RL,-0.0229030713578732,-0.167660861640526,Pave,NONE,Lvl,CulDSac,Gtl,CollgCr,Norm,Norm,1Fam,SFoyer,5,5,1996,VinylSd,VinylSd,None,-0.567015949674981,PConc,298,0,572,870,GasA,0.268289832918241,SBrkr,-0.785025043886639,-1.15968613789685,0,0,-1.02736282330994,-0.756321032880405,-1.04580127322219,-0.207698474525451,-0.925062116656053,-0.924311211315714,Detchd,0.283881667563343,0.479294756173045,-0.740760408320604,-0.702842766617084,-0.359600750132276,-0.103330530851366,-0.285935458023539,NONE,-0.0895919598967582,Normal,0.44693779307133,1,2,3,4,2,3,0,3,3,7,6,1,2,3,2,3,0,1,0.297607266471232,11.9049675527463,200610
378,60,FV,1.32134757127547,0.123627919687927,Pave,NONE,Lvl,Corner,Gtl,Somerst,Norm,Norm,1Fam,2Story,8,5,2004,CemntBd,CmentBd,None,-0.567015949674981,PConc,0,0,1580,1580,GasA,0.268289832918241,SBrkr,1.28203535887525,1.90772361802837,0,0,2.59009445201179,-0.756321032880405,1.38565545042224,-0.207698474525451,0.98684936683629,0.623631660646747,Attchd,0.297226587633731,0.637068283421001,0.516107758449645,2.46452834778426,-0.359600750132276,-0.103330530851366,-0.285935458023539,NONE,-0.0895919598967582,Normal,0.44693779307133,1,2,3,4,3,3,4,3,3,7,1,1,2,3,2,1,0,2,0.297607266471232,12.7367008965923,200704
379,20,RL,0.903136260233988,0.155457908418202,Pave,NONE,Lvl,Corner,Gtl,StoneBr,Norm,Norm,1Fam,1Story,9,2,2010,VinylSd,VinylSd,Stone,1.39021640098114,PConc,1445,0,411,1856,GasA,0.268289832918241,SBrkr,-0.785025043886639,0.702105092825806,1,0,-1.02736282330994,1.23259887250509,-2.26152963504441,-0.207698474525451,0.98684936683629,0.623631660646747,Attchd,0.310571507704119,1.67651740411342,0.152485521522403,-0.702842766617084,-0.359600750132276,-0.103330530851366,-0.285935458023539,NONE,-0.0895919598967582,Partial,0.44693779307133,1,2,3,4,4,3,5,3,3,7,6,1,2,3,3,3,0,3,1.66911912442754,12.8852020343219,201009
380,60,RL,0.0667136381510165,-0.259346446708211,Pave,NONE,Lvl,Inside,Gtl,Gilbert,RRAn,Norm,1Fam,2Story,6,5,2000,VinylSd,VinylSd,BrkFace,-0.477542470787844,PConc,0,0,982,982,GasA,0.268289832918241,SBrkr,1.06506400734381,0.591425359364587,0,0,0.781365814350925,1.23259887250509,0.169927088600022,-0.207698474525451,0.349545539005509,0.623631660646747,Attchd,0.288329974253473,-0.0450702020334002,0.0497227154342694,0.229607608183311,-0.359600750132276,-0.103330530851366,-0.285935458023539,NONE,-0.0895919598967582,Normal,0.44693779307133,1,2,2,4,2,3,3,3,3,7,1,1,2,3,2,1,0,3,0.297607266471232,12.0951410848229,200909
381,50,RL,-0.232008726878616,-0.655382521627132,Pave,Pave,Lvl,Inside,Gtl,SWISU,Norm,Norm,1Fam,1.5Fin,5,6,1924,BrkFace,Wd Sdng,None,-0.567015949674981,BrkTil,218,0,808,1026,GasA,0.268289832918241,SBrkr,0.766436770827421,0.375995163877571,0,0,0.781365814350925,-0.756321032880405,0.169927088600022,-0.207698474525451,-0.287758288825272,0.623631660646747,Detchd,0.119294320028558,-0.764331870369674,-0.740760408320604,-0.702842766617084,3.40791898604386,-0.103330530851366,-0.285935458023539,NONE,-0.0895919598967582,Normal,0.44693779307133,1,2,2,2,3,3,4,3,3,7,2,1,2,3,3,1,0,1,-0.250997476711292,11.7519423654407,201008
382,20,FV,0.0667136381510165,-0.376394572596832,Pave,Pave,Lvl,Inside,Gtl,Somerst,Norm,Norm,1Fam,1Story,7,5,2006,VinylSd,VinylSd,None,-0.567015949674981,PConc,0,0,1293,1293,GasA,0.268289832918241,SBrkr,-0.785025043886639,-0.39481012272735,1,0,0.781365814350925,-0.756321032880405,-1.04580127322219,-0.207698474525451,-0.925062116656053,0.623631660646747,Attchd,0.301674894323861,0.460733164732109,0.966683138989922,1.08805398498367,-0.359600750132276,-0.103330530851366,-0.285935458023539,NONE,-0.0895919598967582,Partial,0.44693779307133,1,2,3,4,3,4,4,3,3,7,1,1,2,3,3,1,0,2,0.297607266471232,12.1428665696264,200611
383,60,RL,0.634286131707318,-0.117062592702758,Pave,NONE,Lvl,Inside,Gtl,CollgCr,Norm,Norm,1Fam,2Story,7,5,2006,VinylSd,VinylSd,None,-0.567015949674981,PConc,0,0,939,939,GasA,0.268289832918241,SBrkr,1.21671065088729,0.585496087929164,0,0,0.781365814350925,1.23259887250509,0.169927088600022,-0.207698474525451,0.98684936683629,-0.924311211315714,Attchd,0.301674894323861,0.771639821367788,0.397535289886414,0.0815996121832479,-0.359600750132276,-0.103330530851366,-0.285935458023539,NONE,-0.0895919598967582,Normal,0.44693779307133,1,2,3,4,3,3,0,3,3,7,1,1,2,3,2,3,0,2,0.297607266471232,12.2713921116508,200707
384,45,RH,0.0667136381510165,-0.148131705208405,Pave,NONE,Lvl,Corner,Gtl,SawyerW,Norm,Norm,1Fam,1.5Unf,6,3,1928,Wd Sdng,Wd Sdng,None,-0.567015949674981,BrkTil,0,0,784,784,GasA,-3.72731232161413,FuseA,-0.785025043886639,-1.41662123343182,0,0,-1.02736282330994,-0.756321032880405,-1.04580127322219,-0.207698474525451,-0.925062116656053,-0.924311211315714,Detchd,0.177122307000239,-0.523031181637505,-0.740760408320604,-0.702842766617084,1.05711121677693,-0.103330530851366,-0.285935458023539,NONE,-0.0895919598967582,Normal,0.44693779307133,1,2,2,2,2,2,0,2,2,7,1,1,0,3,3,1,0,1,-0.799602219893816,11.2384886192685,200902
385,60,RL,-1.72562055202678,5.44519623473678,Pave,NONE,Low,Corner,Mod,ClearCr,Feedr,Norm,1Fam,2Story,6,5,1992,HdBoard,HdBoard,None,-0.567015949674981,PConc,985,0,595,1580,GasA,0.268289832918241,SBrkr,1.25403905545184,0.893818202571133,1,0,0.781365814350925,1.23259887250509,0.169927088600022,-0.207698474525451,1.62415319466707,2.17157453260921,Attchd,0.270536747492955,0.131264916655493,0.966683138989922,2.71614194098436,-0.359600750132276,-0.103330530851366,-0.285935458023539,NONE,-0.0895919598967582,Normal,-2.23744784062252,1,2,3,4,3,3,2,3,3,7,6,1,2,3,1,3,0,3,0.297607266471232,12.3883942023241,200709
386,120,RL,-0.441114382399359,-0.885928017689443,Pave,NONE,Lvl,Inside,Gtl,Blmngtn,Norm,Norm,TwnhsE,1Story,8,5,2004,VinylSd,VinylSd,BrkFace,-0.477542470787844,PConc,24,0,1232,1256,GasA,0.268289832918241,SBrkr,-0.785025043886639,-0.458055684705189,0,0,0.781365814350925,-0.756321032880405,-1.04580127322219,-0.207698474525451,-0.287758288825272,0.623631660646747,Attchd,0.297226587633731,-0.198203331421123,0.413344952361511,-0.406826774616959,-0.359600750132276,-0.103330530851366,2.27749427971869,NONE,-0.0895919598967582,Normal,0.44693779307133,1,2,3,4,3,3,3,3,3,7,6,1,2,3,3,1,0,3,0.297607266471232,12.1652506510099,201007
387,50,RL,0.00696916514509001,-0.222951200630167,Pave,NONE,Lvl,FR2,Gtl,Edwards,Feedr,Norm,1Fam,1.5Fin,5,3,1910,Wd Sdng,VinylSd,None,-0.567015949674981,PConc,0,0,658,658,GasA,0.268289832918241,SBrkr,0.442146256172903,-0.626051708708826,0,0,-1.02736282330994,-0.756321032880405,2.60138381224446,-0.207698474525451,0.98684936683629,-0.924311211315714,NONE,-4.15997671587587,-2.19357441132175,-0.740760408320604,1.53207797298386,-0.359600750132276,-0.103330530851366,-0.285935458023539,NONE,-0.0895919598967582,AdjLand,0.44693779307133,1,1,2,2,2,3,0,0,0,7,1,1,0,3,3,1,0,0,-0.250997476711292,11.3022044336546,200608
388,80,RL,0.425180476186576,-0.376394572596832,Pave,NONE,Lvl,Inside,Gtl,Edwards,Norm,Norm,1Fam,SLvl,6,6,1976,MetalSd,MetalSd,BrkFace,0.858967620088761,CBlock,631,0,410,1041,GasA,0.268289832918241,SBrkr,-0.785025043886639,-0.742660713605468,1,0,-1.02736282330994,-0.756321032880405,0.169927088600022,-0.207698474525451,-0.287758288825272,0.623631660646747,Detchd,0.237174447316985,-0.560154364519377,1.59906963799382,-0.702842766617084,-0.359600750132276,-0.103330530851366,-0.285935458023539,GdWo,-0.0895919598967582,Abnorml,0.44693779307133,1,2,2,4,2,3,2,3,3,7,5,1,2,3,3,3,0,1,-0.250997476711292,11.7360690162844,200902
389,20,RL,1.0524974427488,-0.099689252240417,Pave,NONE,Lvl,CulDSac,Gtl,CollgCr,Norm,Norm,1Fam,1Story,7,5,1999,VinylSd,VinylSd,BrkFace,0.131995604130775,PConc,0,0,1468,1468,GasA,0.268289832918241,SBrkr,-0.785025043886639,-0.0430066842256169,0,0,0.781365814350925,-0.756321032880405,0.169927088600022,-0.207698474525451,-0.287758288825272,-0.924311211315714,Attchd,0.286105820908408,0.483935154033279,0.207819340185244,-0.332822776616927,-0.359600750132276,-0.103330530851366,-0.285935458023539,NONE,-0.0895919598967582,Normal,0.44693779307133,1,2,3,4,3,3,0,3,3,7,1,1,2,3,2,1,0,2,0.297607266471232,12.1600287070288,200810
390,60,RL,1.14211415225769,0.292415628851258,Pave,NONE,Lvl,Inside,Gtl,NridgHt,Norm,Norm,1Fam,2Story,10,5,2007,VinylSd,VinylSd,Stone,0.954033191406344,PConc,1280,0,402,1682,GasA,0.268289832918241,SBrkr,0.591459874431099,1.64288282724617,1,0,0.781365814350925,1.23259887250509,0.169927088600022,-0.207698474525451,1.62415319466707,0.623631660646747,BuiltIn,0.30612320101399,1.73220217843623,0.808586514238948,1.28046437978375,-0.359600750132276,-0.103330530851366,-0.285935458023539,NONE,-0.0895919598967582,Partial,0.44693779307133,1,2,4,4,4,3,5,3,3,7,6,1,2,3,3,3,0,3,1.66911912442754,12.9621946252515,200811
391,50,RL,-0.232008726878616,-0.223585264150691,Pave,Grvl,Lvl,Inside,Gtl,Edwards,Norm,Norm,1Fam,1.5Fin,5,8,1900,MetalSd,MetalSd,None,-0.567015949674981,BrkTil,241,391,229,861,GasA,0.268289832918241,SBrkr,0.162183221938787,-0.264366151148056,1,0,-1.02736282330994,-0.756321032880405,1.38565545042224,-0.207698474525451,0.349545539005509,-0.924311211315714,Detchd,0.23939860066205,-0.411661632991888,-0.740760408320604,1.22126118138373,1.38404474760213,-0.103330530851366,-0.285935458023539,MnPrv,-0.0895919598967582,Normal,0.44693779307133,1,2,2,4,2,4,0,3,3,7,3,4,2,3,3,1,0,1,-0.250997476711292,11.6868787720937,200807
392,60,RL,0.395308239683612,0.258810262263518,Pave,NONE,Lvl,CulDSac,Gtl,Mitchel,Norm,Norm,1Fam,2Story,6,5,2001,VinylSd,VinylSd,None,-0.567015949674981,PConc,690,0,114,804,GasA,0.268289832918241,SBrkr,1.9142852111873,0.909629593065592,1,0,0.781365814350925,1.23259887250509,0.169927088600022,-0.207698474525451,0.349545539005509,0.623631660646747,BuiltIn,0.290554127598537,0.4050483904093,0.247343496372988,2.13891075658412,-0.359600750132276,-0.103330530851366,-0.285935458023539,NONE,-0.0895919598967582,Normal,0.44693779307133,1,2,2,4,3,3,3,3,3,7,5,1,2,3,2,1,0,3,1.66911912442754,12.2783933071098,200909
393,20,RL,-1.72562055202678,-0.2319549026216,Pave,NONE,Lvl,Inside,Gtl,NAmes,Norm,Norm,1Fam,1Story,5,7,1959,MetalSd,MetalSd,None,-0.567015949674981,Slab,0,0,0,0,GasA,0.268289832918241,SBrkr,-0.785025043886639,-1.22293169987469,0,0,-1.02736282330994,-0.756321032880405,0.169927088600022,-0.207698474525451,-0.925062116656053,-0.924311211315714,Attchd,0.197139687105821,-0.82929744041295,-0.740760408320604,-0.702842766617084,-0.359600750132276,-0.103330530851366,-0.285935458023539,MnPrv,2.02567227481698,Normal,-2.23744784062252,0,2,2,2,2,0,0,3,3,7,0,0,2,3,2,0,0,2,-4.91413779376274,11.5759002641316,200710
394,30,RL,-1.72562055202678,-0.34519864738708,Pave,NONE,Lvl,Corner,Gtl,BrkSide,Feedr,Norm,1Fam,1Story,4,5,1941,WdShing,Wd Shng,None,-0.567015949674981,CBlock,266,0,522,788,GasA,0.268289832918241,FuseA,-0.785025043886639,-1.40871553818459,0,0,-1.02736282330994,-0.756321032880405,-1.04580127322219,-0.207698474525451,-1.56236594448683,2.17157453260921,NONE,-4.15997671587587,-2.19357441132175,-0.740760408320604,-0.702842766617084,-0.359600750132276,-0.103330530851366,-0.285935458023539,GdWo,-0.0895919598967582,Abnorml,-2.23744784062252,1,2,2,2,2,3,3,0,0,7,3,1,2,3,3,1,0,0,-0.250997476711292,11.5129254649702,200607
395,50,RL,0.0667136381510165,-0.00432609875369647,Pave,NONE,Lvl,Inside,Gtl,OldTown,Norm,Norm,1Fam,1.5Fin,5,6,1940,MetalSd,MetalSd,None,-0.567015949674981,CBlock,0,0,735,735,GasA,0.268289832918241,FuseA,-0.0874504835866331,-0.922515280479949,0,0,-1.02736282330994,-0.756321032880405,-1.04580127322219,-0.207698474525451,-0.925062116656053,-0.924311211315714,Detchd,0.154880773549592,-1.07987892486559,-0.740760408320604,-0.12561158221684,-0.359600750132276,-0.103330530851366,-0.285935458023539,NONE,-0.0895919598967582,Normal,0.44693779307133,1,2,2,3,2,3,0,3,3,7,1,1,2,3,3,1,0,1,-0.250997476711292,11.5991031612113,200710
396,20,RL,0.305691530174723,-0.0757216511646322,Pave,NONE,Lvl,Inside,Gtl,Edwards,Norm,Norm,1Fam,1Story,5,6,1956,Wd Sdng,Wd Sdng,None,-0.567015949674981,CBlock,739,0,405,1144,GasA,0.268289832918241,SBrkr,-0.785025043886639,-0.705108661181125,1,0,-1.02736282330994,-0.756321032880405,0.169927088600022,-0.207698474525451,-0.287758288825272,-0.924311211315714,Attchd,0.190467227070627,0.572102713377725,-0.39294783386846,-0.702842766617084,-0.359600750132276,-0.103330530851366,-0.285935458023539,NONE,-0.0895919598967582,Normal,0.44693779307133,1,2,2,2,2,3,0,3,3,7,4,1,2,3,3,3,0,1,-0.250997476711292,11.7675676833438,201009
397,20,RL,0.0667136381510165,-0.376394572596832,Pave,NONE,Low,Inside,Gtl,CollgCr,Norm,Norm,1Fam,1Story,5,5,1972,MetalSd,MetalSd,None,-0.567015949674981,CBlock,777,0,117,894,GasA,0.268289832918241,SBrkr,-0.785025043886639,-1.199214614133,0,0,-1.02736282330994,-0.756321032880405,-1.04580127322219,-0.207698474525451,-0.287758288825272,-0.924311211315714,Detchd,0.254967674077503,0.590664304818661,0.958778307752374,-0.702842766617084,-0.359600750132276,-0.103330530851366,-0.285935458023539,NONE,-0.0895919598967582,Normal,0.44693779307133,1,2,2,2,2,3,0,3,3,7,3,1,2,3,3,3,0,2,-0.250997476711292,11.7199396343546,200912
398,60,RL,0.335563766677686,-0.326937617996006,Pave,NONE,Lvl,Inside,Gtl,NAmes,PosN,Norm,1Fam,2Story,5,5,1962,VinylSd,VinylSd,BrkFace,1.04350667029348,CBlock,540,0,324,864,GasA,0.268289832918241,SBrkr,1.39868662313947,0.615142445106277,0,0,0.781365814350925,-0.756321032880405,1.38565545042224,-0.207698474525451,0.98684936683629,0.623631660646747,Attchd,0.203812147141015,-0.968509376219971,-0.740760408320604,1.78369156618397,-0.359600750132276,-0.103330530851366,-0.285935458023539,NONE,-0.0895919598967582,Normal,0.44693779307133,1,2,2,2,2,3,3,3,3,7,5,1,2,3,3,1,0,2,-0.250997476711292,12.0406082058026,200710
399,30,RM,0.0667136381510165,-0.15231652444386,Pave,NONE,Lvl,Corner,Gtl,IDOTRR,Norm,Norm,1Fam,1Story,5,2,1920,MetalSd,MetalSd,None,-0.567015949674981,BrkTil,0,0,961,961,GasA,0.268289832918241,Mix,-0.785025043886639,-0.837529056572227,0,0,-1.02736282330994,-0.756321032880405,-1.04580127322219,-0.207698474525451,-0.287758288825272,-0.924311211315714,Detchd,0.110397706648299,-0.625119934562653,-0.740760408320604,-0.702842766617084,-0.359600750132276,-0.103330530851366,-0.285935458023539,NONE,-0.0895919598967582,Abnorml,0.44693779307133,1,1,2,3,2,1,0,1,1,2,1,1,0,3,3,1,0,1,-0.799602219893816,11.1124478983731,200703
400,60,FV,0.216074820665833,-0.259092821300002,Pave,NONE,Lvl,Inside,Gtl,Somerst,Norm,Norm,1Fam,2Story,7,5,2006,CemntBd,CmentBd,Stone,-0.00780670663037599,PConc,812,0,280,1092,GasA,0.268289832918241,SBrkr,0.236840031067885,0.0973194064127147,1,0,0.781365814350925,-0.756321032880405,-1.04580127322219,-0.207698474525451,0.349545539005509,-0.924311211315714,Attchd,0.303899047668925,-0.161080148539251,-0.740760408320604,1.78369156618397,-0.359600750132276,-0.103330530851366,-0.285935458023539,NONE,-0.0895919598967582,Normal,0.44693779307133,1,2,3,4,3,3,0,3,3,7,6,1,2,3,3,1,0,3,0.297607266471232,12.3925522124728,200902
401,120,RL,-0.590475564914175,0.608052449367811,Pave,NONE,Lvl,Inside,Gtl,Veenker,Norm,Norm,TwnhsE,1Story,8,5,1996,BrkFace,BrkFace,None,-0.567015949674981,PConc,786,0,474,1260,GasA,0.268289832918241,SBrkr,-0.785025043886639,-0.420503632280847,1,0,-1.02736282330994,1.23259887250509,-2.26152963504441,-0.207698474525451,-1.56236594448683,2.17157453260921,Attchd,0.279433360873214,0.126624518795259,0.207819340185244,-0.258818778616896,-0.359600750132276,-0.103330530851366,3.70162191179771,NONE,-0.0895919598967582,Normal,0.44693779307133,1,2,3,4,4,3,4,3,3,7,6,1,2,3,1,1,0,3,0.297607266471232,12.4110522262167,200804
402,20,RL,0.216074820665833,-0.177679065264796,Pave,NONE,Lvl,Inside,Gtl,CollgCr,Norm,Norm,1Fam,1Story,7,5,2005,VinylSd,VinylSd,None,-0.567015949674981,PConc,24,0,1286,1310,GasA,0.268289832918241,SBrkr,-0.785025043886639,-0.377022308421082,0,0,0.781365814350925,-0.756321032880405,0.169927088600022,-0.207698474525451,-0.287758288825272,0.623631660646747,Attchd,0.299450740978796,-0.337415267228144,-0.740760408320604,-0.702842766617084,-0.359600750132276,-0.103330530851366,-0.285935458023539,NONE,-0.0895919598967582,Partial,0.44693779307133,1,2,3,4,3,3,4,3,3,7,6,1,2,3,2,3,0,3,0.297607266471232,12.0136401449855,200610
403,30,RL,0.0667136381510165,0.00404353971721251,Pave,NONE,Lvl,Inside,Gtl,Sawyer,Norm,Norm,1Fam,1Story,5,8,1940,Wd Sdng,Wd Sdng,None,-0.567015949674981,PConc,0,0,672,672,GasA,0.268289832918241,SBrkr,-0.785025043886639,-1.63798070035426,0,0,-1.02736282330994,-0.756321032880405,-1.04580127322219,-0.207698474525451,-1.56236594448683,-0.924311211315714,Detchd,0.154880773549592,-1.07987892486559,0.587251239587583,-0.702842766617084,-0.359600750132276,-0.103330530851366,-0.285935458023539,GdPrv,-0.0895919598967582,Normal,0.44693779307133,1,2,2,4,2,3,0,3,3,7,1,1,0,3,3,1,0,1,-0.250997476711292,11.5898865061064,200811
404,60,RL,1.0524974427488,0.243719550475061,Pave,NONE,Lvl,Corner,Gtl,NoRidge,Norm,Norm,1Fam,2Story,8,5,1998,VinylSd,VinylSd,BrkFace,3.06784413011495,PConc,0,0,1141,1141,GasA,0.268289832918241,SBrkr,1.77663671935552,1.50650958423145,0,0,0.781365814350925,1.23259887250509,1.38565545042224,-0.207698474525451,2.26145702249785,0.623631660646747,BuiltIn,0.283881667563343,-0.244607310023463,0.397535289886414,1.11765558418369,-0.359600750132276,-0.103330530851366,-0.285935458023539,NONE,-0.0895919598967582,Abnorml,0.44693779307133,1,2,3,3,3,3,3,3,3,7,1,1,2,3,3,1,0,3,0.297607266471232,12.4607148639038,200610
405,60,RL,-1.72562055202678,0.0248408231903803,Pave,NONE,Lvl,Inside,Gtl,Gilbert,Norm,Norm,1Fam,2Story,6,5,1995,MetalSd,MetalSd,None,-0.567015949674981,PConc,0,0,806,806,GasA,0.268289832918241,SBrkr,1.00207232464114,0.14080073027248,0,0,0.781365814350925,1.23259887250509,0.169927088600022,-0.207698474525451,0.349545539005509,0.623631660646747,BuiltIn,0.277209207528149,-0.462706009454462,-0.740760408320604,-0.110810782616833,-0.359600750132276,-0.103330530851366,-0.285935458023539,NONE,-0.0895919598967582,Normal,-2.23744784062252,1,2,2,3,2,3,3,3,3,7,1,1,2,3,2,1,0,3,0.297607266471232,12.0317192583854,200708
406,20,RL,-1.72562055202678,-0.0224603154406659,Pave,NONE,Lvl,Corner,Gtl,Sawyer,Feedr,Norm,1Fam,1Story,4,4,1976,Plywood,Plywood,None,-0.567015949674981,CBlock,1116,0,165,1281,GasA,0.268289832918241,SBrkr,-0.785025043886639,0.235669073239239,1,0,0.781365814350925,-0.756321032880405,0.169927088600022,-0.207698474525451,0.98684936683629,0.623631660646747,Attchd,0.27276090083802,0.0802205401929185,0.207819340185244,0.451619602183404,-0.359600750132276,-0.103330530851366,-0.285935458023539,GdWo,-0.0895919598967582,Normal,-2.23744784062252,1,2,2,4,2,3,3,3,3,6,4,1,2,3,2,1,0,1,-0.250997476711292,11.9183905730784,200909
407,50,RL,-0.202136490375653,0.0395510968665233,Pave,NONE,Lvl,Inside,Gtl,SWISU,Norm,Norm,1Fam,1.5Fin,6,5,1936,MetalSd,MetalSd,None,-0.567015949674981,BrkTil,0,0,1064,1064,GasA,0.268289832918241,FuseA,-0.785025043886639,0.273221125663581,0,0,-1.02736282330994,-0.756321032880405,0.169927088600022,-0.207698474525451,-0.287758288825272,-0.924311211315714,Detchd,0.145984160169334,-1.07987892486559,-0.740760408320604,-0.702842766617084,-0.359600750132276,-0.103330530851366,-0.285935458023539,NONE,-0.0895919598967582,Normal,0.44693779307133,1,2,2,4,2,3,0,3,3,2,1,1,2,3,3,1,0,1,-0.250997476711292,11.6526874073454,200806
408,70,RL,0.156330347659906,0.68578863698398,Pave,NONE,Lvl,Inside,Gtl,Crawfor,Norm,Norm,1Fam,2Story,6,7,1915,Wd Sdng,Plywood,None,-0.567015949674981,BrkTil,0,0,840,840,GasA,0.268289832918241,SBrkr,1.17471619575217,0.354254501947688,0,0,0.781365814350925,-0.756321032880405,1.38565545042224,-0.207698474525451,0.98684936683629,-0.924311211315714,Attchd,0.199363840450886,-0.764331870369674,-0.740760408320604,-0.702842766617084,2.13132138948831,-0.103330530851366,-0.285935458023539,NONE,-0.0895919598967582,Normal,0.44693779307133,1,2,2,4,2,3,0,3,3,7,1,1,2,3,3,1,0,1,0.297607266471232,12.083905011556,200806
409,60,RL,1.53045322679622,0.505460971747123,Pave,NONE,Lvl,Corner,Gtl,NridgHt,Norm,Norm,1Fam,2Story,7,5,2006,VinylSd,VinylSd,BrkFace,1.39021640098114,PConc,0,0,1063,1063,GasA,0.268289832918241,SBrkr,1.78363579521138,1.32665501735697,0,0,0.781365814350925,1.23259887250509,0.169927088600022,-0.207698474525451,1.62415319466707,0.623631660646747,Attchd,0.301674894323861,2.20088236231987,0.776967189288753,0.214806808583304,-0.359600750132276,-0.103330530851366,-0.285935458023539,NONE,-0.0895919598967582,Partial,0.44693779307133,1,2,3,4,3,4,4,3,3,7,1,1,2,3,3,1,0,2,1.66911912442754,12.5425448821514,200711
410,60,FV,0.813519550725098,0.0801311621800214,Pave,NONE,Lvl,Inside,Gtl,Somerst,Norm,Norm,1Fam,2Story,8,5,2007,VinylSd,VinylSd,Stone,-0.00780670663037599,PConc,789,0,245,1034,GasA,0.268289832918241,SBrkr,1.61332494938562,1.14087117904707,1,0,0.781365814350925,1.23259887250509,0.169927088600022,-0.207698474525451,0.98684936683629,0.623631660646747,Attchd,0.30612320101399,1.68579819983389,-0.740760408320604,0.806838792583555,-0.359600750132276,-0.103330530851366,-0.285935458023539,NONE,-0.0895919598967582,Partial,0.44693779307133,1,2,3,4,4,3,4,3,3,7,6,1,2,3,3,1,0,3,1.66911912442754,12.7359653320134,200807
411,20,RL,0.305691530174723,-0.0757216511646322,Pave,NONE,Lvl,Inside,Gtl,Edwards,Norm,Norm,1Fam,1Story,5,3,1958,BrkComm,Brk Cmn,None,-0.567015949674981,CBlock,0,0,1276,1276,GasA,0.268289832918241,FuseA,-0.785025043886639,-0.444220718022537,0,0,-1.02736282330994,-0.756321032880405,0.169927088600022,-0.207698474525451,-0.925062116656053,-0.924311211315714,Attchd,0.194915533760756,-0.569435160239845,-0.740760408320604,-0.702842766617084,-0.359600750132276,-0.103330530851366,-0.285935458023539,NONE,-0.0895919598967582,Abnorml,0.44693779307133,1,1,2,2,2,2,0,3,3,4,1,1,2,3,3,1,0,1,-0.250997476711292,11.0020998412042,200909
412,190,RL,1.26160309826955,3.10461415507668,Pave,NONE,Bnk,Inside,Gtl,Gilbert,Norm,Norm,2fmCon,1Story,5,5,1955,Wd Sdng,Wd Sdng,None,-0.567015949674981,CBlock,1056,0,0,1056,GasA,-3.72731232161413,SBrkr,-0.785025043886639,-0.879033956620184,1,0,-1.02736282330994,-0.756321032880405,0.169927088600022,-0.207698474525451,-0.925062116656053,-0.924311211315714,Attchd,0.188243073725562,0.460733164732109,1.34611503839226,-0.702842766617084,-0.359600750132276,-0.103330530851366,-0.285935458023539,NONE,-0.0895919598967582,Normal,0.44693779307133,1,2,2,2,2,3,0,3,3,7,3,1,2,3,3,2,0,3,-0.250997476711292,11.8844890214027,200601
413,20,FV,-1.72562055202678,-0.731089705977626,Pave,NONE,Lvl,Inside,Gtl,Somerst,Norm,Norm,1Fam,1Story,7,5,2009,MetalSd,MetalSd,Stone,1.84876798027771,PConc,578,0,892,1470,GasA,0.268289832918241,SBrkr,-0.785025043886639,-0.0449831080374244,1,0,0.781365814350925,1.23259887250509,-1.04580127322219,-0.207698474525451,0.349545539005509,0.623631660646747,Attchd,0.308347354359055,0.0523781530315144,-0.740760408320604,1.42847237578382,-0.359600750132276,-0.103330530851366,-0.285935458023539,NONE,-0.0895919598967582,Partial,-2.23744784062252,1,2,4,4,3,3,4,3,3,7,6,1,2,3,1,3,0,3,1.66911912442754,12.3104326608544,201009
414,30,RM,-0.0527753078608365,-0.153204213372593,Pave,Grvl,Lvl,Inside,Gtl,OldTown,Artery,Norm,1Fam,1Story,5,6,1927,WdShing,Wd Shng,None,-0.567015949674981,CBlock,0,0,1008,1008,GasA,0.268289832918241,FuseA,-0.785025043886639,-0.934373823350794,0,0,-1.02736282330994,-0.756321032880405,-1.04580127322219,-0.207698474525451,-0.925062116656053,0.623631660646747,Detchd,0.125966780063752,-0.523031181637505,-0.740760408320604,-0.702842766617084,1.66427348830945,-0.103330530851366,-0.285935458023539,NONE,-0.0895919598967582,Normal,0.44693779307133,1,2,2,3,2,3,4,3,3,7,1,1,2,3,3,1,0,1,-0.250997476711292,11.6526874073454,201006
415,60,RL,0.0368414016480533,0.134406999536825,Pave,NONE,Lvl,CulDSac,Gtl,SawyerW,Norm,Norm,1Fam,2Story,7,5,1993,VinylSd,VinylSd,None,-0.567015949674981,PConc,50,531,499,1080,GasA,0.268289832918241,SBrkr,1.5876616712475,1.17842323147141,0,1,0.781365814350925,1.23259887250509,0.169927088600022,-0.207698474525451,1.62415319466707,0.623631660646747,Attchd,0.27276090083802,0.952615337916915,0.808586514238948,2.06490675858409,-0.359600750132276,-0.103330530851366,-0.285935458023539,NONE,-0.0895919598967582,Normal,0.44693779307133,1,2,3,4,3,3,3,3,3,7,4,6,2,3,1,1,0,1,0.297607266471232,12.3371009079366,200804
416,20,RL,0.455052712689539,-0.160939788322978,Pave,NONE,Lvl,Inside,Gtl,Gilbert,Norm,Norm,1Fam,1Story,7,5,2007,VinylSd,VinylSd,None,-0.567015949674981,PConc,24,0,1316,1340,GasA,0.268289832918241,SBrkr,-0.785025043886639,-0.317729594066858,0,0,0.781365814350925,-0.756321032880405,0.169927088600022,-0.207698474525451,-0.287758288825272,-0.924311211315714,Attchd,0.303899047668925,-0.35597685866908,0.0497227154342694,-0.258818778616896,-0.359600750132276,-0.103330530851366,-0.285935458023539,NONE,-0.0895919598967582,Partial,0.44693779307133,1,2,3,4,3,3,0,3,3,7,6,1,2,3,2,3,0,3,0.297607266471232,12.1069923678295,200711
417,60,RL,0.484924949192502,-0.294727191153417,Pave,NONE,Lvl,Inside,Gtl,Sawyer,Norm,Norm,1Fam,2Story,6,7,1978,HdBoard,HdBoard,BrkFace,0.568178813705567,CBlock,209,0,463,672,GasA,0.268289832918241,SBrkr,0.913417363800332,-0.199144165358409,0,0,-1.02736282330994,1.23259887250509,0.169927088600022,-0.207698474525451,-0.287758288825272,0.623631660646747,Attchd,0.23939860066205,-0.151799352818783,-0.740760408320604,-0.702842766617084,-0.359600750132276,-0.103330530851366,-0.285935458023539,NONE,-0.0895919598967582,Normal,0.44693779307133,1,2,2,2,2,3,3,3,3,7,5,1,2,3,3,1,0,3,-0.250997476711292,11.9150516718129,200606
418,70,RL,0.843391787228061,1.55369478387642,Pave,NONE,Lvl,Inside,Gtl,Crawfor,Feedr,Norm,1Fam,2Story,6,6,1918,Wd Sdng,Stucco,None,-0.567015949674981,BrkTil,1128,0,242,1370,GasW,-3.72731232161413,FuseA,2.14058866385987,2.21999858029396,1,0,0.781365814350925,1.23259887250509,1.38565545042224,-0.207698474525451,2.26145702249785,0.623631660646747,Detchd,0.10594939995817,1.81572933992044,-0.740760408320604,-0.702842766617084,-0.359600750132276,-0.103330530851366,-0.285935458023539,NONE,-0.0895919598967582,Normal,0.44693779307133,1,2,2,2,2,3,4,3,3,7,4,1,0,3,2,1,0,1,0.297607266471232,12.3842188309136,200703
419,50,RL,0.0667136381510165,-0.254654376656338,Pave,NONE,Lvl,Inside,Gtl,Edwards,Norm,Norm,1Fam,1.5Fin,5,6,1940,MetalSd,MetalSd,None,-0.567015949674981,BrkTil,312,0,444,756,GasA,-3.72731232161413,FuseF,0.0968585139508267,-0.7248728992992,1,0,-1.02736282330994,1.23259887250509,0.169927088600022,-0.207698474525451,0.349545539005509,-0.924311211315714,Detchd,0.154880773549592,-1.07987892486559,-0.740760408320604,-0.702842766617084,-0.359600750132276,-0.103330530851366,-0.285935458023539,NONE,-0.0895919598967582,AdjLand,0.44693779307133,1,2,2,1,2,3,0,3,3,7,5,1,1,3,3,1,0,1,-0.250997476711292,11.7440371859336,200707
420,20,RL,0.216074820665833,-0.21787869246598,Pave,NONE,Lvl,Inside,Gtl,NAmes,Norm,Norm,1Fam,1Story,5,6,1968,VinylSd,VinylSd,None,-0.567015949674981,CBlock,775,0,281,1056,GasA,0.268289832918241,SBrkr,-0.785025043886639,-0.879033956620184,1,0,-1.02736282330994,-0.756321032880405,0.169927088600022,-0.207698474525451,-0.287758288825272,0.623631660646747,Attchd,0.217157067211403,-0.78289346181061,-0.740760408320604,0.555225199383448,2.5049597104314,-0.103330530851366,-0.285935458023539,NONE,-0.0895919598967582,Normal,0.44693779307133,1,2,2,4,2,3,2,3,3,7,4,1,2,3,3,1,0,1,-0.250997476711292,11.8635823365834,201010
421,90,RM,0.604413895204355,-0.394148351171488,Pave,NONE,Lvl,Inside,Gtl,Mitchel,Norm,Norm,Duplex,SFoyer,7,5,1997,VinylSd,VinylSd,BrkFace,0.551402536414229,PConc,1309,0,35,1344,GasA,0.268289832918241,SBrkr,-0.785025043886639,-0.309823898819628,2,0,0.781365814350925,-0.756321032880405,-1.04580127322219,4.45593111885755,0.98684936683629,-0.924311211315714,Attchd,0.281657514218279,1.44449751110172,-0.740760408320604,-0.702842766617084,-0.359600750132276,-0.103330530851366,-0.285935458023539,NONE,-0.0895919598967582,Alloca,0.44693779307133,1,3,2,4,2,4,0,3,3,7,6,1,2,3,3,4,0,3,0.297607266471232,12.2370866990593,200803
422,20,RL,-1.72562055202678,0.820083290630838,Pave,NONE,Lvl,FR2,Gtl,NWAmes,Norm,Norm,1Fam,1Story,6,7,1977,CemntBd,CmentBd,Stone,0.137587696561221,CBlock,1246,0,356,1602,GasA,0.268289832918241,SBrkr,-0.785025043886639,0.200093444626704,0,1,0.781365814350925,-0.756321032880405,0.169927088600022,-0.207698474525451,0.98684936683629,0.623631660646747,Attchd,0.237174447316985,0.261196056742045,1.15639908869109,-0.702842766617084,-0.359600750132276,-0.103330530851366,-0.285935458023539,NONE,-0.0895919598967582,Normal,-2.23744784062252,1,2,3,3,3,3,3,3,3,7,5,1,2,3,2,1,0,3,0.297607266471232,12.2783933071098,200909
423,20,RL,1.26160309826955,1.46873027212628,Pave,NONE,HLS,Inside,Mod,Mitchel,Artery,Norm,1Fam,1Story,5,5,1954,HdBoard,HdBoard,None,-0.567015949674981,CBlock,0,0,988,988,GasA,0.268289832918241,FuseA,-0.785025043886639,-1.01343077582309,0,0,-1.02736282330994,-0.756321032880405,-1.04580127322219,-0.207698474525451,-1.56236594448683,-0.924311211315714,Attchd,0.186018920380498,0.219432475999939,-0.740760408320604,-0.702842766617084,-0.359600750132276,-0.103330530851366,-0.285935458023539,NONE,-0.0895919598967582,Normal,0.44693779307133,1,2,2,4,2,3,0,3,3,7,1,1,0,3,3,1,0,2,-0.250997476711292,11.6351430976945,200805
424,60,RL,0.664158368210282,-0.122769164387469,Pave,NONE,Lvl,Inside,Gtl,NoRidge,Norm,Norm,1Fam,2Story,8,5,1998,VinylSd,VinylSd,BrkFace,2.078043769926,PConc,986,0,484,1470,GasA,0.268289832918241,SBrkr,1.92128428704315,2.2318571231648,1,0,0.781365814350925,1.23259887250509,1.38565545042224,-0.207698474525451,0.98684936683629,0.623631660646747,Attchd,0.283881667563343,1.03614249940113,-0.740760408320604,0.274010006983329,-0.359600750132276,-0.103330530851366,-0.285935458023539,NONE,-0.0895919598967582,Normal,0.44693779307133,1,2,3,3,3,3,3,3,3,7,6,1,2,3,3,1,0,3,0.297607266471232,12.6603279178078,200809
425,20,RL,0.425180476186576,-0.148131705208405,Pave,NONE,Lvl,Inside,Gtl,NAmes,Norm,Norm,1Fam,1Story,6,5,1956,Wd Sdng,Wd Sdng,BrkFace,-0.153201109821973,CBlock,616,0,580,1196,GasA,0.268289832918241,FuseA,-0.785025043886639,-0.602334622967136,1,0,-1.02736282330994,-0.756321032880405,-1.04580127322219,-0.207698474525451,-0.287758288825272,0.623631660646747,Attchd,0.190467227070627,-0.815376246832248,-0.740760408320604,-0.0516075842168084,-0.359600750132276,-0.103330530851366,-0.285935458023539,NONE,-0.0895919598967582,Normal,0.44693779307133,1,2,2,3,2,3,4,3,3,7,2,1,2,3,3,1,0,2,0.297607266471232,11.8422292121128,200808
426,60,RM,0.0667136381510165,-0.861072727684925,Pave,Grvl,HLS,Inside,Gtl,OldTown,Norm,Norm,1Fam,2Story,7,8,1946,HdBoard,HdBoard,None,-0.567015949674981,CBlock,0,0,651,651,GasA,0.268289832918241,SBrkr,0.806098200677254,-0.220884827288291,0,0,-1.02736282330994,1.23259887250509,0.169927088600022,-0.207698474525451,-0.287758288825272,2.17157453260921,Detchd,0.170449846965045,-1.07987892486559,-0.740760408320604,-0.702842766617084,1.60200043481893,-0.103330530851366,-0.285935458023539,NONE,-0.0895919598967582,Normal,0.44693779307133,1,3,2,3,2,3,4,3,3,7,1,1,1,3,3,1,0,1,-0.250997476711292,11.8130300574206,200912
427,80,RL,-1.72562055202678,0.333756570389385,Pave,NONE,Low,Inside,Mod,SawyerW,Norm,Norm,1Fam,SLvl,7,5,1989,Wd Sdng,Wd Sdng,BrkFace,0.243837452739696,PConc,1518,0,0,1518,GasA,0.268289832918241,SBrkr,-0.785025043886639,0.283103244722619,1,1,0.781365814350925,-0.756321032880405,-1.04580127322219,-0.207698474525451,-0.925062116656053,0.623631660646747,Attchd,0.263864287457761,0.446811971151406,-0.108373909316705,-0.702842766617084,-0.359600750132276,-0.103330530851366,6.76349632076759,NONE,-0.0895919598967582,Normal,-2.23744784062252,1,2,3,3,3,3,3,3,3,7,6,1,2,3,3,4,0,3,0.297607266471232,12.5245263766487,200911
428,20,RL,0.574541658701392,-0.199744475779011,Pave,NONE,Lvl,Inside,Gtl,NAmes,Norm,Norm,1Fam,1Story,4,6,1957,MetalSd,MetalSd,None,-0.567015949674981,CBlock,288,0,619,907,GasA,0.268289832918241,SBrkr,-0.785025043886639,-1.1735211045795,0,0,-1.02736282330994,-0.756321032880405,0.169927088600022,-0.207698474525451,-0.925062116656053,-0.924311211315714,Detchd,0.208260453831144,-0.560154364519377,-0.740760408320604,-0.702842766617084,-0.359600750132276,-0.103330530851366,-0.285935458023539,NONE,-0.0895919598967582,Normal,0.44693779307133,1,2,2,4,2,3,0,3,3,7,3,1,2,3,2,1,0,1,-0.250997476711292,11.5991765530135,200810
429,20,RL,0.18620258416287,-0.431938536994683,Pave,NONE,Lvl,Inside,Gtl,CollgCr,Norm,Norm,1Fam,1Story,7,5,2007,VinylSd,VinylSd,BrkFace,0.0369300328131924,PConc,664,0,544,1208,GasA,0.268289832918241,SBrkr,-0.785025043886639,-0.578617537225446,1,0,0.781365814350925,-0.756321032880405,-1.04580127322219,-0.207698474525451,-0.287758288825272,-0.924311211315714,Attchd,0.303899047668925,0.720595444905214,0.089246871622013,0.0964004117832542,-0.359600750132276,-0.103330530851366,-0.285935458023539,NONE,-0.0895919598967582,Partial,0.44693779307133,1,2,3,4,3,3,0,3,3,7,6,1,2,3,3,1,0,2,0.297607266471232,12.1828040185908,200712
430,20,RL,2.15777019335844,0.163447108776797,Pave,NONE,Lvl,Corner,Gtl,Timber,Norm,Norm,1Fam,1Story,6,5,1988,HdBoard,HdBoard,None,-0.567015949674981,CBlock,1005,0,387,1392,GasA,0.268289832918241,SBrkr,-0.785025043886639,-0.175427079616719,1,0,0.781365814350925,-0.756321032880405,0.169927088600022,-0.207698474525451,-0.287758288825272,0.623631660646747,Attchd,0.261640134112697,0.479294756173045,-0.740760408320604,-0.702842766617084,2.27143575984197,-0.103330530851366,-0.285935458023539,NONE,-0.0895919598967582,Normal,0.44693779307133,1,2,2,2,3,3,3,3,3,7,6,1,2,3,2,2,0,1,0.297607266471232,12.0725412529057,200906
431,160,RM,-1.09830358546455,-1.07640069925467,Pave,NONE,Lvl,Inside,Gtl,BrDale,Norm,Norm,Twnhs,2Story,6,5,1971,HdBoard,HdBoard,BrkFace,0.730349494188502,CBlock,387,0,96,483,GasA,0.268289832918241,SBrkr,0.390819699896649,-1.0154071996349,0,0,-1.02736282330994,1.23259887250509,-1.04580127322219,-0.207698474525451,-1.56236594448683,-0.924311211315714,Detchd,0.223829527246597,-0.968509376219971,-0.740760408320604,-0.702842766617084,-0.359600750132276,-0.103330530851366,-0.285935458023539,NONE,-0.0895919598967582,Abnorml,0.44693779307133,1,2,2,2,2,3,0,3,3,7,5,1,2,3,3,1,0,1,-0.250997476711292,11.3551013797767,200810
432,50,RM,0.0667136381510165,-0.581070277021788,Pave,NONE,Bnk,Inside,Gtl,OldTown,Feedr,Norm,1Fam,1.5Fin,6,7,1920,MetalSd,MetalSd,None,-0.567015949674981,BrkTil,0,0,901,901,GasA,0.268289832918241,SBrkr,-0.528392262505366,-0.598381775343521,0,0,-1.02736282330994,-0.756321032880405,1.38565545042224,-0.207698474525451,0.349545539005509,-0.924311211315714,NONE,-4.15997671587587,-2.19357441132175,-0.740760408320604,0.74763559418353,-0.359600750132276,-0.103330530851366,-0.285935458023539,MnPrv,-0.0895919598967582,Abnorml,0.44693779307133,1,2,2,3,2,3,0,0,0,7,1,1,0,3,2,1,0,0,-0.250997476711292,11.2885311317544,200812
433,160,RM,-1.00868687595566,-1.04596565026955,Pave,NONE,Lvl,Inside,Gtl,BrDale,Norm,Norm,TwnhsE,2Story,5,5,1971,HdBoard,HdBoard,BrkFace,1.53561080417273,CBlock,471,0,294,765,GasA,0.268289832918241,SBrkr,0.614790127283942,-0.268318998771671,1,0,-1.02736282330994,1.23259887250509,-1.04580127322219,-0.207698474525451,-0.287758288825272,-0.924311211315714,Detchd,0.223829527246597,-0.151799352818783,1.15639908869109,-0.170013981016859,-0.359600750132276,-0.103330530851366,-0.285935458023539,NONE,-0.0895919598967582,Normal,0.44693779307133,1,2,2,4,2,3,0,3,3,6,5,1,2,3,3,1,0,1,-0.250997476711292,11.7158663089669,200711
434,60,RL,1.26160309826955,0.085076857640104,Pave,NONE,Lvl,Corner,Gtl,Gilbert,Norm,Norm,1Fam,2Story,6,5,1997,VinylSd,VinylSd,None,-0.567015949674981,PConc,0,0,926,926,GasA,0.268289832918241,SBrkr,0.796766099536117,0.204046292250319,0,0,0.781365814350925,1.23259887250509,0.169927088600022,-0.207698474525451,0.349545539005509,0.623631660646747,Attchd,0.281657514218279,-0.012587417011762,-0.740760408320604,-0.170013981016859,-0.359600750132276,-0.103330530851366,-0.285935458023539,NONE,-0.0895919598967582,Normal,0.44693779307133,1,2,2,4,2,3,3,3,3,7,1,1,2,3,2,1,0,3,0.297607266471232,12.106252310248,200810
435,180,RM,-1.09830358546455,-1.04977003139269,Pave,NONE,Lvl,Inside,Gtl,MeadowV,Norm,Norm,Twnhs,SFoyer,4,7,1972,CemntBd,CmentBd,None,-0.567015949674981,CBlock,495,0,135,630,GasA,0.268289832918241,SBrkr,-0.785025043886639,-1.72099050045017,1,0,-1.02736282330994,-0.756321032880405,-2.26152963504441,-0.207698474525451,-2.19966977231761,-0.924311211315714,NONE,-4.15997671587587,-2.19357441132175,-0.0451352594163155,-0.702842766617084,-0.359600750132276,-0.103330530851366,-0.285935458023539,NONE,-0.0895919598967582,Normal,0.44693779307133,1,3,2,3,2,3,0,0,0,7,5,1,2,3,3,3,0,0,0.297607266471232,11.3022044336546,200809
436,60,RL,-0.441114382399359,0.0632650725340988,Pave,NONE,Lvl,CulDSac,Gtl,CollgCr,PosN,Norm,1Fam,2Story,7,6,1996,VinylSd,VinylSd,None,-0.567015949674981,PConc,385,344,70,799,GasA,0.268289832918241,SBrkr,1.16071804404047,0.316702449523346,1,0,0.781365814350925,1.23259887250509,0.169927088600022,-0.207698474525451,-0.287758288825272,0.623631660646747,Attchd,0.279433360873214,0.35864441180696,0.508202927212096,0.200006008983298,-0.359600750132276,-0.103330530851366,-0.285935458023539,NONE,-0.0895919598967582,Normal,0.44693779307133,1,2,3,4,3,3,3,3,3,7,6,5,2,3,1,3,0,2,0.297607266471232,12.2643415536542,200907
437,50,RM,-0.530731091908249,-0.73147014408994,Pave,NONE,Lvl,Inside,Gtl,OldTown,Norm,Norm,1Fam,1.5Fin,6,8,1920,Stucco,Stucco,None,-0.567015949674981,BrkTil,0,0,648,648,GasA,0.268289832918241,FuseA,0.110856665662533,-0.75649568028812,0,0,-1.02736282330994,-0.756321032880405,-1.04580127322219,-0.207698474525451,-0.287758288825272,-0.924311211315714,Detchd,0.266088440802826,-0.151799352818783,-0.740760408320604,-0.702842766617084,-0.359600750132276,-0.103330530851366,-0.285935458023539,NONE,-0.0895919598967582,Normal,0.44693779307133,1,2,2,2,2,3,0,3,3,7,1,1,2,3,3,1,0,1,-0.799602219893816,11.6613454700885,200602
438,45,RM,-0.232008726878616,-0.52856981752245,Pave,NONE,Lvl,Inside,Gtl,BrkSide,Norm,Norm,1Fam,1.5Unf,6,7,1926,Wd Sdng,Wd Sdng,None,-0.567015949674981,PConc,0,0,884,884,GasA,0.268289832918241,SBrkr,-0.785025043886639,-1.17945037601492,0,0,-1.02736282330994,-0.756321032880405,-1.04580127322219,-0.207698474525451,-1.56236594448683,-0.924311211315714,Detchd,0.123742626718687,-1.35830279647963,-0.740760408320604,-0.702842766617084,1.27506690399373,-0.103330530851366,-0.285935458023539,NONE,-0.0895919598967582,Normal,0.44693779307133,1,2,3,3,2,3,0,3,3,7,1,1,2,3,3,1,0,1,-0.250997476711292,11.6868787720937,200901
439,30,RL,-0.530731091908249,-0.746687668582502,Pave,NONE,Lvl,Inside,Gtl,Crawfor,Norm,Norm,1Fam,1Story,5,6,1913,WdShing,Stucco,None,-0.567015949674981,PConc,365,0,75,440,GasA,-3.72731232161413,SBrkr,-0.785025043886639,-1.5944993764945,0,0,-1.02736282330994,-0.756321032880405,-1.04580127322219,-0.207698474525451,-1.56236594448683,0.623631660646747,Detchd,0.266088440802826,-0.560154364519377,-0.740760408320604,-0.702842766617084,0.169720204537098,-0.103330530851366,-0.285935458023539,MnPrv,-0.0895919598967582,Normal,0.44693779307133,1,2,2,2,3,3,4,4,3,7,2,1,1,3,3,1,0,1,-0.250997476711292,11.4114462960204,200706
440,50,RL,0.275819293671759,0.277198104358697,Pave,Grvl,Lvl,Corner,Gtl,Edwards,Norm,Norm,1Fam,1.5Fin,6,8,1920,Wd Sdng,Wd Sdng,None,-0.567015949674981,BrkTil,0,0,684,684,GasA,0.268289832918241,SBrkr,0.409483902178923,-0.602334622967136,0,0,-1.02736282330994,-0.756321032880405,0.169927088600022,-0.207698474525451,0.349545539005509,-0.924311211315714,Detchd,0.299450740978796,0.256555658881811,-0.740760408320604,-0.0220059850167959,-0.359600750132276,-0.103330530851366,-0.285935458023539,GdPrv,1.32058419657907,Normal,0.44693779307133,1,2,2,3,3,2,0,3,3,7,1,1,2,3,3,2,0,1,-0.250997476711292,11.6082356447746,200911
441,20,RL,1.41096428078436,0.667400794888802,Pave,NONE,Lvl,Inside,Gtl,NridgHt,Norm,Norm,1Fam,1Story,10,5,2008,VinylSd,VinylSd,Stone,0.551402536414229,PConc,1767,539,788,3094,GasA,0.268289832918241,SBrkr,-0.785025043886639,1.78123249407269,1,0,0.781365814350925,-0.756321032880405,-1.04580127322219,-0.207698474525451,2.26145702249785,2.17157453260921,Attchd,0.30612320101399,0.924772950755511,-0.740760408320604,0.362814804583367,-0.359600750132276,-0.103330530851366,2.74033576014437,NONE,-0.0895919598967582,Normal,0.44693779307133,1,2,4,4,4,3,4,3,3,7,6,5,2,3,3,4,0,3,1.66911912442754,13.2267233927286,200907
442,90,RL,1.02262520624584,0.246002179148945,Pave,NONE,Lvl,Inside,Gtl,Edwards,Norm,Norm,Duplex,1Story,4,4,1955,VinylSd,VinylSd,BrkFace,0.942849006545452,CBlock,133,0,1307,1440,GasA,-3.72731232161413,FuseF,-0.785025043886639,-0.120087212886109,0,0,0.781365814350925,-0.756321032880405,1.38565545042224,4.45593111885755,0.98684936683629,-0.924311211315714,NONE,-4.15997671587587,-2.19357441132175,-0.740760408320604,-0.702842766617084,-0.359600750132276,-0.103330530851366,-0.285935458023539,NONE,-0.0895919598967582,Normal,0.44693779307133,1,2,2,2,1,3,0,0,0,7,5,1,2,3,3,1,0,0,-0.250997476711292,11.6784399034478,200812
443,50,RM,-0.172264253872689,-0.498134768537326,Pave,NONE,Lvl,Inside,Gtl,BrkSide,Norm,Norm,1Fam,1.5Fin,5,7,1930,MetalSd,MetalSd,None,-0.567015949674981,PConc,0,0,1078,1078,GasA,0.268289832918241,SBrkr,0.253171208064875,0.142777154084287,0,0,0.781365814350925,-0.756321032880405,0.169927088600022,-0.207698474525451,0.98684936683629,0.623631660646747,Detchd,0.132639240098946,-0.523031181637505,-0.740760408320604,-0.702842766617084,-0.359600750132276,-0.103330530851366,-0.285935458023539,NONE,-0.0895919598967582,Normal,0.44693779307133,1,2,2,2,2,3,4,3,3,7,1,1,1,3,3,1,0,1,-0.250997476711292,12.0008917945901,200809
444,120,RL,-0.142392017369726,-0.792086616651978,Pave,NONE,Lvl,Inside,Gtl,Blmngtn,Norm,Norm,TwnhsE,1Story,7,5,2006,WdShing,Wd Shng,BrkFace,-0.164385294682865,PConc,0,0,1258,1258,GasA,0.268289832918241,SBrkr,-0.785025043886639,-0.479796346635072,0,0,0.781365814350925,-0.756321032880405,-1.04580127322219,-0.207698474525451,-0.287758288825272,0.623631660646747,Attchd,0.303899047668925,0.813403402109894,0.397535289886414,-0.466029973016984,-0.359600750132276,-0.103330530851366,-0.285935458023539,NONE,-0.0895919598967582,Partial,0.44693779307133,1,2,3,4,3,3,4,3,3,7,1,1,2,3,3,3,0,3,1.66911912442754,12.0581525154536,200709
445,60,RL,0.365436003180649,-0.179834881234576,Pave,NONE,Lvl,Inside,Gtl,CollgCr,Norm,Norm,1Fam,2Story,7,5,1994,VinylSd,VinylSd,None,-0.567015949674981,PConc,642,0,273,915,GasA,0.268289832918241,SBrkr,1.48967460926555,0.804879131039796,1,0,0.781365814350925,1.23259887250509,1.38565545042224,-0.207698474525451,0.98684936683629,0.623631660646747,Attchd,0.274985054183085,0.0941417337736206,0.397535289886414,1.26566358018375,-0.359600750132276,-0.103330530851366,-0.285935458023539,NONE,-0.0895919598967582,Normal,0.44693779307133,1,3,3,4,3,3,3,3,3,7,6,1,2,3,3,1,0,1,0.297607266471232,12.2548628096996,200810
446,20,RL,0.455052712689539,-0.0397068431989026,Pave,NONE,Lvl,Corner,Gtl,Edwards,Norm,Norm,1Fam,1Story,6,5,1956,Wd Sdng,Wd Sdng,None,-0.567015949674981,CBlock,0,0,1436,1436,GasA,0.268289832918241,SBrkr,-0.785025043886639,0.372042316253956,0,0,-1.02736282330994,-0.756321032880405,0.169927088600022,-0.207698474525451,0.349545539005509,0.623631660646747,Attchd,0.190467227070627,0.0338165615905783,-0.740760408320604,-0.702842766617084,-0.359600750132276,-0.103330530851366,-0.285935458023539,MnPrv,-0.0895919598967582,Normal,0.44693779307133,1,2,2,1,2,3,4,3,3,7,1,1,2,3,3,1,0,1,-0.250997476711292,11.7558716435806,200903
447,20,RL,2.36687584887919,0.801949073943869,Pave,NONE,Lvl,Corner,Gtl,NAmes,PosA,Norm,1Fam,1Story,6,6,1966,BrkFace,Plywood,None,-0.567015949674981,CBlock,247,713,557,1517,GasA,0.268289832918241,SBrkr,-0.785025043886639,0.765350654803646,0,0,0.781365814350925,1.23259887250509,-1.04580127322219,-0.207698474525451,-0.287758288825272,0.623631660646747,Attchd,0.212708760521274,0.488575551893513,-0.740760408320604,-0.702842766617084,-0.359600750132276,-0.103330530851366,-0.285935458023539,NONE,-0.0895919598967582,Normal,0.44693779307133,1,2,3,4,3,3,4,3,3,4,5,3,2,3,2,1,0,3,-0.250997476711292,12.1547793511426,201009
448,60,RL,-1.72562055202678,0.13263162167936,Pave,NONE,Lvl,Corner,Gtl,Gilbert,Norm,Norm,1Fam,2Story,7,5,1998,VinylSd,VinylSd,None,-0.567015949674981,PConc,0,0,930,930,GasA,0.268289832918241,SBrkr,1.38468847142776,0.761397807180031,0,0,0.781365814350925,1.23259887250509,1.38565545042224,-0.207698474525451,2.26145702249785,0.623631660646747,Attchd,0.283881667563343,-0.193562933560889,-0.0372304281787667,-0.702842766617084,-0.359600750132276,-0.103330530851366,-0.285935458023539,NONE,-0.0895919598967582,Normal,-2.23744784062252,1,2,3,3,3,3,3,3,3,7,1,1,2,3,2,1,0,3,0.297607266471232,12.2055725204885,200610
449,50,RM,-0.232008726878616,-0.198856786850278,Pave,NONE,Bnk,Inside,Gtl,IDOTRR,Norm,Norm,1Fam,1.5Fin,6,6,1937,MetalSd,MetalSd,None,-0.567015949674981,BrkTil,0,0,780,780,GasA,0.268289832918241,SBrkr,0.605458026142804,-0.246578336841788,0,0,0.781365814350925,-0.756321032880405,0.169927088600022,-0.207698474525451,0.349545539005509,0.623631660646747,Detchd,0.148208313514398,-1.27477563499542,-0.740760408320604,-0.702842766617084,-0.359600750132276,-0.103330530851366,-0.285935458023539,NONE,-0.0895919598967582,Normal,0.44693779307133,1,2,2,2,2,3,4,3,3,7,1,1,0,3,3,1,0,1,-0.250997476711292,11.6910716503537,200609
450,50,RM,-0.232008726878616,-0.52856981752245,Pave,NONE,Lvl,Inside,Gtl,OldTown,Norm,Norm,1Fam,1.5Fin,3,7,1948,MetalSd,MetalSd,None,-0.567015949674981,CBlock,331,0,318,649,GasA,0.268289832918241,SBrkr,0.390819699896649,-0.628028132520634,0,0,-1.02736282330994,1.23259887250509,-1.04580127322219,-0.207698474525451,-0.287758288825272,-0.924311211315714,Detchd,0.246071060697244,-0.764331870369674,-0.740760408320604,1.90209796298402,-0.359600750132276,-0.103330530851366,-0.285935458023539,NONE,-0.0895919598967582,Normal,0.44693779307133,1,3,2,4,2,3,0,3,3,7,5,1,2,3,3,1,0,1,-0.250997476711292,11.6952470217642,200709
451,30,RM,0.365436003180649,-0.568642632019529,Pave,NONE,Lvl,Inside,Gtl,OldTown,Norm,Norm,1Fam,1Story,6,8,1930,Wd Sdng,Wd Sdng,None,-0.567015949674981,BrkTil,0,0,813,813,GasA,0.268289832918241,FuseA,-0.785025043886639,-1.3593049428894,0,0,-1.02736282330994,-0.756321032880405,-1.04580127322219,-0.207698474525451,-0.925062116656053,-0.924311211315714,Detchd,0.137087546789075,-0.940666989058567,-0.740760408320604,0.969647588183624,-0.359600750132276,-0.103330530851366,-0.285935458023539,NONE,-0.0895919598967582,Normal,0.44693779307133,1,2,2,4,3,3,0,2,2,7,1,1,0,3,3,1,0,1,-0.250997476711292,11.6082356447746,200609
452,20,RL,0.126458111156943,7.68394771300083,Pave,NONE,Low,Inside,Mod,ClearCr,Norm,Norm,1Fam,1Story,7,5,1975,Plywood,Plywood,None,-0.567015949674981,CBlock,655,0,878,1533,GasA,0.268289832918241,SBrkr,-0.785025043886639,0.0637202016119874,1,0,0.781365814350925,-0.756321032880405,-1.04580127322219,-0.207698474525451,-0.925062116656053,2.17157453260921,Attchd,0.232726140626856,0.479294756173045,0.840205839189143,0.0964004117832542,-0.359600750132276,-0.103330530851366,-0.285935458023539,NONE,-0.0895919598967582,Normal,0.44693779307133,1,2,2,2,3,3,3,3,3,7,5,1,2,3,2,4,0,1,0.297607266471232,12.5425448821514,200604
453,60,RL,-1.72562055202678,-0.109707455864687,Pave,NONE,Lvl,Corner,Gtl,Timber,Norm,Norm,1Fam,2Story,6,5,1996,VinylSd,VinylSd,BrkFace,-0.332148067596247,PConc,742,0,130,872,GasA,0.268289832918241,SBrkr,1.24004090374013,0.504462711645057,1,0,0.781365814350925,1.23259887250509,0.169927088600022,-0.207698474525451,0.349545539005509,-0.924311211315714,Attchd,0.279433360873214,-0.235326514302995,0.397535289886414,1.10285478458368,-0.359600750132276,-0.103330530851366,-0.285935458023539,NONE,-0.0895919598967582,Normal,-2.23744784062252,1,2,3,4,2,3,0,3,3,7,5,1,2,3,2,1,0,3,1.66911912442754,12.2258752728264,200710
454,60,FV,0.514797185695465,-0.148131705208405,Pave,NONE,Lvl,Inside,Gtl,Somerst,Norm,Norm,1Fam,2Story,8,5,2008,VinylSd,VinylSd,None,-0.567015949674981,PConc,0,0,768,768,GasA,0.268289832918241,SBrkr,1.09072728548194,0.176376358885014,0,0,0.781365814350925,1.23259887250509,0.169927088600022,-0.207698474525451,-0.287758288825272,-0.924311211315714,Attchd,0.30612320101399,0.943334542196447,-0.740760408320604,-0.258818778616896,-0.359600750132276,-0.103330530851366,-0.285935458023539,NONE,-0.0895919598967582,Normal,0.44693779307133,1,2,3,4,3,3,0,3,3,7,1,1,2,3,3,1,0,2,0.297607266471232,12.2548628096996,200909
455,90,RL,0.156330347659906,-0.110468332089315,Pave,NONE,Lvl,Inside,Gtl,Mitchel,Norm,Norm,Duplex,1Story,5,5,1976,Plywood,Plywood,None,-0.567015949674981,CBlock,1606,0,122,1728,GasA,0.268289832918241,SBrkr,-0.785025043886639,0.449122844914448,2,0,0.781365814350925,-0.756321032880405,1.38565545042224,4.45593111885755,0.98684936683629,-0.924311211315714,Detchd,0.234950293971921,0.4050483904093,-0.740760408320604,-0.702842766617084,-0.359600750132276,-0.103330530851366,-0.285935458023539,NONE,-0.0895919598967582,Family,0.44693779307133,1,2,2,2,2,3,0,3,3,7,5,1,2,3,3,1,0,1,-0.250997476711292,12.1441972418121,200610
456,20,RL,0.664158368210282,-0.0720440827455964,Pave,NONE,Lvl,Inside,Gtl,NWAmes,Norm,Norm,1Fam,1Story,7,6,1973,HdBoard,HdBoard,BrkFace,1.22245362806775,CBlock,916,0,326,1242,GasA,0.268289832918241,SBrkr,-0.785025043886639,-0.511419127623992,0,0,-1.02736282330994,1.23259887250509,0.169927088600022,-0.207698474525451,-0.287758288825272,0.623631660646747,Attchd,0.228277833936727,0.256555658881811,-0.740760408320604,-0.702842766617084,-0.359600750132276,-0.103330530851366,-0.285935458023539,NONE,-0.0895919598967582,Normal,0.44693779307133,1,2,2,1,2,3,3,3,3,7,5,1,2,3,3,1,0,1,-0.250997476711292,12.0753943218881,200712
457,70,RM,-0.709964510926028,-0.70978517168804,Pave,Grvl,Lvl,Inside,Gtl,OldTown,Norm,Norm,1Fam,2Story,5,5,1916,AsbShng,AsbShng,None,-0.567015949674981,BrkTil,0,0,624,624,GasA,-3.72731232161413,SBrkr,0.894753161518058,-0.309823898819628,0,0,-1.02736282330994,-0.756321032880405,1.38565545042224,-0.207698474525451,0.349545539005509,-0.924311211315714,Detchd,0.10150109326804,0.186949690978301,-0.740760408320604,-0.702842766617084,1.13495253364007,-0.103330530851366,-0.285935458023539,NONE,-0.0895919598967582,Abnorml,0.44693779307133,1,2,2,1,2,3,0,2,2,7,1,1,2,3,3,1,0,1,-0.250997476711292,11.4927227576527,200808
458,20,RL,-1.72562055202678,5.46041375922935,Pave,NONE,Low,CulDSac,Mod,ClearCr,Norm,Norm,1Fam,1Story,4,6,1954,Plywood,Plywood,None,-0.567015949674981,CBlock,1116,0,248,1364,GasA,0.268289832918241,SBrkr,-0.785025043886639,0.320655297146961,1,0,-1.02736282330994,-0.756321032880405,-1.04580127322219,-0.207698474525451,-0.287758288825272,2.17157453260921,Attchd,0.186018920380498,0.261196056742045,1.02992178889031,1.32486677858377,-0.359600750132276,-0.103330530851366,-0.285935458023539,NONE,-0.0895919598967582,Normal,-2.23744784062252,1,2,2,4,3,3,4,3,3,6,4,1,2,3,2,4,0,3,0.297607266471232,12.4529327234617,200806
459,70,RM,-1.72562055202678,-0.642701251216663,Pave,Grvl,Lvl,Inside,Gtl,OldTown,Norm,Norm,1Fam,2Story,8,7,1925,Stucco,Wd Shng,None,-0.567015949674981,PConc,0,0,588,588,GasA,0.268289832918241,SBrkr,1.15838501875518,0.326584568582383,0,0,-1.02736282330994,-0.756321032880405,0.169927088600022,-0.207698474525451,0.349545539005509,0.623631660646747,Detchd,0.121518473373622,-1.1355636991884,0.776967189288753,0.229607608183311,-0.359600750132276,-0.103330530851366,-0.285935458023539,MnPrv,-0.0895919598967582,Normal,-2.23744784062252,1,3,2,1,3,3,4,3,3,7,1,1,2,3,3,1,0,1,-0.250997476711292,11.9891596439666,200809
460,50,RL,-1.72562055202678,-0.399854922856198,Pave,NONE,Bnk,Corner,Gtl,BrkSide,Norm,Norm,1Fam,1.5Fin,5,4,1950,MetalSd,MetalSd,BrkCmn,0.333310931626833,CBlock,185,0,524,709,GasA,0.268289832918241,SBrkr,-0.262427379982956,-0.588499656284484,1,0,-1.02736282330994,-0.756321032880405,0.169927088600022,-0.207698474525451,-0.925062116656053,0.623631660646747,Detchd,0.177122307000239,-0.560154364519377,-0.740760408320604,-0.702842766617084,3.50132856627963,-0.103330530851366,-0.285935458023539,NONE,-0.0895919598967582,Normal,-2.23744784062252,1,2,2,2,3,3,3,3,3,7,2,1,2,3,2,1,0,1,-0.250997476711292,11.6082356447746,200910
461,60,FV,0.514797185695465,-0.274437158496668,Pave,NONE,Lvl,Inside,Gtl,Somerst,RRAn,Norm,1Fam,2Story,8,5,2009,VinylSd,VinylSd,Stone,0.0481142176740845,PConc,544,0,288,832,GasA,0.268289832918241,SBrkr,1.78830184578195,0.858242573958598,1,0,0.781365814350925,1.23259887250509,0.169927088600022,-0.207698474525451,0.98684936683629,-0.924311211315714,BuiltIn,0.308347354359055,0.367925207527428,-0.740760408320604,1.51727717338386,-0.359600750132276,-0.103330530851366,-0.285935458023539,NONE,-0.0895919598967582,Partial,0.44693779307133,1,2,3,4,2,3,0,3,3,7,6,1,2,3,2,1,0,3,0.297607266471232,12.4815619372163,200904
462,70,RL,0.0667136381510165,-0.376394572596832,Pave,NONE,Lvl,Inside,Gtl,SWISU,Feedr,Norm,1Fam,2Story,7,9,1936,Wd Sdng,Wd Sdng,None,-0.567015949674981,PConc,350,210,0,560,GasA,0.268289832918241,SBrkr,0.52146911587257,-0.722896475487393,1,0,-1.02736282330994,-0.756321032880405,0.169927088600022,-0.207698474525451,-0.287758288825272,-0.924311211315714,Detchd,0.223829527246597,0.479294756173045,1.28287638849187,-0.702842766617084,-0.359600750132276,-0.103330530851366,-0.285935458023539,MnPrv,-0.0895919598967582,Normal,0.44693779307133,1,3,3,4,3,4,0,3,3,7,5,4,2,3,3,1,0,2,0.297607266471232,11.9511803959014,200907
463,20,RL,0.0667136381510165,-0.239310039459671,Pave,NONE,Lvl,Inside,Gtl,Sawyer,Norm,Norm,1Fam,1Story,5,5,1965,MetalSd,MetalSd,None,-0.567015949674981,CBlock,553,311,0,864,GasA,0.268289832918241,SBrkr,-0.785025043886639,-1.25850732848722,0,0,-1.02736282330994,-0.756321032880405,0.169927088600022,-0.207698474525451,-0.925062116656053,0.623631660646747,Detchd,0.210484607176209,-0.523031181637505,-0.740760408320604,-0.702842766617084,3.31450940580809,-0.103330530851366,-0.285935458023539,GdWo,-0.0895919598967582,Normal,0.44693779307133,1,2,2,3,2,3,1,3,3,7,3,4,2,3,2,1,0,1,-0.250997476711292,11.0410480813427,200904
464,70,RL,0.484924949192502,0.230784654656383,Pave,NONE,HLS,Inside,Mod,Crawfor,Norm,Norm,1Fam,2Story,6,7,1934,Stucco,Stucco,None,-0.567015949674981,CBlock,326,0,389,715,GasA,0.268289832918241,FuseA,1.10705846247893,0.314726025711538,0,0,-1.02736282330994,1.23259887250509,0.169927088600022,-0.207698474525451,-0.287758288825272,0.623631660646747,Detchd,0.152656620204528,-1.07987892486559,-0.740760408320604,-0.702842766617084,-0.359600750132276,-0.103330530851366,-0.285935458023539,NONE,-0.0895919598967582,Normal,0.44693779307133,1,2,2,1,2,3,4,3,3,7,2,1,2,3,2,1,0,1,-0.250997476711292,12.1479137313566,200811
465,20,RL,0.0667136381510165,-0.220414946548074,Pave,NONE,HLS,Inside,Mod,CollgCr,Norm,Norm,1Fam,1Story,5,5,1978,HdBoard,HdBoard,BrkFace,0.193508620865682,CBlock,616,0,424,1040,GasA,0.268289832918241,SBrkr,-0.785025043886639,-0.910656737609104,0,0,0.781365814350925,-0.756321032880405,0.169927088600022,-0.207698474525451,-0.925062116656053,-0.924311211315714,NONE,-4.15997671587587,-2.19357441132175,-0.740760408320604,-0.702842766617084,-0.359600750132276,-0.103330530851366,-0.285935458023539,NONE,-0.0895919598967582,Normal,0.44693779307133,1,2,2,2,2,3,0,0,0,7,3,1,2,3,3,1,0,0,0.297607266471232,11.7280368445872,200911
466,120,RM,-1.72562055202678,-0.899877415140958,Pave,NONE,Lvl,Inside,Gtl,Blmngtn,Norm,Norm,TwnhsE,1Story,7,5,2004,VinylSd,VinylSd,BrkFace,-0.466358285926952,PConc,0,0,1375,1375,GasA,0.268289832918241,SBrkr,-0.785025043886639,-0.171474231993104,0,0,0.781365814350925,-0.756321032880405,-1.04580127322219,-0.207698474525451,-0.287758288825272,0.623631660646747,Attchd,0.297226587633731,-0.346696062948612,0.397535289886414,-0.406826774616959,-0.359600750132276,-0.103330530851366,-0.285935458023539,NONE,-0.0895919598967582,Normal,-2.23744784062252,1,2,3,4,3,3,3,3,3,7,1,1,2,3,3,1,0,3,0.297607266471232,12.0936875149354,200608
467,20,RL,0.813519550725098,0.0583193770740162,Pave,NONE,Lvl,Inside,Gtl,NAmes,Norm,Norm,1Fam,1Story,7,5,1970,Plywood,Plywood,None,-0.567015949674981,CBlock,778,0,499,1277,GasA,0.268289832918241,SBrkr,-0.785025043886639,-0.44224429421073,1,0,-1.02736282330994,-0.756321032880405,-1.04580127322219,-0.207698474525451,-0.925062116656053,0.623631660646747,Attchd,0.221605373901533,0.247274863161343,-0.740760408320604,-0.702842766617084,-0.359600750132276,-0.103330530851366,2.8471453325503,GdWo,-0.0895919598967582,Normal,0.44693779307133,1,3,2,2,2,4,1,3,3,7,6,1,2,3,3,4,0,1,-0.250997476711292,12.0257490913989,200707
468,70,RL,0.634286131707318,-0.0872616072381582,Pave,NONE,Lvl,Inside,Gtl,NAmes,Artery,Norm,1Fam,2Story,5,7,1942,MetalSd,MetalSd,Stone,0.685612754744934,CBlock,386,0,342,728,GasA,0.268289832918241,SBrkr,0.978742071788293,0.283103244722619,0,0,-1.02736282330994,1.23259887250509,0.169927088600022,-0.207698474525451,0.349545539005509,2.17157453260921,Attchd,0.159329080239722,-0.745770278928738,0.587251239587583,-0.702842766617084,-0.359600750132276,-0.103330530851366,-0.285935458023539,NONE,-0.0895919598967582,Normal,0.44693779307133,1,2,2,4,3,3,4,3,3,7,2,1,2,3,3,1,0,1,-0.250997476711292,11.8947807074393,200709
469,20,RL,1.20185862526362,0.159769540357761,Pave,NONE,Lvl,Inside,Gtl,NridgHt,Norm,Norm,1Fam,1Story,8,5,2006,VinylSd,VinylSd,Stone,0.819822973075639,PConc,0,0,1626,1626,GasA,0.268289832918241,SBrkr,-0.785025043886639,0.263339006604544,0,0,0.781365814350925,-0.756321032880405,0.169927088600022,-0.207698474525451,0.349545539005509,0.623631660646747,Attchd,0.301674894323861,1.82501013564091,-0.740760408320604,-0.0516075842168084,-0.359600750132276,-0.103330530851366,-0.285935458023539,NONE,-0.0895919598967582,Normal,0.44693779307133,1,2,3,4,3,3,4,3,3,7,1,1,2,3,2,1,0,2,0.297607266471232,12.4292161968444,200708
470,60,RL,0.544669422198429,-0.111229208313943,Pave,NONE,Lvl,Corner,Gtl,SawyerW,RRNe,Norm,1Fam,2Story,6,5,1993,HdBoard,HdBoard,BrkFace,0.104035141978545,PConc,426,0,406,832,GasA,0.268289832918241,SBrkr,1.26337115659298,0.413547216301913,0,0,0.781365814350925,1.23259887250509,0.169927088600022,-0.207698474525451,0.349545539005509,-0.924311211315714,Attchd,0.27276090083802,0.154466905956663,0.397535289886414,0.333213205383354,-0.359600750132276,-0.103330530851366,-0.285935458023539,NONE,-0.0895919598967582,Normal,0.44693779307133,1,2,3,4,3,3,0,3,3,7,6,1,2,3,2,1,0,2,0.297607266471232,12.1388638958367,200809
471,120,RL,-1.72562055202678,-0.424583400156611,Pave,NONE,Lvl,Corner,Gtl,StoneBr,Norm,Norm,TwnhsE,1Story,8,5,1985,HdBoard,HdBoard,None,-0.567015949674981,PConc,368,1120,0,1488,GasA,0.268289832918241,SBrkr,-0.785025043886639,0.0024510634459553,1,0,-1.02736282330994,1.23259887250509,-2.26152963504441,-0.207698474525451,-1.56236594448683,-0.924311211315714,Attchd,0.254967674077503,0.256555658881811,-0.740760408320604,0.0964004117832542,-0.359600750132276,-0.103330530851366,2.20628789811474,NONE,-0.0895919598967582,Normal,-2.23744784062252,1,2,3,2,3,3,0,3,3,7,6,4,2,3,2,3,0,2,0.297607266471232,12.2643415536542,201009
472,60,RL,1.02262520624584,0.226219397308615,Pave,NONE,Lvl,Inside,Gtl,NWAmes,PosA,Norm,1Fam,2Story,7,6,1977,WdShing,Plywood,None,-0.567015949674981,CBlock,0,0,808,808,GasA,0.268289832918241,SBrkr,1.10005938662308,0.925440983560052,0,0,0.781365814350925,1.23259887250509,0.169927088600022,-0.207698474525451,0.98684936683629,0.623631660646747,Attchd,0.237174447316985,0.284398046043216,-0.740760408320604,-0.702842766617084,-0.359600750132276,-0.103330530851366,4.62730487264907,NONE,-0.0895919598967582,Normal,0.44693779307133,1,2,2,2,2,3,4,3,3,7,1,1,2,3,3,1,0,2,0.297607266471232,12.1547793511426,200703
473,180,RM,-0.680092274423065,-0.823409354565835,Pave,NONE,Lvl,Inside,Gtl,Edwards,Norm,Norm,TwnhsE,SLvl,6,5,2005,VinylSd,VinylSd,BrkFace,-0.119648555239297,PConc,459,0,88,547,GasA,0.268289832918241,SBrkr,-0.785025043886639,-0.847411175631265,1,0,-1.02736282330994,-0.756321032880405,-1.04580127322219,-0.207698474525451,-0.925062116656053,-0.924311211315714,Basment,0.299450740978796,0.242634465301109,-0.740760408320604,-0.288420377816909,-0.359600750132276,-0.103330530851366,-0.285935458023539,NONE,-0.0895919598967582,Normal,0.44693779307133,1,2,2,4,2,3,0,3,3,7,6,1,2,3,3,4,0,2,0.297607266471232,11.9049675527463,200809
474,20,RL,1.56032546329918,0.609827827225276,Pave,NONE,Lvl,Inside,Gtl,NridgHt,Norm,Norm,1Fam,1Story,8,5,2006,VinylSd,VinylSd,BrkFace,1.13298014918062,PConc,1350,0,626,1976,GasA,0.268289832918241,SBrkr,-0.785025043886639,0.939275950242705,1,0,0.781365814350925,-0.756321032880405,-1.04580127322219,-0.207698474525451,0.349545539005509,0.623631660646747,Attchd,0.301674894323861,2.01990684577074,1.23544740106658,0.229607608183311,-0.359600750132276,-0.103330530851366,-0.285935458023539,NONE,-0.0895919598967582,Partial,0.44693779307133,1,2,3,4,3,3,5,3,3,7,6,1,2,3,2,4,0,2,1.66911912442754,12.9945300058944,200710
475,120,RL,-0.500858855405285,-0.613534329272587,Pave,NONE,Lvl,Inside,Gtl,StoneBr,Norm,Norm,TwnhsE,1Story,8,5,2000,CemntBd,CmentBd,None,-0.567015949674981,PConc,1196,0,298,1494,GasA,0.268289832918241,SBrkr,-0.785025043886639,0.298914635217079,1,0,0.781365814350925,-0.756321032880405,-1.04580127322219,-0.207698474525451,-0.287758288825272,-0.924311211315714,Attchd,0.288329974253473,0.121984120935025,0.0181033904840744,0.00759561418321662,-0.359600750132276,-0.103330530851366,-0.285935458023539,NONE,-0.0895919598967582,Normal,0.44693779307133,1,2,3,4,4,3,0,3,3,7,6,1,2,3,3,3,0,2,0.297607266471232,12.4332082181139,200711
476,20,RL,0.664158368210282,-0.21407431134284,Pave,NONE,Lvl,Corner,Gtl,Sawyer,Norm,Norm,1Fam,1Story,5,6,1963,HdBoard,HdBoard,None,-0.567015949674981,CBlock,630,0,340,970,GasA,0.268289832918241,SBrkr,-0.785025043886639,-1.04900640443563,1,0,-1.02736282330994,-0.756321032880405,-1.04580127322219,-0.207698474525451,-0.925062116656053,-0.924311211315714,Detchd,0.279433360873214,0.702033853464278,-0.740760408320604,-0.347623576216934,-0.359600750132276,-0.103330530851366,3.1319708589661,NONE,-0.0895919598967582,Normal,0.44693779307133,1,2,2,2,2,3,0,3,3,7,6,1,2,3,3,1,0,1,-0.250997476711292,11.7943379244084,200710
477,20,RL,0.514797185695465,0.374970699223406,Pave,NONE,Lvl,Inside,Mod,CollgCr,Norm,Norm,1Fam,1Story,6,5,1997,VinylSd,VinylSd,BrkFace,0.635283922870919,PConc,994,0,484,1478,GasA,0.268289832918241,SBrkr,-0.785025043886639,-0.0153367508603121,1,0,0.781365814350925,-0.756321032880405,0.169927088600022,-0.207698474525451,0.349545539005509,0.623631660646747,Attchd,0.281657514218279,0.163747701677131,0.365915964936219,-0.12561158221684,-0.359600750132276,-0.103330530851366,-0.285935458023539,NONE,-0.0895919598967582,Normal,0.44693779307133,1,2,2,4,3,3,3,3,3,7,6,1,2,3,3,4,0,3,0.297607266471232,12.2496109475447,200807
478,60,RL,1.41096428078436,0.447000315154865,Pave,NONE,Lvl,Inside,Gtl,NridgHt,Norm,Norm,1Fam,2Story,9,5,2006,VinylSd,VinylSd,BrkFace,3.75007940662937,PConc,0,0,2153,2153,GasA,0.268289832918241,SBrkr,0.55413146986655,2.2575506327183,0,0,0.781365814350925,1.23259887250509,0.169927088600022,-0.207698474525451,1.62415319466707,0.623631660646747,BuiltIn,0.301674894323861,1.02686170368066,2.53183972402457,0.540424399783442,-0.359600750132276,-0.103330530851366,-0.285935458023539,NONE,-0.0895919598967582,Normal,0.44693779307133,1,2,4,4,4,3,4,3,3,7,1,1,2,3,3,3,0,3,0.297607266471232,12.8479265317026,200706
479,20,RL,0.634286131707318,0.0594606914109583,Pave,NONE,Lvl,Inside,Gtl,CollgCr,Norm,Norm,1Fam,1Story,8,5,2007,VinylSd,VinylSd,Stone,1.31192710695489,PConc,1288,0,417,1705,GasA,0.268289832918241,SBrkr,-0.785025043886639,0.429358606796373,1,0,0.781365814350925,-0.756321032880405,0.169927088600022,-0.207698474525451,0.349545539005509,0.623631660646747,Attchd,0.303899047668925,1.63939422123155,0.903444489089533,-0.0516075842168084,-0.359600750132276,-0.103330530851366,-0.285935458023539,NONE,-0.0895919598967582,Normal,0.44693779307133,1,2,3,4,3,3,4,3,3,7,6,1,2,3,3,4,0,2,1.66911912442754,12.6014874177848,200912
480,30,RM,-0.232008726878616,-0.538080770330301,Pave,NONE,Bnk,Inside,Gtl,OldTown,Norm,Norm,1Fam,1Story,4,7,1937,Stucco,Stucco,BrkCmn,1.86554425756905,BrkTil,168,0,739,907,GasA,0.268289832918241,SBrkr,-0.785025043886639,-0.730802170734623,0,0,-1.02736282330994,-0.756321032880405,-1.04580127322219,-0.207698474525451,0.349545539005509,-0.924311211315714,Detchd,0.277209207528149,0.924772950755511,-0.740760408320604,0.362814804583367,-0.359600750132276,-0.103330530851366,-0.285935458023539,MnPrv,-0.0895919598967582,Alloca,0.44693779307133,1,2,2,2,2,3,0,3,3,7,3,1,2,3,3,1,0,1,-0.799602219893816,11.40166982941,200706
481,20,RL,1.20185862526362,0.74374204275982,Pave,NONE,Lvl,FR2,Gtl,NridgHt,Norm,Norm,1Fam,1Story,9,5,2004,VinylSd,VinylSd,BrkFace,1.54679498903362,PConc,1261,0,572,1833,GasA,0.268289832918241,SBrkr,-0.785025043886639,0.690246549954961,1,0,0.781365814350925,-0.756321032880405,0.169927088600022,-0.207698474525451,0.98684936683629,0.623631660646747,Attchd,0.297226587633731,1.38881273677891,3.36184700396719,0.954846788583617,-0.359600750132276,-0.103330530851366,-0.285935458023539,NONE,-0.0895919598967582,Normal,0.44693779307133,1,2,3,4,3,3,4,3,3,7,6,1,2,3,2,4,0,3,1.66911912442754,12.6946526603488,200606
482,20,RL,0.425180476186576,0.212777250673518,Pave,NONE,HLS,Inside,Gtl,NridgHt,Norm,Norm,1Fam,1Story,9,5,2003,VinylSd,VinylSd,BrkFace,2.5757399962357,PConc,1567,0,225,1792,GasA,0.268289832918241,SBrkr,-0.785025043886639,0.575613968870127,1,0,0.781365814350925,-0.756321032880405,-1.04580127322219,-0.207698474525451,-0.287758288825272,0.623631660646747,Attchd,0.295002434288667,1.86213331852278,0.887634826614435,0.0223964137832229,-0.359600750132276,-0.103330530851366,-0.285935458023539,NONE,-0.0895919598967582,Normal,0.44693779307133,1,2,3,4,4,3,4,3,3,7,6,1,2,3,2,4,0,3,1.66911912442754,12.8320110763967,200611
483,70,RM,-0.232008726878616,-0.972414281888835,Pave,Pave,Lvl,Corner,Gtl,OldTown,Norm,Norm,1Fam,2Story,7,8,1915,Stucco,Stucco,None,-0.567015949674981,PConc,299,0,611,910,GasA,0.268289832918241,SBrkr,1.33802796572208,0.642812378471582,1,0,-1.02736282330994,1.23259887250509,1.38565545042224,-0.207698474525451,0.349545539005509,0.623631660646747,Attchd,0.0992769399229756,-1.43254916224337,-0.740760408320604,-0.702842766617084,-0.359600750132276,-0.103330530851366,-0.285935458023539,NONE,-0.0895919598967582,Normal,0.44693779307133,1,2,3,4,4,3,4,2,2,5,5,1,2,3,3,1,0,1,-0.250997476711292,11.9511803959014,200909
484,120,RM,-0.769708983931955,-0.718788873679472,Pave,NONE,Lvl,FR2,Gtl,Mitchel,Norm,Norm,Twnhs,1Story,6,5,1998,VinylSd,VinylSd,BrkFace,0.0816667722567607,PConc,897,0,319,1216,GasA,0.268289832918241,SBrkr,-0.785025043886639,-0.562806146730986,1,0,0.781365814350925,-0.756321032880405,-1.04580127322219,-0.207698474525451,-0.925062116656053,-0.924311211315714,Attchd,0.283881667563343,-0.328134471507676,-0.740760408320604,1.1472571833837,-0.359600750132276,-0.103330530851366,-0.285935458023539,NONE,-0.0895919598967582,Normal,0.44693779307133,1,2,2,4,2,3,0,3,3,7,6,1,2,3,3,1,0,1,1.66911912442754,12.0076217068063,200608
485,20,RL,-1.72562055202678,-0.30563308370642,Pave,NONE,Lvl,Corner,Gtl,Sawyer,Norm,Norm,1Fam,1Story,5,7,1962,HdBoard,Plywood,None,-0.567015949674981,CBlock,588,0,411,999,GasA,0.268289832918241,SBrkr,-0.785025043886639,-0.991690113893211,1,0,-1.02736282330994,-0.756321032880405,0.169927088600022,-0.207698474525451,-0.287758288825272,-0.924311211315714,Detchd,0.20603630048608,-0.968509376219971,-0.740760408320604,1.25086278058374,-0.359600750132276,-0.103330530851366,-0.285935458023539,NONE,-0.0895919598967582,Normal,-2.23744784062252,1,3,2,3,3,3,0,3,3,7,5,1,2,3,2,1,0,1,-0.250997476711292,11.7943379244084,200706
486,20,RL,0.664158368210282,-0.0720440827455964,Pave,NONE,Lvl,Inside,Gtl,NAmes,Norm,Norm,1Fam,1Story,5,7,1950,MetalSd,MetalSd,None,-0.567015949674981,CBlock,607,0,506,1113,GasA,0.268289832918241,SBrkr,-0.785025043886639,-0.766377799347158,0,0,-1.02736282330994,-0.756321032880405,0.169927088600022,-0.207698474525451,-0.925062116656053,0.623631660646747,Attchd,0.177122307000239,-0.968509376219971,-0.740760408320604,0.481221201383417,1.50859085458316,-0.103330530851366,-0.285935458023539,NONE,-0.0895919598967582,Normal,0.44693779307133,1,2,3,3,3,3,4,3,3,7,5,1,2,3,3,1,0,1,-0.250997476711292,11.8981878657609,200910
487,20,RL,0.634286131707318,0.0153298703825292,Pave,NONE,Lvl,Inside,Gtl,NAmes,Norm,Norm,1Fam,1Story,5,7,1965,MetalSd,MetalSd,BrkFace,0.372455578639955,CBlock,836,0,237,1073,GasA,0.268289832918241,SBrkr,-0.785025043886639,-0.845434751819457,1,0,-1.02736282330994,1.23259887250509,0.169927088600022,-0.207698474525451,-0.287758288825272,-0.924311211315714,Attchd,0.210484607176209,0.196230486698769,-0.740760408320604,-0.702842766617084,-0.359600750132276,-0.103330530851366,-0.285935458023539,NONE,-0.0895919598967582,Normal,0.44693779307133,1,2,2,2,2,3,0,3,3,7,5,1,2,3,3,1,0,2,-0.250997476711292,11.9576112862317,200709
488,20,RL,0.365436003180649,0.263121894203077,Pave,NONE,Lvl,Inside,Gtl,NWAmes,Norm,Norm,1Fam,1Story,5,6,1971,Plywood,Plywood,None,-0.567015949674981,CBlock,998,0,486,1484,GasA,0.268289832918241,SBrkr,-0.785025043886639,-0.0331245651665795,0,0,0.781365814350925,-0.756321032880405,0.169927088600022,-0.207698474525451,0.349545539005509,0.623631660646747,Attchd,0.223829527246597,0.0662993466122164,1.02992178889031,-0.702842766617084,-0.359600750132276,-0.103330530851366,2.91835171415425,NONE,-0.0895919598967582,Normal,0.44693779307133,1,2,2,3,2,3,3,3,3,7,5,1,2,3,2,3,0,1,0.297607266471232,12.0725412529057,200705
489,190,RL,0.0667136381510165,0.0801311621800214,Pave,NONE,Lvl,Corner,Gtl,OldTown,Norm,Norm,2fmCon,1.5Fin,5,4,1900,Wd Sdng,Wd Sdng,None,-0.567015949674981,CBlock,664,0,290,954,GasA,-3.72731232161413,FuseA,0.726775340977588,1.80494957981438,0,0,0.781365814350925,-0.756321032880405,0.169927088600022,4.45593111885755,2.26145702249785,0.623631660646747,Attchd,0.221605373901533,0.219432475999939,0.381725627411316,-0.702842766617084,-0.359600750132276,-0.103330530851366,-0.285935458023539,NONE,-0.0895919598967582,Normal,0.44693779307133,1,1,2,2,2,2,4,3,2,4,4,1,0,3,3,1,0,1,-0.250997476711292,11.982929094216,200608
490,180,RM,-1.09830358546455,-1.0959298556868,Pave,NONE,Lvl,Inside,Gtl,MeadowV,Norm,Norm,Twnhs,SFoyer,4,8,1970,CemntBd,CmentBd,None,-0.567015949674981,CBlock,515,0,115,630,GasA,0.268289832918241,SBrkr,-0.785025043886639,-1.72099050045017,1,0,-1.02736282330994,-0.756321032880405,-2.26152963504441,-0.207698474525451,-2.19966977231761,-0.924311211315714,Attchd,0.221605373901533,-0.866420623294823,-0.740760408320604,-0.702842766617084,-0.359600750132276,-0.103330530851366,-0.285935458023539,NONE,-0.0895919598967582,Normal,0.44693779307133,1,3,2,2,3,3,0,3,3,7,6,1,2,3,3,3,0,1,0.297607266471232,11.3621025752356,200908
491,160,RM,-1.72562055202678,-0.951490185711563,Pave,NONE,Lvl,Inside,Gtl,MeadowV,Norm,Norm,TwnhsE,2Story,5,6,1976,CemntBd,CmentBd,None,-0.567015949674981,PConc,0,0,264,264,GasA,0.268289832918241,SBrkr,0.82009635238896,-0.388880851291927,0,0,-1.02736282330994,1.23259887250509,0.169927088600022,-0.207698474525451,-1.56236594448683,0.623631660646747,BuiltIn,0.234950293971921,-0.634400730283121,0.373820796173767,-0.347623576216934,-0.359600750132276,-0.103330530851366,-0.285935458023539,NONE,-0.0895919598967582,Normal,-2.23744784062252,1,2,2,2,2,3,4,3,3,7,1,1,2,3,3,2,0,3,0.297607266471232,11.6526874073454,200809
492,50,RL,0.634286131707318,-0.0859934801971114,Pave,NONE,Lvl,Inside,Gtl,NAmes,Artery,Norm,1Fam,1.5Fin,6,7,1941,Wd Sdng,Wd Sdng,None,-0.567015949674981,CBlock,403,165,238,806,GasA,0.268289832918241,FuseA,0.661450632989628,0.152659273143324,1,0,-1.02736282330994,-0.756321032880405,0.169927088600022,-0.207698474525451,-0.925062116656053,2.17157453260921,Attchd,0.157104926894657,-1.07987892486559,-0.740760408320604,-0.702842766617084,0.138583677791841,-0.103330530851366,-0.285935458023539,MnPrv,-0.0895919598967582,Normal,0.44693779307133,1,2,2,2,1,3,3,3,3,7,4,3,2,3,3,1,0,1,-0.250997476711292,11.7981044072039,200611
493,60,RL,1.41096428078436,0.68604226239219,Pave,NONE,Lvl,Corner,Gtl,Gilbert,Norm,Norm,1Fam,2Story,6,5,2006,VinylSd,VinylSd,None,-0.567015949674981,PConc,0,0,728,728,GasA,0.268289832918241,SBrkr,0.913417363800332,-0.0884644318971892,0,0,0.781365814350925,1.23259887250509,0.169927088600022,-0.207698474525451,0.98684936683629,-0.924311211315714,Attchd,0.301674894323861,-0.202843729281357,-0.740760408320604,-0.702842766617084,-0.359600750132276,-0.103330530851366,-0.285935458023539,NONE,-0.0895919598967582,Partial,0.44693779307133,1,2,3,3,2,3,0,3,3,7,1,1,2,3,2,1,0,2,0.297607266471232,12.0598033260287,200608
494,20,RL,0.365436003180649,-0.28369448589631,Pave,NONE,Lvl,Inside,Gtl,NAmes,Norm,Norm,1Fam,1Story,5,6,1960,BrkFace,Wd Sdng,None,-0.567015949674981,CBlock,374,532,363,1269,GasA,0.268289832918241,FuseA,-0.785025043886639,-0.458055684705189,0,0,-1.02736282330994,1.23259887250509,0.169927088600022,-0.207698474525451,-0.287758288825272,0.623631660646747,Detchd,0.208260453831144,-0.764331870369674,-0.740760408320604,-0.702842766617084,-0.359600750132276,-0.103330530851366,-0.285935458023539,NONE,-0.0895919598967582,Normal,0.44693779307133,1,2,2,2,2,3,2,3,3,7,4,2,2,3,3,1,0,1,-0.250997476711292,11.9511803959014,200809
495,30,RM,-0.232008726878616,-0.555961361609061,Pave,NONE,Lvl,Inside,Gtl,OldTown,Artery,Norm,1Fam,1Story,5,8,1938,MetalSd,MetalSd,None,-0.567015949674981,BrkTil,0,0,190,190,GasA,0.268289832918241,FuseA,-0.785025043886639,-1.21502600462746,0,0,-1.02736282330994,-0.756321032880405,-1.04580127322219,-0.207698474525451,-1.56236594448683,-0.924311211315714,Attchd,0.150432466859463,-0.926745795477865,0.397535289886414,-0.406826774616959,0.885860319678016,-0.103330530851366,-0.285935458023539,NONE,-0.0895919598967582,Normal,0.44693779307133,1,2,2,3,2,3,0,3,3,7,1,1,2,3,3,1,0,1,-0.799602219893816,11.4219060665831,200904
496,30,C (all),0.0667136381510165,-0.290288746509753,Pave,NONE,Lvl,Inside,Gtl,IDOTRR,Norm,Norm,1Fam,1Story,4,5,1920,Wd Sdng,Wd Sdng,None,-0.567015949674981,CBlock,495,0,225,720,GasA,-3.72731232161413,FuseA,-0.785025043886639,-1.5431123573875,0,0,-1.02736282330994,-0.756321032880405,-1.04580127322219,-0.207698474525451,-1.56236594448683,-0.924311211315714,NONE,-4.15997671587587,-2.19357441132175,-0.740760408320604,7.03797542418619,1.43074953772002,-0.103330530851366,-0.285935458023539,GdWo,-0.0895919598967582,Abnorml,0.44693779307133,1,2,2,2,2,3,0,0,0,7,3,1,0,3,3,1,0,0,-0.250997476711292,10.4602421081905,200903
497,20,RL,-1.72562055202678,0.320060798346079,Pave,NONE,Lvl,Inside,Gtl,NoRidge,Norm,Norm,1Fam,1Story,8,5,1992,BrkFace,BrkFace,None,-0.567015949674981,PConc,1231,0,1969,3200,GasA,0.268289832918241,SBrkr,-0.785025043886639,3.41375856262568,1,0,2.59009445201179,-0.756321032880405,1.38565545042224,-0.207698474525451,2.26145702249785,0.623631660646747,Attchd,0.270536747492955,0.340082820366024,1.34611503839226,0.407217203383386,4.17076389130266,-0.103330530851366,-0.285935458023539,NONE,-0.0895919598967582,Normal,-2.23744784062252,1,2,3,4,3,3,4,3,3,7,6,1,2,3,2,1,0,2,0.297607266471232,12.9715404876697,200708
498,50,RL,0.0667136381510165,-0.132914180715844,Pave,Pave,Lvl,Inside,Gtl,BrkSide,Norm,Norm,1Fam,1.5Fin,7,6,1925,Wd Sdng,Wd Sdng,None,-0.567015949674981,PConc,329,0,697,1026,GasA,0.268289832918241,SBrkr,0.817763327103676,0.630953835600737,1,0,0.781365814350925,-0.756321032880405,1.38565545042224,-0.207698474525451,0.98684936683629,-0.924311211315714,Detchd,0.121518473373622,-1.07987892486559,-0.740760408320604,0.777237193383542,-0.359600750132276,-0.103330530851366,-0.285935458023539,GdPrv,-0.0895919598967582,Normal,0.44693779307133,1,3,2,4,2,3,0,3,3,7,3,1,0,3,3,1,0,1,-0.250997476711292,12.1226910365911,200809
499,20,RL,0.216074820665833,-0.300306950134023,Pave,NONE,Lvl,Inside,Gtl,Sawyer,Norm,Norm,1Fam,1Story,5,7,1967,HdBoard,HdBoard,BrkFace,-0.0693197233652825,PConc,450,0,414,864,GasA,0.268289832918241,SBrkr,-0.785025043886639,-1.18933249507396,0,0,-1.02736282330994,-0.756321032880405,0.169927088600022,-0.207698474525451,-0.925062116656053,-0.924311211315714,Attchd,0.214932913866338,-0.857139827574354,-0.234851209117485,-0.702842766617084,-0.359600750132276,-0.103330530851366,-0.285935458023539,MnPrv,-0.0895919598967582,Normal,0.44693779307133,1,2,2,4,3,3,0,3,3,7,5,1,2,3,3,1,0,3,-0.250997476711292,11.7752897294377,200909
500,20,RL,0.365436003180649,-0.333912316721764,Pave,NONE,Lvl,Inside,Gtl,NAmes,Norm,Norm,1Fam,1Story,5,7,1958,MetalSd,MetalSd,None,-0.567015949674981,CBlock,111,279,522,912,GasA,0.268289832918241,SBrkr,-0.785025043886639,-1.16363898552046,0,1,-1.02736282330994,-0.756321032880405,-1.04580127322219,-0.207698474525451,-0.925062116656053,-0.924311211315714,Attchd,0.194915533760756,-0.815376246832248,-0.645902433470019,3.5153851193847,-0.359600750132276,-0.103330530851366,-0.285935458023539,MnWw,0.756513733988736,Normal,0.44693779307133,1,2,2,1,2,3,0,3,3,7,4,2,2,3,2,1,0,3,-0.250997476711292,11.6952470217642,200709
501,160,RM,-1.09830358546455,-1.04977003139269,Pave,NONE,Lvl,Inside,Gtl,BrDale,Norm,Norm,Twnhs,2Story,6,5,1973,HdBoard,HdBoard,BrkFace,1.02673039300214,CBlock,356,0,316,672,GasA,0.268289832918241,SBrkr,0.488806761878589,-0.558853299107371,0,0,-1.02736282330994,1.23259887250509,0.169927088600022,-0.207698474525451,0.349545539005509,-0.924311211315714,Detchd,0.228277833936727,-0.968509376219971,0.397535289886414,-0.288420377816909,-0.359600750132276,-0.103330530851366,-0.285935458023539,NONE,-0.0895919598967582,Normal,0.44693779307133,1,2,2,2,2,3,0,3,3,7,4,1,2,3,3,1,0,1,-0.250997476711292,11.6351430976945,200708
502,60,FV,0.514797185695465,-0.0463011038123461,Pave,NONE,Lvl,Inside,Gtl,Somerst,Norm,Norm,1Fam,2Story,7,5,2005,VinylSd,VinylSd,None,-0.567015949674981,PConc,400,0,466,866,GasA,0.268289832918241,SBrkr,1.3193637634398,0.528179797386747,0,0,0.781365814350925,1.23259887250509,0.169927088600022,-0.207698474525451,0.349545539005509,-0.924311211315714,Attchd,0.299450740978796,0.604585498399363,-0.740760408320604,0.895643590183592,-0.359600750132276,-0.103330530851366,-0.285935458023539,NONE,-0.0895919598967582,Normal,0.44693779307133,1,2,3,3,3,3,0,3,3,7,6,1,2,3,3,1,0,2,0.297607266471232,12.3313828364956,200805
503,20,RL,0.365436003180649,-0.126573545510609,Pave,NONE,Lvl,Corner,Gtl,Edwards,Feedr,Norm,1Fam,1Story,5,7,1965,MetalSd,MetalSd,None,-0.567015949674981,CBlock,698,96,420,1214,GasA,0.268289832918241,SBrkr,-0.785025043886639,-0.566758994354601,1,0,-1.02736282330994,-0.756321032880405,-1.04580127322219,-0.207698474525451,-0.287758288825272,-0.924311211315714,Detchd,0.210484607176209,-0.0543509977538682,-0.740760408320604,-0.702842766617084,2.5049597104314,-0.103330530851366,-0.285935458023539,GdPrv,0.615496118341154,Normal,0.44693779307133,1,2,2,4,2,3,0,2,2,7,5,6,2,3,3,1,0,1,-0.250997476711292,11.8493977015914,200707
504,20,RL,1.26160309826955,0.689085767290702,Pave,NONE,Lvl,Inside,Gtl,Crawfor,Norm,Norm,1Fam,1Story,7,8,1959,BrkFace,Wd Sdng,None,-0.567015949674981,CBlock,1247,0,254,1501,GasA,0.268289832918241,SBrkr,-0.785025043886639,0.593401783176394,1,0,0.781365814350925,-0.756321032880405,-2.26152963504441,-0.207698474525451,-0.287758288825272,2.17157453260921,Attchd,0.197139687105821,0.0523781530315144,-0.740760408320604,0.0964004117832542,-0.359600750132276,-0.103330530851366,2.58012140153548,GdWo,-0.0895919598967582,Normal,0.44693779307133,1,2,2,2,2,3,3,3,3,7,5,1,2,3,2,1,0,3,-0.250997476711292,12.5741819670946,201006
505,160,RL,-1.00868687595566,-0.996762321076934,Pave,NONE,Lvl,Inside,Gtl,NPkVill,Norm,Norm,TwnhsE,2Story,6,5,1974,Plywood,Brk Cmn,None,-0.567015949674981,CBlock,257,495,103,855,GasA,0.268289832918241,SBrkr,0.30449776434113,-0.353305222679393,0,1,0.781365814350925,1.23259887250509,0.169927088600022,-0.207698474525451,-0.287758288825272,0.623631660646747,Attchd,0.230501987281791,-0.151799352818783,1.31449571344207,-0.702842766617084,-0.359600750132276,-0.103330530851366,-0.285935458023539,NONE,-0.0895919598967582,Normal,0.44693779307133,1,2,2,2,2,3,2,3,3,7,5,3,2,3,3,1,0,1,-0.250997476711292,11.8981878657609,200909
506,90,RM,0.0667136381510165,-0.326176741771378,Pave,Grvl,Lvl,Inside,Gtl,OldTown,Artery,Norm,Duplex,2Story,5,5,1952,Wd Sdng,Wd Sdng,BrkFace,1.4461373252856,CBlock,0,0,960,960,GasA,0.268289832918241,SBrkr,1.54800024139766,0.907653169253785,0,0,0.781365814350925,-0.756321032880405,1.38565545042224,4.45593111885755,2.26145702249785,-0.924311211315714,Detchd,0.181570613690368,-0.337415267228144,-0.740760408320604,-0.702842766617084,-0.359600750132276,-0.103330530851366,-0.285935458023539,NONE,-0.0895919598967582,Normal,0.44693779307133,1,2,2,3,2,3,0,3,3,7,1,1,0,3,3,1,0,1,-0.250997476711292,11.7320609948869,200910
507,60,RL,0.664158368210282,-0.0778774671344118,Pave,NONE,Lvl,Inside,Gtl,SawyerW,Norm,Norm,1Fam,2Story,8,5,1993,VinylSd,VinylSd,BrkFace,0.131995604130775,PConc,380,0,397,777,GasA,0.268289832918241,SBrkr,1.18871434746388,0.810808402475218,0,0,0.781365814350925,1.23259887250509,0.169927088600022,-0.207698474525451,0.98684936683629,0.623631660646747,Attchd,0.27276090083802,-0.00794701915152796,0.697918876913265,0.496022000983423,-0.359600750132276,-0.103330530851366,-0.285935458023539,NONE,-0.0895919598967582,Normal,0.44693779307133,1,2,3,4,3,3,3,3,3,7,6,1,2,3,2,1,0,2,0.297607266471232,12.2783933071098,200612
508,20,FV,0.514797185695465,-0.292444562479533,Pave,NONE,Lvl,Inside,Gtl,Somerst,Norm,Norm,1Fam,1Story,6,5,2009,VinylSd,VinylSd,None,-0.567015949674981,PConc,27,0,1191,1218,GasA,0.268289832918241,SBrkr,-0.785025043886639,-0.558853299107371,0,0,0.781365814350925,-0.756321032880405,-1.04580127322219,-0.207698474525451,-1.56236594448683,-0.924311211315714,Attchd,0.308347354359055,0.943334542196447,-0.740760408320604,0.806838792583555,-0.359600750132276,-0.103330530851366,-0.285935458023539,NONE,-0.0895919598967582,Partial,0.44693779307133,1,2,3,4,3,3,0,3,3,7,6,1,2,3,2,1,0,3,0.297607266471232,12.2467346272491,200912
509,70,RM,0.0667136381510165,-0.0720440827455964,Pave,NONE,Lvl,Inside,Gtl,OldTown,Norm,Norm,1Fam,2Story,7,9,1928,MetalSd,MetalSd,None,-0.567015949674981,BrkTil,141,0,548,689,GasA,0.268289832918241,SBrkr,0.822429377674244,-0.242625489218173,0,0,0.781365814350925,-0.756321032880405,0.169927088600022,-0.207698474525451,0.349545539005509,0.623631660646747,Detchd,0.128190933408816,-0.523031181637505,-0.740760408320604,-0.702842766617084,1.44631780109265,-0.103330530851366,-0.285935458023539,NONE,-0.0895919598967582,Normal,0.44693779307133,1,4,2,4,3,3,4,3,3,7,3,1,0,3,3,1,0,1,-0.250997476711292,11.9891596439666,200802
510,20,RL,0.664158368210282,-0.0720440827455964,Pave,NONE,Lvl,Corner,Gtl,NAmes,Norm,Norm,1Fam,1Story,5,6,1959,MetalSd,MetalSd,BrkFace,0.171140251143897,CBlock,991,0,50,1041,GasA,0.268289832918241,SBrkr,-0.785025043886639,-0.908680313797297,1,0,-1.02736282330994,-0.756321032880405,0.169927088600022,-0.207698474525451,-0.287758288825272,-0.924311211315714,Attchd,0.197139687105821,-0.940666989058567,1.02992178889031,0.599627598183467,-0.359600750132276,-0.103330530851366,-0.285935458023539,MnPrv,-0.0895919598967582,Normal,0.44693779307133,1,2,2,4,2,3,0,3,3,7,5,1,2,3,3,1,0,2,-0.250997476711292,11.7320609948869,200910
511,20,RL,0.514797185695465,0.556820116909519,Pave,NONE,Lvl,Inside,Gtl,NAmes,Norm,Norm,1Fam,1Story,5,7,1951,Wd Sdng,Wd Sdng,BrkCmn,-0.175569479543757,CBlock,650,180,178,1008,GasA,0.268289832918241,SBrkr,-0.785025043886639,-0.272271846395286,1,0,-1.02736282330994,-0.756321032880405,-1.04580127322219,-0.207698474525451,-0.287758288825272,2.17157453260921,CarPort,0.179346460345304,-0.857139827574354,1.82040491264519,-0.0812091834168209,-0.359600750132276,-0.103330530851366,2.7047325693424,NONE,3.4358484312928,Normal,0.44693779307133,1,2,3,4,2,3,3,3,3,6,4,3,2,3,3,1,0,1,-0.250997476711292,12.0130945085477,200909
512,120,RL,-0.530731091908249,-0.428134155871542,Pave,NONE,Lvl,Inside,Gtl,NridgHt,Norm,Norm,TwnhsE,1Story,7,5,2005,VinylSd,VinylSd,Stone,-0.0413592612130523,PConc,0,0,1368,1368,GasA,0.268289832918241,SBrkr,-0.785025043886639,-0.262389727336248,0,0,0.781365814350925,-0.756321032880405,-1.04580127322219,-0.207698474525451,-0.287758288825272,0.623631660646747,Attchd,0.299450740978796,0.00597417442917412,0.302677315035829,-0.184814780616865,-0.359600750132276,-0.103330530851366,-0.285935458023539,NONE,-0.0895919598967582,Partial,0.44693779307133,1,2,3,4,3,3,4,3,3,7,1,1,2,3,2,1,0,2,0.297607266471232,12.2193096485622,200606
513,20,RL,0.365436003180649,-0.135450434797937,Pave,NONE,Lvl,Corner,Gtl,NAmes,Feedr,Norm,1Fam,1Story,5,5,1958,VinylSd,VinylSd,None,-0.567015949674981,CBlock,521,174,169,864,GasA,0.268289832918241,SBrkr,-0.785025043886639,-1.25850732848722,1,0,-1.02736282330994,-0.756321032880405,0.169927088600022,-0.207698474525451,-0.925062116656053,-0.924311211315714,Detchd,0.208260453831144,0.702033853464278,-0.740760408320604,-0.702842766617084,-0.359600750132276,-0.103330530851366,-0.285935458023539,NONE,-0.0895919598967582,Normal,0.44693779307133,1,2,2,2,2,3,0,3,3,7,4,2,2,3,3,1,0,1,-0.250997476711292,11.7745202026587,200610
514,20,RL,0.395308239683612,-0.12441772954083,Pave,NONE,Bnk,Corner,Gtl,Mitchel,Norm,Norm,1Fam,1Story,6,5,1983,VinylSd,VinylSd,None,-0.567015949674981,PConc,336,0,748,1084,GasA,0.268289832918241,SBrkr,-0.785025043886639,-0.831599785136805,0,0,-1.02736282330994,1.23259887250509,0.169927088600022,-0.207698474525451,-0.925062116656053,-0.924311211315714,Attchd,0.250519367387373,0.0523781530315144,0.207819340185244,-0.702842766617084,2.10018486274305,-0.103330530851366,-0.285935458023539,NONE,-0.0895919598967582,Normal,0.44693779307133,1,3,2,2,2,3,0,3,3,7,5,1,2,3,3,1,0,1,-0.250997476711292,11.805595078933,200709
515,45,RL,-0.0826475443637997,0.054007745134457,Pave,NONE,Lvl,Inside,Gtl,Crawfor,Norm,Norm,1Fam,1.5Unf,5,5,1926,Wd Sdng,Wd Sdng,None,-0.567015949674981,BrkTil,0,0,768,768,Grav,-3.72731232161413,SBrkr,-0.785025043886639,-1.40673911437278,0,0,-1.02736282330994,-0.756321032880405,-1.04580127322219,-0.207698474525451,-0.925062116656053,-0.924311211315714,Detchd,0.123742626718687,-1.26549483927495,-0.740760408320604,-0.702842766617084,1.38404474760213,-0.103330530851366,-0.285935458023539,MnPrv,-0.0895919598967582,Normal,0.44693779307133,1,2,2,1,2,3,0,1,1,7,1,1,2,3,3,1,0,1,-0.250997476711292,11.4772982873271,200709
516,20,RL,1.08236967925177,0.260205202008669,Pave,NONE,Lvl,Inside,Gtl,NridgHt,Norm,Norm,1Fam,1Story,10,5,2009,CemntBd,CmentBd,BrkFace,1.13857224161106,CBlock,1436,0,570,2006,GasA,0.268289832918241,SBrkr,-0.785025043886639,1.02623859796223,1,0,0.781365814350925,1.23259887250509,0.169927088600022,-0.207698474525451,1.62415319466707,0.623631660646747,Attchd,0.308347354359055,1.98278366288887,0.492393264736998,0.0964004117832542,-0.359600750132276,-0.103330530851366,-0.285935458023539,NONE,-0.0895919598967582,Partial,0.44693779307133,1,2,4,4,4,3,4,3,3,7,6,1,2,3,3,1,0,3,1.66911912442754,12.9063468682812,200912
517,80,RL,-1.72562055202678,0.0354930903351735,Pave,NONE,Lvl,Corner,Gtl,NWAmes,Norm,Norm,1Fam,SLvl,6,6,1972,HdBoard,HdBoard,BrkFace,1.29515082966355,CBlock,0,0,689,689,GasA,0.268289832918241,SBrkr,0.943746692509028,1.22190455533118,0,0,0.781365814350925,1.23259887250509,0.169927088600022,-0.207698474525451,0.349545539005509,0.623631660646747,Attchd,0.226053680591662,0.511777541194683,-0.740760408320604,0.836440391783567,-0.359600750132276,-0.103330530851366,-0.285935458023539,GdPrv,-0.0895919598967582,Abnorml,-2.23744784062252,1,2,2,2,2,3,3,3,3,7,1,1,2,3,2,1,0,2,-0.250997476711292,11.9703503120091,200911
518,60,RL,0.634286131707318,0.00505804135004996,Pave,NONE,Lvl,Inside,Gtl,NoRidge,Norm,Norm,1Fam,2Story,7,5,1996,VinylSd,VinylSd,BrkFace,4.58330117876583,PConc,0,0,1264,1264,GasA,0.268289832918241,SBrkr,1.70431293551171,1.66659991298786,0,0,0.781365814350925,1.23259887250509,0.169927088600022,-0.207698474525451,0.349545539005509,0.623631660646747,Attchd,0.279433360873214,1.93173928642629,0.998302463940117,-0.702842766617084,-0.359600750132276,-0.103330530851366,-0.285935458023539,NONE,-0.0895919598967582,Normal,0.44693779307133,1,2,3,4,3,3,3,3,3,7,1,1,2,3,2,1,0,2,0.297607266471232,12.4874851049684,200910
519,60,RL,-1.72562055202678,-0.0807941593288194,Pave,NONE,Lvl,CulDSac,Gtl,CollgCr,Norm,Norm,1Fam,2Story,6,5,1998,VinylSd,VinylSd,None,-0.567015949674981,PConc,706,0,88,794,GasA,0.268289832918241,SBrkr,1.34736006686321,0.583519664117357,1,0,0.781365814350925,1.23259887250509,0.169927088600022,-0.207698474525451,0.349545539005509,-0.924311211315714,Attchd,0.283881667563343,0.340082820366024,-0.740760408320604,-0.170013981016859,-0.359600750132276,-0.103330530851366,-0.285935458023539,MnPrv,-0.0895919598967582,Normal,-2.23744784062252,1,2,2,4,2,3,0,3,3,7,6,1,2,3,2,2,0,2,0.297607266471232,12.2596134124582,200708
520,70,RL,-0.142392017369726,0.0950950612643739,Pave,NONE,Lvl,Inside,Gtl,Crawfor,Norm,Norm,1Fam,2Story,7,9,1926,MetalSd,MetalSd,None,-0.567015949674981,BrkTil,0,0,1276,1276,GasA,0.268289832918241,SBrkr,1.09072728548194,1.14482402667068,0,0,-1.02736282330994,1.23259887250509,0.169927088600022,-0.207698474525451,1.62415319466707,2.17157453260921,Detchd,0.123742626718687,-0.884982214735759,-0.740760408320604,-0.702842766617084,-0.359600750132276,-0.103330530851366,2.29529587511968,MnPrv,-0.0895919598967582,Normal,0.44693779307133,1,2,3,4,3,3,4,3,3,7,1,1,2,3,3,1,0,1,0.297607266471232,12.3630763943398,200909
521,190,RL,0.0667136381510165,0.0801311621800214,Pave,Grvl,Lvl,Inside,Gtl,OldTown,Norm,Norm,2fmCon,2Story,4,7,1900,MetalSd,MetalSd,None,-0.567015949674981,BrkTil,0,0,0,0,GasA,-3.72731232161413,FuseA,0.614790127283942,-0.408645089410002,0,0,0.781365814350925,-0.756321032880405,0.169927088600022,4.45593111885755,0.349545539005509,-0.924311211315714,NONE,-4.15997671587587,-2.19357441132175,0.998302463940117,0.98444838778363,2.90973455811974,-0.103330530851366,-0.285935458023539,NONE,-0.0895919598967582,Normal,0.44693779307133,0,2,2,2,2,0,0,0,0,7,0,0,0,3,3,0,0,0,-4.91413779376274,11.5735500867867,200811
522,20,RL,0.962880733239914,0.230784654656383,Pave,NONE,Lvl,Corner,Gtl,NAmes,Feedr,Norm,1Fam,1Story,6,6,1957,VinylSd,VinylSd,None,-0.567015949674981,CBlock,777,0,467,1244,GasA,0.268289832918241,FuseA,-0.785025043886639,-0.507466280000377,0,0,-1.02736282330994,1.23259887250509,0.169927088600022,-0.207698474525451,-0.287758288825272,2.17157453260921,Attchd,0.192691380415692,-0.634400730283121,-0.740760408320604,-0.110810782616833,-0.359600750132276,-0.103330530851366,-0.285935458023539,NONE,-0.0895919598967582,Normal,0.44693779307133,1,2,2,4,2,3,4,3,3,7,3,1,2,3,2,1,0,1,-0.250997476711292,11.9183905730784,200708
523,50,RM,-0.232008726878616,-0.655382521627132,Pave,NONE,Lvl,Corner,Gtl,BrkSide,Feedr,Norm,1Fam,1.5Fin,6,7,1947,CemntBd,CmentBd,None,-0.567015949674981,CBlock,399,0,605,1004,GasA,0.268289832918241,SBrkr,0.754771644401,0.322631720958768,0,0,0.781365814350925,-0.756321032880405,0.169927088600022,-0.207698474525451,0.349545539005509,2.17157453260921,Detchd,0.177122307000239,-0.244607310023463,-0.740760408320604,-0.347623576216934,0.200856731282355,-0.103330530851366,-0.285935458023539,NONE,-0.0895919598967582,Normal,0.44693779307133,1,3,2,4,2,3,4,3,3,7,5,1,2,3,3,1,0,1,-0.250997476711292,11.9766594812024,200602
524,60,RL,2.15777019335844,3.79498251622256,Pave,NONE,Bnk,Inside,Gtl,Edwards,PosN,PosN,1Fam,2Story,10,5,2007,CemntBd,CmentBd,Stone,3.69415848232491,PConc,2260,0,878,3138,GasA,0.268289832918241,SBrkr,2.80316784488062,6.27562024212292,1,0,2.59009445201179,1.23259887250509,0.169927088600022,-0.207698474525451,2.89876085032863,0.623631660646747,BuiltIn,0.303899047668925,1.90853729712512,0.903444489089533,5.30628187098546,-0.359600750132276,-0.103330530851366,-0.285935458023539,NONE,-0.0895919598967582,Partial,0.44693779307133,1,2,4,4,4,3,4,3,3,7,6,1,2,3,2,4,0,3,1.66911912442754,12.1267588388104,200702
525,60,RL,1.11224191575473,0.205295301131342,Pave,NONE,Lvl,Inside,Gtl,NoRidge,Norm,Norm,1Fam,2Story,7,5,1996,VinylSd,VinylSd,BrkFace,2.75468695400997,PConc,719,0,660,1379,GasA,0.268289832918241,SBrkr,1.58299562067693,1.77332679882546,1,0,0.781365814350925,1.23259887250509,0.169927088600022,-0.207698474525451,0.98684936683629,0.623631660646747,Attchd,0.279433360873214,1.67651740411342,1.14849425745354,0.185205209383292,-0.359600750132276,-0.103330530851366,-0.285935458023539,NONE,-0.0895919598967582,Normal,0.44693779307133,1,2,3,4,3,3,3,3,3,7,6,1,2,3,2,1,0,3,0.297607266471232,12.6627060402127,200711
526,20,FV,0.126458111156943,-0.338350761365428,Pave,Pave,Lvl,Inside,Gtl,Somerst,Norm,Norm,1Fam,1Story,7,5,2005,VinylSd,VinylSd,None,-0.567015949674981,PConc,0,0,1257,1257,GasA,0.268289832918241,SBrkr,-0.785025043886639,-0.463984956140612,0,0,0.781365814350925,-0.756321032880405,0.169927088600022,-0.207698474525451,-0.287758288825272,0.623631660646747,Attchd,0.299450740978796,-0.0914741806357404,-0.440376821293752,1.42847237578382,-0.359600750132276,-0.103330530851366,-0.285935458023539,NONE,-0.0895919598967582,Normal,0.44693779307133,1,2,3,4,3,3,3,3,3,7,1,1,2,3,3,1,0,1,0.297607266471232,12.0782392740203,200607
527,20,RL,0.365436003180649,0.397162922441725,Pave,NONE,Lvl,Inside,Gtl,NAmes,Norm,Norm,1Fam,1Story,5,7,1956,Wd Sdng,Wd Sdng,None,-0.567015949674981,CBlock,377,0,551,928,GasA,0.268289832918241,SBrkr,-0.785025043886639,-1.13201620453154,0,0,-1.02736282330994,-0.756321032880405,-1.04580127322219,-0.207698474525451,-1.56236594448683,-0.924311211315714,Attchd,0.190467227070627,-1.02419415054278,1.32240054467962,-0.702842766617084,2.06904833599779,-0.103330530851366,-0.285935458023539,NONE,-0.0895919598967582,Normal,0.44693779307133,1,2,2,2,2,3,0,3,3,7,3,1,2,3,3,1,0,1,0.297607266471232,11.7905572015685,200709
528,60,RL,0.275819293671759,0.60615025880624,Pave,NONE,Lvl,Inside,Gtl,NridgHt,Norm,Norm,1Fam,2Story,9,5,2008,VinylSd,VinylSd,Stone,0.93166482168456,PConc,1330,0,122,1452,GasA,0.268289832918241,SBrkr,2.10092723401004,2.39590029954482,1,0,0.781365814350925,1.23259887250509,0.169927088600022,-0.207698474525451,2.89876085032863,0.623631660646747,Attchd,0.30612320101399,1.78788695275904,0.255248327610536,0.274010006983329,-0.359600750132276,-0.103330530851366,-0.285935458023539,NONE,-0.0895919598967582,Partial,0.44693779307133,1,2,4,4,4,3,4,3,3,7,6,1,2,3,2,3,0,3,1.66911912442754,13.0086592616321,200803
529,30,RL,0.00696916514509001,-0.135704060206147,Pave,NONE,Lvl,Inside,Gtl,Edwards,Norm,Norm,1Fam,1Story,4,7,1920,Wd Sdng,Wd Sdng,None,-0.567015949674981,BrkTil,348,0,180,528,GasA,0.268289832918241,SBrkr,-0.785025043886639,-1.77040109574536,1,0,-1.02736282330994,-0.756321032880405,-1.04580127322219,-0.207698474525451,-0.925062116656053,-0.924311211315714,NONE,-4.15997671587587,-2.19357441132175,-0.740760408320604,-0.702842766617084,1.88222917552625,-0.103330530851366,-0.285935458023539,NONE,-0.0895919598967582,Normal,0.44693779307133,1,2,2,4,2,3,0,0,0,7,5,1,0,3,2,2,0,0,-0.250997476711292,11.3621025752356,200710
530,20,RL,-1.72562055202678,2.8532713755412,Pave,NONE,Lvl,CulDSac,Gtl,Crawfor,Norm,Norm,1Fam,1Story,6,3,1957,Wd Sdng,Stone,NONE,-0.567015949674981,PConc,1219,0,816,2035,GasA,0.268289832918241,SBrkr,-0.785025043886639,2.00456838480694,1,0,2.59009445201179,-0.756321032880405,1.38565545042224,4.45593111885755,1.62415319466707,2.17157453260921,Attchd,0.232726140626856,0.0523781530315144,-0.740760408320604,-0.702842766617084,2.75405192439345,-0.103330530851366,-0.285935458023539,NONE,-0.0895919598967582,Alloca,-2.23744784062252,1,2,3,2,2,3,3,3,3,3,3,1,2,3,2,1,0,2,-0.250997476711292,12.2091877884303,200706
531,80,RL,0.813519550725098,0.00404353971721251,Pave,NONE,Lvl,Inside,Gtl,Timber,Norm,Norm,1Fam,SLvl,6,5,1988,HdBoard,HdBoard,BrkFace,0.657652292592704,CBlock,783,0,678,1461,GasA,0.268289832918241,SBrkr,-0.785025043886639,0.0162860301286077,1,0,0.781365814350925,-0.756321032880405,0.169927088600022,-0.207698474525451,-0.925062116656053,0.623631660646747,Attchd,0.261640134112697,0.590664304818661,1.02992178889031,-0.702842766617084,-0.359600750132276,-0.103330530851366,-0.285935458023539,NONE,-0.0895919598967582,Abnorml,0.44693779307133,1,2,3,4,3,3,2,3,3,7,6,1,2,3,3,3,0,2,0.297607266471232,12.0725412529057,200811
532,70,RM,0.0667136381510165,-0.508913848386224,Pave,NONE,Lvl,FR3,Gtl,BrkSide,RRNn,Feedr,1Fam,2Story,6,8,1920,Wd Sdng,Wd Sdng,None,-0.567015949674981,BrkTil,0,0,611,611,GasA,0.268289832918241,SBrkr,0.640453405422069,-0.274248270207093,0,0,0.781365814350925,-0.756321032880405,0.169927088600022,-0.207698474525451,-0.287758288825272,-0.924311211315714,Detchd,0.110397706648299,0.135905314515727,-0.740760408320604,-0.702842766617084,0.948133373168531,-0.103330530851366,-0.285935458023539,NONE,-0.0895919598967582,Normal,0.44693779307133,1,2,2,4,2,2,0,3,2,7,1,1,2,3,2,2,0,3,-0.799602219893816,11.7597855429018,200809
533,20,RL,0.0667136381510165,-0.376394572596832,Pave,NONE,Lvl,Inside,Gtl,NAmes,Norm,Norm,1Fam,1Story,5,7,1955,VinylSd,VinylSd,None,-0.567015949674981,Slab,0,0,0,0,GasA,0.268289832918241,SBrkr,-0.785025043886639,-1.3316350095241,0,0,-1.02736282330994,-0.756321032880405,-1.04580127322219,-0.207698474525451,-0.925062116656053,0.623631660646747,Detchd,0.214932913866338,-0.374538450110016,-0.740760408320604,-0.702842766617084,-0.359600750132276,-0.103330530851366,-0.285935458023539,NONE,-0.0895919598967582,Normal,0.44693779307133,0,2,2,4,2,0,1,3,3,4,0,0,2,3,3,0,0,1,-4.91413779376274,11.5852461265499,201007
534,20,RL,-0.232008726878616,-0.655382521627132,Pave,NONE,Low,Inside,Mod,BrkSide,Norm,Norm,1Fam,1Story,1,3,1946,VinylSd,VinylSd,None,-0.567015949674981,Slab,0,0,0,0,GasA,-3.72731232161413,FuseF,-0.785025043886639,-2.30601194874519,0,0,-1.02736282330994,-0.756321032880405,-2.26152963504441,-0.207698474525451,-2.8369736001484,-0.924311211315714,NONE,-4.15997671587587,-2.19357441132175,-0.740760408320604,-0.702842766617084,-0.359600750132276,-0.103330530851366,-0.285935458023539,NONE,-0.0895919598967582,Normal,0.44693779307133,0,1,1,1,1,0,0,0,0,7,0,0,0,3,3,0,0,0,-4.91413779376274,10.5789797978574,200701
535,60,RL,0.484924949192502,-0.141030193778543,Pave,NONE,Lvl,Inside,Gtl,Gilbert,Norm,Norm,1Fam,2Story,8,5,2004,VinylSd,VinylSd,None,-0.567015949674981,PConc,0,0,707,707,GasA,0.268289832918241,SBrkr,0.864423832809362,-0.171474231993104,0,0,0.781365814350925,1.23259887250509,0.169927088600022,-0.207698474525451,-0.287758288825272,0.623631660646747,Attchd,0.297226587633731,-0.323494073647442,0.0497227154342694,-0.184814780616865,-0.359600750132276,-0.103330530851366,-0.285935458023539,NONE,-0.0895919598967582,Normal,0.44693779307133,1,2,3,4,3,4,4,3,3,7,1,1,2,3,2,3,0,3,1.66911912442754,12.0895388292742,200602
536,190,RL,0.365436003180649,-0.401757113417768,Pave,NONE,Lvl,Inside,Gtl,Edwards,Norm,Norm,2fmCon,2Story,5,7,1910,MetalSd,MetalSd,None,-0.567015949674981,CBlock,969,0,148,1117,GasA,0.268289832918241,SBrkr,0.444479281458188,-0.303894627384205,1,0,-1.02736282330994,-0.756321032880405,0.169927088600022,-0.207698474525451,-0.925062116656053,-0.924311211315714,NONE,-4.15997671587587,-2.19357441132175,-0.0688497531289616,-0.702842766617084,1.94450222901676,-0.103330530851366,-0.285935458023539,NONE,-0.0895919598967582,Normal,0.44693779307133,1,2,2,2,2,3,0,0,0,7,6,1,0,3,3,4,0,0,0.297607266471232,11.5852461265499,200801
537,60,RL,-0.0229030713578732,-0.157769470720361,Pave,NONE,Lvl,CulDSac,Gtl,CollgCr,Norm,Norm,1Fam,2Story,7,5,1998,VinylSd,VinylSd,None,-0.567015949674981,PConc,0,0,880,880,GasA,0.268289832918241,SBrkr,1.18404829689331,0.441217149667218,0,0,0.781365814350925,1.23259887250509,0.169927088600022,-0.207698474525451,0.98684936683629,-0.924311211315714,Attchd,0.283881667563343,0.251915261021577,0.207819340185244,1.59128117138389,-0.359600750132276,-0.103330530851366,-0.285935458023539,NONE,-0.0895919598967582,Normal,0.44693779307133,1,2,2,4,3,3,0,3,3,7,1,1,2,3,2,3,0,3,0.297607266471232,12.1441972418121,200810
538,20,RL,-1.72562055202678,0.32551374462258,Pave,NONE,Lvl,FR2,Gtl,NAmes,Norm,Norm,1Fam,1Story,4,5,1972,MetalSd,MetalSd,None,-0.567015949674981,CBlock,600,0,264,864,GasA,0.268289832918241,SBrkr,-0.785025043886639,-1.25850732848722,0,0,-1.02736282330994,-0.756321032880405,0.169927088600022,-0.207698474525451,-0.925062116656053,-0.924311211315714,Detchd,0.243846907352179,0.479294756173045,0.966683138989922,-0.702842766617084,-0.359600750132276,-0.103330530851366,-0.285935458023539,MnWw,-0.0895919598967582,Normal,-2.23744784062252,1,2,2,2,2,3,0,3,3,7,4,1,2,3,2,1,0,1,-0.250997476711292,11.6195352000285,200807
539,20,RL,-1.72562055202678,0.175621128370847,Pave,NONE,Lvl,Inside,Gtl,Sawyer,Norm,Norm,1Fam,1Story,5,5,1968,Plywood,Plywood,BrkFace,0.484297427248876,CBlock,673,0,378,1051,GasA,0.268289832918241,SBrkr,-0.785025043886639,-0.675462304004013,0,0,-1.02736282330994,1.23259887250509,0.169927088600022,-0.207698474525451,0.349545539005509,0.623631660646747,Attchd,0.217157067211403,-0.634400730283121,2.94289094837711,-0.702842766617084,-0.359600750132276,-0.103330530851366,-0.285935458023539,NONE,-0.0895919598967582,Normal,-2.23744784062252,1,2,2,2,2,3,2,3,3,7,4,1,2,3,2,1,0,1,-0.250997476711292,11.9703503120091,200610
540,20,RL,-1.72562055202678,0.159135476837238,Pave,NONE,Lvl,Inside,Gtl,CollgCr,Norm,Norm,1Fam,1Story,8,5,2001,VinylSd,VinylSd,BrkFace,2.11159632450868,PConc,1358,0,223,1581,GasA,0.268289832918241,SBrkr,-0.785025043886639,0.198117020814897,1,0,0.781365814350925,-0.756321032880405,0.169927088600022,-0.207698474525451,-0.287758288825272,0.623631660646747,Attchd,0.290554127598537,0.915492155035043,0.682109214438168,-0.702842766617084,-0.359600750132276,-0.103330530851366,-0.285935458023539,MnPrv,3.4358484312928,Normal,-2.23744784062252,1,2,3,4,3,3,3,3,3,7,6,1,2,3,3,3,0,2,0.297607266471232,12.5135573452781,201008
541,20,RL,0.813519550725098,0.562146250481916,Pave,NONE,Lvl,Inside,Gtl,Timber,Norm,Norm,1Fam,1Story,9,5,2006,VinylSd,VinylSd,BrkFace,2.69876602970551,PConc,1260,0,578,1838,GasA,0.268289832918241,SBrkr,-0.785025043886639,0.666529464213271,1,0,0.781365814350925,-0.756321032880405,-1.04580127322219,-0.207698474525451,0.98684936683629,0.623631660646747,Attchd,0.301674894323861,1.35632995175728,1.39354402581755,0.303611606183342,-0.359600750132276,-0.103330530851366,-0.285935458023539,NONE,-0.0895919598967582,Normal,0.44693779307133,1,2,4,4,4,3,4,3,3,7,6,1,2,3,3,3,0,3,1.66911912442754,12.6603279178078,200906
542,60,RL,-1.72562055202678,0.105493703000958,Pave,NONE,Lvl,FR2,Gtl,NoRidge,Norm,Norm,1Fam,2Story,8,5,2000,VinylSd,VinylSd,BrkFace,-0.164385294682865,PConc,0,0,969,969,GasA,0.268289832918241,SBrkr,2.21991152355954,1.54999090809122,0,0,0.781365814350925,1.23259887250509,1.38565545042224,-0.207698474525451,0.98684936683629,0.623631660646747,BuiltIn,0.288329974253473,0.813403402109894,-0.740760408320604,0.126002010983267,-0.359600750132276,-0.103330530851366,-0.285935458023539,NONE,-0.0895919598967582,Normal,-2.23744784062252,1,2,3,4,3,3,3,3,3,7,1,1,2,3,3,1,0,3,0.297607266471232,12.4211840251471,200709
543,20,RL,0.604413895204355,-0.00356522252906838,Pave,NONE,Lvl,Inside,Gtl,NWAmes,RRAn,Norm,1Fam,1Story,7,5,1998,VinylSd,VinylSd,None,-0.567015949674981,PConc,144,1127,379,1650,GasA,0.268289832918241,SBrkr,-0.785025043886639,0.354254501947688,1,0,0.781365814350925,-0.756321032880405,0.169927088600022,-0.207698474525451,0.349545539005509,0.623631660646747,Attchd,0.283881667563343,0.511777541194683,-0.124183571791803,0.377615604183373,-0.359600750132276,-0.103330530851366,-0.285935458023539,NONE,-0.0895919598967582,Normal,0.44693779307133,1,2,3,4,3,3,3,3,3,3,2,6,2,3,3,1,0,3,1.66911912442754,12.2702204653539,200909
544,120,RH,-0.709964510926028,-0.774840088893741,Pave,NONE,Lvl,Inside,Gtl,NAmes,Norm,Norm,TwnhsE,SFoyer,7,5,1998,MetalSd,MetalSd,BrkFace,0.4507448726662,PConc,584,139,0,723,GasA,0.268289832918241,SBrkr,-0.785025043886639,-1.45022043823255,1,0,-1.02736282330994,-0.756321032880405,-2.26152963504441,-0.207698474525451,-1.56236594448683,-0.924311211315714,Attchd,0.283881667563343,-0.490548396615867,0.207819340185244,-0.110810782616833,-0.359600750132276,-0.103330530851366,-0.285935458023539,NONE,-0.0895919598967582,Normal,0.44693779307133,1,2,2,4,2,3,0,3,3,7,6,2,2,3,3,3,0,3,0.297607266471232,11.7981044072039,200709
545,60,RL,0.00696916514509001,0.879558448855934,Pave,NONE,Lvl,Inside,Gtl,Gilbert,Norm,Norm,1Fam,2Story,7,5,2006,VinylSd,VinylSd,None,-0.567015949674981,PConc,554,0,100,654,GasA,0.268289832918241,SBrkr,1.1560519934699,-0.00940747942488963,1,0,0.781365814350925,1.23259887250509,0.169927088600022,-0.207698474525451,0.349545539005509,0.623631660646747,Attchd,0.301674894323861,-0.216764922862059,0.0497227154342694,-0.347623576216934,-0.359600750132276,-0.103330530851366,-0.285935458023539,NONE,-0.0895919598967582,Partial,0.44693779307133,1,2,3,4,3,4,4,3,3,7,6,1,2,3,2,3,0,2,0.297607266471232,12.0988492847421,200612
546,50,RL,-1.72562055202678,0.465261344545939,Pave,NONE,Lvl,Corner,Gtl,NWAmes,Norm,Norm,1Fam,1.5Fin,7,5,1988,HdBoard,HdBoard,BrkFace,0.428376502944416,PConc,1002,202,0,1204,GasA,0.268289832918241,SBrkr,1.09539333605251,1.34839567928685,0,0,0.781365814350925,1.23259887250509,1.38565545042224,-0.207698474525451,1.62415319466707,-0.924311211315714,Attchd,0.261640134112697,1.45377830682219,-0.740760408320604,-0.702842766617084,-0.359600750132276,-0.103330530851366,-0.285935458023539,NONE,-0.0895919598967582,Normal,-2.23744784062252,1,3,3,3,3,4,0,3,3,7,6,2,2,3,2,1,0,1,0.297607266471232,12.3414772825364,200605
547,50,RL,0.365436003180649,-0.181483446387937,Pave,NONE,Bnk,Inside,Gtl,BrkSide,Norm,Norm,1Fam,1.5Fin,6,7,1923,BrkFace,Wd Sdng,None,-0.567015949674981,BrkTil,300,0,765,1065,GasA,0.268289832918241,FuseA,0.894753161518058,0.265315430416351,0,0,-1.02736282330994,1.23259887250509,0.169927088600022,-0.207698474525451,-0.287758288825272,0.623631660646747,Detchd,0.177122307000239,-0.151799352818783,-0.740760408320604,-0.140412381816846,-0.359600750132276,5.61461865502804,-0.285935458023539,NONE,-0.0895919598967582,Normal,0.44693779307133,1,2,2,4,2,3,4,3,3,7,3,1,2,3,2,1,0,1,0.297607266471232,12.2548628096996,200708
548,85,RL,-0.112519780866763,-0.370814813616226,Pave,NONE,Lvl,Inside,Gtl,Mitchel,Norm,Norm,1Fam,SFoyer,5,7,1970,VinylSd,VinylSd,None,-0.567015949674981,CBlock,619,0,149,768,GasA,0.268289832918241,SBrkr,-0.785025043886639,-1.44824401442074,1,0,-1.02736282330994,-0.756321032880405,-1.04580127322219,-0.207698474525451,-0.925062116656053,-0.924311211315714,Detchd,0.259415980767632,0.702033853464278,0.0813420403844643,-0.702842766617084,-0.359600750132276,-0.103330530851366,-0.285935458023539,NONE,-0.0895919598967582,Normal,0.44693779307133,1,3,2,4,2,3,0,3,3,7,5,1,2,3,3,3,0,1,0.297607266471232,11.7714361601217,200707
549,20,RM,-0.261880963381579,-0.245143423848487,Pave,NONE,HLS,Inside,Gtl,OldTown,Feedr,RRNn,1Fam,1Story,5,7,1955,MetalSd,MetalSd,None,-0.567015949674981,CBlock,180,645,0,825,GasA,0.268289832918241,SBrkr,-0.785025043886639,-1.33558785714771,1,0,-1.02736282330994,-0.756321032880405,-1.04580127322219,-0.207698474525451,-1.56236594448683,-0.924311211315714,Detchd,0.20603630048608,1.14751204804674,0.365915964936219,0.0371972133832291,-0.359600750132276,-0.103330530851366,-0.285935458023539,MnPrv,-0.0895919598967582,Normal,0.44693779307133,1,3,2,2,2,3,0,3,3,7,2,3,2,3,2,1,0,2,-0.250997476711292,11.7360690162844,200809
550,60,FV,0.514797185695465,-0.10057694116915,Pave,NONE,Lvl,Inside,Gtl,Somerst,Norm,Norm,1Fam,2Story,7,5,2003,VinylSd,VinylSd,None,-0.567015949674981,PConc,0,0,912,912,GasA,0.268289832918241,SBrkr,1.9726108433194,1.17249396003599,0,0,0.781365814350925,1.23259887250509,1.38565545042224,-0.207698474525451,0.98684936683629,0.623631660646747,BuiltIn,0.295002434288667,0.660270272722172,0.697918876913265,1.99090276058406,-0.359600750132276,-0.103330530851366,-0.285935458023539,NONE,-0.0895919598967582,Normal,0.44693779307133,1,2,3,4,3,3,4,3,3,7,1,1,2,3,3,1,0,3,0.297607266471232,12.4799093111599,200903
551,120,RL,-0.142392017369726,-0.776742279455312,Pave,NONE,Lvl,Inside,Gtl,NPkVill,Norm,Norm,TwnhsE,1Story,6,6,1977,Plywood,Plywood,None,-0.567015949674981,CBlock,559,0,510,1069,GasA,0.268289832918241,SBrkr,-0.785025043886639,-0.853340447066687,0,0,0.781365814350925,-0.756321032880405,-1.04580127322219,-0.207698474525451,-1.56236594448683,-0.924311211315714,Attchd,0.237174447316985,-0.151799352818783,-0.740760408320604,0.11120121138326,-0.359600750132276,-0.103330530851366,3.274383622174,NONE,-0.0895919598967582,Abnorml,0.44693779307133,1,2,2,2,2,3,0,3,3,7,5,1,2,3,3,1,0,2,0.297607266471232,11.8493977015914,200802
552,20,RM,-0.232008726878616,-0.52856981752245,Pave,NONE,Lvl,Inside,Gtl,OldTown,Norm,Norm,1Fam,1Story,5,6,1957,BrkFace,BrkFace,None,-0.567015949674981,CBlock,308,0,620,928,GasA,0.268289832918241,FuseA,-0.785025043886639,-1.13201620453154,0,0,-1.02736282330994,-0.756321032880405,0.169927088600022,-0.207698474525451,-0.925062116656053,-0.924311211315714,Attchd,0.192691380415692,-0.857139827574354,-0.740760408320604,-0.702842766617084,-0.359600750132276,-0.103330530851366,-0.285935458023539,NONE,-0.0895919598967582,Normal,0.44693779307133,1,2,2,3,2,3,0,3,3,7,3,1,2,3,3,1,0,3,-0.250997476711292,11.6307085006266,200809
553,20,RL,0.873264023731024,0.124008357800241,Pave,NONE,Lvl,Inside,Gtl,NridgHt,Norm,Norm,1Fam,1Story,8,5,2006,VinylSd,VinylSd,Stone,0.831007157936531,PConc,0,0,1709,1709,GasA,0.268289832918241,SBrkr,-0.785025043886639,0.427382182984565,0,0,0.781365814350925,-0.756321032880405,0.169927088600022,-0.207698474525451,0.349545539005509,0.623631660646747,Attchd,0.301674894323861,2.01990684577074,0.595156070825132,-0.12561158221684,-0.359600750132276,-0.103330530851366,-0.285935458023539,NONE,-0.0895919598967582,Normal,0.44693779307133,1,2,3,4,3,3,4,3,3,7,1,1,2,3,2,3,0,2,1.66911912442754,12.4509776886259,200910
554,20,RL,0.275819293671759,-0.176410938223749,Pave,NONE,Lvl,Inside,Gtl,Edwards,Feedr,Norm,1Fam,1Story,4,5,1949,VinylSd,VinylSd,None,-0.567015949674981,CBlock,0,0,0,0,GasA,0.268289832918241,SBrkr,-0.785025043886639,-0.74068428979366,0,0,0.781365814350925,-0.756321032880405,-1.04580127322219,-0.207698474525451,-0.925062116656053,-0.924311211315714,Detchd,0.292778280943602,0.219432475999939,-0.740760408320604,0.718033994983517,-0.359600750132276,-0.103330530851366,-0.285935458023539,MnPrv,-0.0895919598967582,Normal,0.44693779307133,0,2,2,4,3,0,0,3,3,7,0,0,0,3,3,0,0,3,-4.91413779376274,11.5898865061064,200908
555,60,RL,0.813519550725098,0.0579389389617022,Pave,NONE,Lvl,Inside,Gtl,NridgHt,Norm,Norm,1Fam,2Story,7,5,2003,VinylSd,VinylSd,BrkFace,1.06587504001526,PConc,866,0,132,998,GasA,0.268289832918241,SBrkr,1.64132125280903,1.07762561706923,1,0,0.781365814350925,1.23259887250509,0.169927088600022,-0.207698474525451,0.98684936683629,0.623631660646747,BuiltIn,0.295002434288667,1.84821212494208,1.78878558769499,0.214806808583304,-0.359600750132276,-0.103330530851366,-0.285935458023539,NONE,-0.0895919598967582,Normal,0.44693779307133,1,2,3,4,3,3,4,3,3,7,6,1,2,3,3,1,0,2,0.297607266471232,12.5567295171433,200811
556,45,RM,0.00696916514509001,-0.480380989962671,Pave,NONE,Lvl,Inside,Gtl,BrkSide,Norm,Norm,1Fam,1.5Unf,5,6,1922,MetalSd,MetalSd,None,-0.567015949674981,BrkTil,0,0,993,993,GasA,0.268289832918241,FuseA,-0.785025043886639,-0.894845347114644,0,0,-1.02736282330994,-0.756321032880405,-1.04580127322219,-0.207698474525451,-0.925062116656053,0.623631660646747,Detchd,0.114846013338428,-0.894263010456227,-0.740760408320604,-0.702842766617084,1.44631780109265,-0.103330530851366,-0.285935458023539,NONE,-0.0895919598967582,Normal,0.44693779307133,1,2,2,2,2,2,4,3,3,7,1,1,2,3,3,1,0,1,-0.250997476711292,11.6351430976945,200611
557,20,RL,0.335563766677686,0.593722613803982,Pave,NONE,Lvl,Inside,Gtl,NAmes,Norm,Norm,1Fam,1Story,5,5,1957,Wd Sdng,Wd Sdng,None,-0.567015949674981,CBlock,895,0,197,1092,GasA,0.268289832918241,FuseA,-0.785025043886639,-0.807882699395115,1,0,-1.02736282330994,-0.756321032880405,-1.04580127322219,-0.207698474525451,-0.287758288825272,0.623631660646747,Attchd,0.192691380415692,-0.80609545111178,1.37773436334246,-0.702842766617084,-0.359600750132276,-0.103330530851366,1.88585918089696,MnWw,-0.0895919598967582,Normal,0.44693779307133,1,2,2,2,2,3,3,3,3,7,3,1,2,3,2,1,0,3,-0.250997476711292,11.8565151693603,200608
558,50,C (all),0.0667136381510165,0.110566211165145,Pave,NONE,Low,Inside,Mod,IDOTRR,Norm,Norm,1Fam,1.5Fin,4,6,1920,MetalSd,MetalSd,None,-0.567015949674981,CBlock,637,0,0,637,GasA,0.268289832918241,SBrkr,0.239173056353169,-0.325635289314088,0,0,-1.02736282330994,1.23259887250509,0.169927088600022,-0.207698474525451,0.349545539005509,-0.924311211315714,CarPort,0.274985054183085,0.45145236901164,-0.740760408320604,-0.00720518541678964,1.50859085458316,-0.103330530851366,-0.285935458023539,NONE,-0.0895919598967582,Normal,0.44693779307133,1,2,2,3,2,3,0,3,3,7,3,1,2,3,3,1,0,1,-0.250997476711292,11.5898865061064,200612
559,60,RL,-0.0229030713578732,1.48420142202706,Pave,NONE,HLS,FR2,Gtl,Gilbert,Norm,Norm,1Fam,2Story,7,5,1996,HdBoard,HdBoard,None,-0.567015949674981,PConc,604,0,125,729,GasA,0.268289832918241,SBrkr,0.887754085662205,-0.108228670015264,0,1,0.781365814350925,1.23259887250509,0.169927088600022,-0.207698474525451,-0.287758288825272,0.623631660646747,Attchd,0.279433360873214,-0.30957288006674,1.34611503839226,-0.377225175416946,-0.359600750132276,-0.103330530851366,-0.285935458023539,NONE,-0.0895919598967582,Normal,0.44693779307133,1,2,2,4,2,3,3,3,3,7,6,1,2,3,1,4,0,1,0.297607266471232,12.0725412529057,200811
560,120,RL,-1.72562055202678,-0.884152639831977,Pave,NONE,Lvl,Inside,Gtl,Blmngtn,Norm,Norm,TwnhsE,1Story,7,5,2003,VinylSd,VinylSd,BrkFace,-0.466358285926952,PConc,0,0,1374,1374,GasA,0.268289832918241,SBrkr,-0.785025043886639,0.111154373095367,0,0,0.781365814350925,-0.756321032880405,-1.04580127322219,-0.207698474525451,0.349545539005509,0.623631660646747,Attchd,0.295002434288667,-0.244607310023463,0.389630458648865,-0.406826774616959,-0.359600750132276,-0.103330530851366,-0.285935458023539,NONE,-0.0895919598967582,Normal,-2.23744784062252,1,2,3,4,3,3,3,3,3,7,1,1,2,3,3,4,0,3,0.297607266471232,12.3630763943398,200602
561,20,RL,-1.72562055202678,0.148736835100654,Pave,NONE,Lvl,Inside,Gtl,Sawyer,Norm,Norm,1Fam,1Story,5,6,1957,Wd Sdng,Wd Sdng,BrkFace,0.439560687805308,CBlock,1302,0,90,1392,GasA,0.268289832918241,SBrkr,-0.785025043886639,-0.214955555852868,1,0,-1.02736282330994,1.23259887250509,0.169927088600022,-0.207698474525451,-0.925062116656053,0.623631660646747,Detchd,0.192691380415692,0.256555658881811,-0.740760408320604,-0.702842766617084,-0.359600750132276,-0.103330530851366,1.40521610507029,NONE,-0.0895919598967582,Normal,-2.23744784062252,1,2,2,2,2,3,4,3,3,4,5,1,2,3,2,1,0,1,0.297607266471232,11.7076695417627,201008
562,20,RL,0.574541658701392,-0.020050874062677,Pave,NONE,Lvl,Inside,Mod,Mitchel,Norm,Norm,1Fam,1Story,5,5,1974,HdBoard,HdBoard,None,-0.567015949674981,CBlock,1071,123,195,1389,GasA,0.268289832918241,SBrkr,-0.785025043886639,-0.220884827288291,1,0,-1.02736282330994,-0.756321032880405,-1.04580127322219,-0.207698474525451,-0.287758288825272,0.623631660646747,Attchd,0.232726140626856,-0.253888105743931,1.15639908869109,-0.140412381816846,-0.359600750132276,-0.103330530851366,-0.285935458023539,NONE,-0.0895919598967582,Normal,0.44693779307133,1,2,2,3,2,3,3,3,3,7,5,2,2,3,3,3,0,2,0.297607266471232,12.0435537160324,200607
563,30,RL,0.156330347659906,0.474138233833267,Pave,NONE,Lvl,Inside,Gtl,Edwards,Norm,Norm,1Fam,1Story,5,6,1940,WdShing,Wd Shng,None,-0.567015949674981,CBlock,290,0,706,996,GasA,0.268289832918241,SBrkr,-0.785025043886639,-0.997619385328634,1,0,-1.02736282330994,-0.756321032880405,0.169927088600022,-0.207698474525451,-0.287758288825272,0.623631660646747,NONE,-4.15997671587587,-2.19357441132175,0.397535289886414,-0.702842766617084,-0.359600750132276,-0.103330530851366,-0.285935458023539,NONE,-0.0895919598967582,Normal,0.44693779307133,1,2,2,4,2,3,4,0,0,7,4,1,2,3,3,1,0,0,-0.250997476711292,11.5898865061064,200810
564,50,RL,0.245947057168796,1.47253465324942,Pave,NONE,Lvl,Inside,Gtl,Edwards,Norm,Norm,1Fam,1.5Fin,6,7,1918,Wd Sdng,Wd Sdng,None,-0.567015949674981,BrkTil,0,0,1163,1163,GasA,0.268289832918241,SBrkr,0.407150876893639,0.342395959076843,0,0,0.781365814350925,-0.756321032880405,1.38565545042224,-0.207698474525451,0.98684936683629,0.623631660646747,Detchd,0.188243073725562,-0.35597685866908,-0.171612559217095,-0.170013981016859,-0.359600750132276,-0.103330530851366,2.27749427971869,NONE,-0.0895919598967582,Normal,0.44693779307133,1,2,2,4,2,3,4,3,3,7,1,1,0,3,3,2,0,3,0.297607266471232,12.1281111040605,200810
565,60,RL,-1.72562055202678,0.402996306830541,Pave,NONE,Lvl,CulDSac,Gtl,NoRidge,Norm,Norm,1Fam,2Story,7,5,1992,HdBoard,HdBoard,None,-0.567015949674981,PConc,728,0,367,1095,GasA,0.268289832918241,SBrkr,1.84896050319934,1.56975514620929,1,0,0.781365814350925,1.23259887250509,1.38565545042224,-0.207698474525451,1.62415319466707,0.623631660646747,Attchd,0.270536747492955,0.544260326216321,-0.740760408320604,-0.110810782616833,-0.359600750132276,-0.103330530851366,-0.285935458023539,NONE,-0.0895919598967582,Normal,-2.23744784062252,1,2,3,4,3,3,3,3,3,7,6,1,2,3,2,1,0,2,0.297607266471232,12.498742259493,200610
566,70,RL,0.245947057168796,-0.419764517400633,Pave,NONE,Bnk,Corner,Gtl,SWISU,Norm,Norm,1Fam,2Story,6,4,1915,Wd Sdng,Wd Sdng,None,-0.567015949674981,PConc,0,0,806,806,GasA,-3.72731232161413,FuseF,1.09539333605251,0.289032516158041,1,0,-1.02736282330994,1.23259887250509,1.38565545042224,-0.207698474525451,-0.287758288825272,-0.924311211315714,Detchd,0.110397706648299,-1.1912484735112,-0.740760408320604,0.274010006983329,1.75768306854522,-0.103330530851366,-0.285935458023539,NONE,-0.0895919598967582,Normal,0.44693779307133,1,2,2,2,1,3,0,3,3,7,1,1,2,3,3,1,0,1,0.297607266471232,11.7597855429018,201008
567,60,RL,0.574541658701392,0.130602618413685,Pave,NONE,Lvl,Inside,Gtl,StoneBr,Norm,Norm,1Fam,2Story,9,5,2005,VinylSd,VinylSd,BrkFace,0.803046695784301,PConc,0,0,1122,1122,GasA,0.268289832918241,SBrkr,2.41121959695285,1.98282772287706,0,0,0.781365814350925,1.23259887250509,1.38565545042224,-0.207698474525451,2.89876085032863,0.623631660646747,BuiltIn,0.299450740978796,0.850526584991767,0.397535289886414,-0.12561158221684,-0.359600750132276,-0.103330530851366,-0.285935458023539,NONE,-0.0895919598967582,Normal,0.44693779307133,1,2,3,4,4,4,4,3,3,7,1,1,2,3,2,1,0,3,0.297607266471232,12.6915804613119,200809
568,20,RL,0.365436003180649,0.000365971298176745,Pave,NONE,Lvl,Inside,Gtl,NridgHt,Norm,Norm,1Fam,1Story,7,5,2004,VinylSd,VinylSd,BrkFace,0.372455578639955,PConc,2,0,1515,1517,GasA,0.268289832918241,SBrkr,-0.785025043886639,0.0676730492356024,0,0,0.781365814350925,-0.756321032880405,0.169927088600022,-0.207698474525451,0.349545539005509,-0.924311211315714,Attchd,0.297226587633731,0.275117250322748,-0.740760408320604,-0.702842766617084,-0.359600750132276,-0.103330530851366,-0.285935458023539,NONE,-0.0895919598967582,Normal,0.44693779307133,1,2,3,4,3,3,0,3,3,7,6,1,2,3,2,1,0,2,0.297607266471232,12.273731294004,201006
569,50,RL,0.634286131707318,0.27377416134787,Pave,NONE,Low,Inside,Mod,SawyerW,Norm,Norm,1Fam,1.5Fin,8,8,1983,Wd Sdng,Wd Sdng,None,-0.567015949674981,CBlock,1441,0,55,1496,GasA,0.268289832918241,SBrkr,0.698779037554176,1.24759806488467,1,0,-1.02736282330994,1.23259887250509,-2.26152963504441,-0.207698474525451,-0.925062116656053,0.623631660646747,BuiltIn,0.250519367387373,0.64634907914147,2.0180256935839,-0.110810782616833,-0.359600750132276,-0.103330530851366,-0.285935458023539,NONE,-0.0895919598967582,Normal,0.44693779307133,1,2,3,4,3,3,4,4,3,5,6,1,2,3,2,4,0,3,0.297607266471232,12.665394426429,200912
570,90,RL,-1.72562055202678,-0.397699106886419,Pave,NONE,Lvl,Corner,Gtl,NAmes,Norm,Norm,Duplex,SFoyer,5,5,1979,MetalSd,MetalSd,None,-0.567015949674981,CBlock,943,0,0,943,GasA,0.268289832918241,SBrkr,-0.785025043886639,-1.10236984735443,1,0,-1.02736282330994,-0.756321032880405,-1.04580127322219,-0.207698474525451,-1.56236594448683,2.17157453260921,Detchd,0.241622754007115,0.590664304818661,-0.408757496343557,-0.702842766617084,-0.359600750132276,-0.103330530851366,-0.285935458023539,NONE,-0.0895919598967582,Normal,-2.23744784062252,1,2,2,2,2,3,3,3,3,7,6,1,2,3,2,4,0,1,0.297607266471232,11.8201160038101,200604
571,90,RL,0.484924949192502,0.371927194324894,Pave,NONE,Lvl,Inside,Gtl,NAmes,Norm,Norm,Duplex,1Story,5,5,1965,HdBoard,HdBoard,BrkFace,0.0369300328131924,CBlock,231,0,1497,1728,GasA,0.268289832918241,SBrkr,-0.785025043886639,0.449122844914448,0,0,0.781365814350925,-0.756321032880405,3.81711217406667,4.45593111885755,2.26145702249785,-0.924311211315714,Detchd,0.259415980767632,0.479294756173045,-0.740760408320604,-0.702842766617084,-0.359600750132276,-0.103330530851366,-0.285935458023539,NONE,-0.0895919598967582,Normal,0.44693779307133,1,2,2,2,2,3,0,3,3,7,2,1,2,3,2,1,0,1,-0.250997476711292,11.8677987869623,200803
572,20,RL,0.0667136381510165,-0.359655295655014,Pave,NONE,Lvl,Inside,Gtl,NAmes,Norm,Norm,1Fam,1Story,6,6,1959,WdShing,Wd Shng,BrkFace,0.590547183427351,CBlock,414,0,450,864,GasA,0.268289832918241,SBrkr,-0.785025043886639,-1.25850732848722,1,0,-1.02736282330994,-0.756321032880405,-1.04580127322219,-0.207698474525451,-1.56236594448683,-0.924311211315714,Attchd,0.197139687105821,-0.857139827574354,0.587251239587583,-0.702842766617084,-0.359600750132276,-0.103330530851366,-0.285935458023539,NONE,-0.0895919598967582,Abnorml,0.44693779307133,1,2,2,4,3,3,0,3,3,7,4,1,2,3,3,1,0,1,-0.250997476711292,11.6952470217642,200602
573,60,RL,0.753775077719171,0.379282331162965,Pave,NONE,HLS,Corner,Gtl,Timber,Norm,Norm,1Fam,2Story,7,5,2009,VinylSd,VinylSd,None,-0.567015949674981,PConc,0,0,846,846,GasA,0.268289832918241,SBrkr,1.18871434746388,0.377971587689378,0,0,0.781365814350925,1.23259887250509,0.169927088600022,-0.207698474525451,-0.287758288825272,-0.924311211315714,Attchd,0.308347354359055,0.822684197830362,0.903444489089533,0.98444838778363,-0.359600750132276,-0.103330530851366,-0.285935458023539,NONE,-0.0895919598967582,Partial,0.44693779307133,1,2,2,3,3,3,0,3,3,7,1,1,2,3,2,3,0,2,1.66911912442754,12.3216309861644,200910
574,80,RL,0.544669422198429,-0.0255038203391783,Pave,NONE,Lvl,Inside,Gtl,Gilbert,Norm,Norm,1Fam,SLvl,7,5,2000,VinylSd,VinylSd,None,-0.567015949674981,PConc,0,0,384,384,GasA,0.268289832918241,SBrkr,0.745439543259863,-0.139851451004184,0,0,0.781365814350925,1.23259887250509,0.169927088600022,-0.207698474525451,0.98684936683629,0.623631660646747,BuiltIn,0.288329974253473,-0.337415267228144,0.0497227154342694,-0.702842766617084,-0.359600750132276,-0.103330530851366,-0.285935458023539,NONE,-0.0895919598967582,Normal,0.44693779307133,1,2,2,4,2,3,3,3,3,7,1,1,2,3,2,1,0,2,0.297607266471232,12.0435537160324,200704
575,80,RL,0.365436003180649,0.042087350948617,Pave,NONE,Lvl,FR2,Gtl,NAmes,Norm,Norm,1Fam,SLvl,5,7,1971,MetalSd,AsphShn,BrkFace,-0.108464370378405,CBlock,349,0,23,372,GasA,0.268289832918241,SBrkr,0.458477433169893,-0.774283494594388,0,1,-1.02736282330994,-0.756321032880405,0.169927088600022,-0.207698474525451,-0.925062116656053,-0.924311211315714,BuiltIn,0.223829527246597,-0.857139827574354,-0.464091315006398,-0.702842766617084,-0.359600750132276,-0.103330530851366,-0.285935458023539,GdWo,-0.0895919598967582,Normal,0.44693779307133,1,2,2,2,2,3,0,3,3,7,5,1,2,3,3,3,0,1,-0.250997476711292,11.8422292121128,200704
576,50,RL,0.664158368210282,-0.21407431134284,Pave,NONE,Lvl,Inside,Gtl,NAmes,Norm,Norm,1Fam,1.5Fin,5,5,1947,MetalSd,MetalSd,None,-0.567015949674981,CBlock,442,0,390,832,GasA,0.268289832918241,SBrkr,0.110856665662533,-0.562806146730986,0,0,-1.02736282330994,-0.756321032880405,-1.04580127322219,-0.207698474525451,-0.287758288825272,-0.924311211315714,Detchd,0.170449846965045,-0.634400730283121,0.508202927212096,-0.702842766617084,1.22836211387585,-0.103330530851366,-0.285935458023539,NONE,-0.0895919598967582,Abnorml,0.44693779307133,1,2,2,2,2,3,0,3,3,7,3,1,2,3,3,1,0,1,-0.250997476711292,11.6826682395573,200802
577,50,RL,-0.172264253872689,-0.491540507923883,Pave,NONE,Lvl,Inside,Gtl,SWISU,Norm,Norm,1Fam,1.5Fin,7,7,1928,Wd Sdng,Wd Sdng,None,-0.567015949674981,BrkTil,0,0,861,861,GasA,0.268289832918241,SBrkr,0.614790127283942,-0.0469595318492319,0,1,0.781365814350925,-0.756321032880405,0.169927088600022,-0.207698474525451,-0.287758288825272,0.623631660646747,Detchd,0.128190933408816,-1.1912484735112,-0.740760408320604,0.0371972133832291,-0.359600750132276,-0.103330530851366,-0.285935458023539,NONE,-0.0895919598967582,Normal,0.44693779307133,1,2,2,3,2,3,4,3,3,7,1,1,2,3,3,1,0,1,-0.250997476711292,11.8844890214027,200911
578,80,RL,1.14211415225769,0.204027174090295,Pave,NONE,Lvl,Inside,Gtl,Sawyer,Norm,Norm,1Fam,SLvl,5,6,1966,VinylSd,VinylSd,BrkFace,-0.0245829839217141,CBlock,328,551,285,1164,GasA,0.268289832918241,SBrkr,-0.785025043886639,-0.357258070303008,1,0,-1.02736282330994,-0.756321032880405,0.169927088600022,-0.207698474525451,-0.287758288825272,2.17157453260921,Attchd,0.212708760521274,0.423609981850236,0.524012589687193,0.303611606183342,3.3767824592986,-0.103330530851366,-0.285935458023539,NONE,-0.0895919598967582,Abnorml,0.44693779307133,1,2,2,4,2,3,2,3,3,7,2,5,2,3,2,3,0,2,-0.250997476711292,12.0106658491876,200608
579,160,FV,-0.709964510926028,-0.832413056557267,Pave,Pave,Lvl,Corner,Gtl,Somerst,Norm,Norm,TwnhsE,2Story,7,5,2007,VinylSd,VinylSd,None,-0.567015949674981,PConc,0,0,689,689,GasA,0.268289832918241,SBrkr,0.822429377674244,-0.214955555852868,0,0,0.781365814350925,-0.756321032880405,-1.04580127322219,-0.207698474525451,-0.925062116656053,-0.924311211315714,Detchd,0.303899047668925,0.31224043320462,-0.740760408320604,0.806838792583555,-0.359600750132276,-0.103330530851366,-0.285935458023539,NONE,-0.0895919598967582,Abnorml,0.44693779307133,1,2,3,4,3,3,0,3,3,7,1,1,2,3,3,1,0,1,0.297607266471232,11.8913619006905,200805
580,50,RM,0.694030604713245,0.251328312721341,Pave,Grvl,Lvl,Inside,Gtl,OldTown,Norm,Norm,1Fam,1.5Fin,5,5,1954,MetalSd,MetalSd,BrkFace,1.30633501452444,BrkTil,0,0,1050,1050,GasA,-3.72731232161413,FuseF,0.953078793650165,0.581543240305549,0,0,0.781365814350925,-0.756321032880405,1.38565545042224,-0.207698474525451,0.349545539005509,-0.924311211315714,Attchd,0.186018920380498,-0.560154364519377,-0.740760408320604,-0.702842766617084,-0.359600750132276,-0.103330530851366,-0.285935458023539,NONE,-0.0895919598967582,Normal,0.44693779307133,1,2,2,4,2,3,0,2,3,7,1,1,2,3,3,1,0,1,-0.250997476711292,11.7867621306,200803
581,20,RL,-1.72562055202678,0.560117247216241,Pave,NONE,Lvl,CulDSac,Gtl,NAmes,Norm,Norm,1Fam,1Story,6,6,1960,Wd Sdng,Wd Sdng,BrkFace,-0.0916880930870667,CBlock,594,219,331,1144,GasA,0.268289832918241,SBrkr,-0.785025043886639,-0.141827874815991,0,1,-1.02736282330994,-0.756321032880405,0.169927088600022,-0.207698474525451,0.349545539005509,2.17157453260921,Attchd,0.199363840450886,0.460733164732109,0.966683138989922,0.925245189383605,-0.359600750132276,-0.103330530851366,-0.285935458023539,NONE,-0.0895919598967582,Normal,-2.23744784062252,1,2,2,4,3,3,4,3,3,7,4,3,2,3,2,1,0,1,-0.250997476711292,12.1112123645062,200709
582,20,RL,1.20185862526362,0.321582550795335,Pave,NONE,Lvl,Inside,Gtl,NridgHt,Norm,Norm,1Fam,1Story,8,5,2008,VinylSd,VinylSd,BrkFace,1.14416433404151,PConc,0,0,2042,2042,GasA,0.268289832918241,SBrkr,-0.785025043886639,1.069719921822,0,0,0.781365814350925,1.23259887250509,0.169927088600022,-0.207698474525451,0.98684936683629,0.623631660646747,Attchd,0.308347354359055,4.25657861440354,-0.740760408320604,0.62922919738348,-0.359600750132276,-0.103330530851366,-0.285935458023539,NONE,-0.0895919598967582,Partial,0.44693779307133,1,2,4,4,4,3,4,3,3,7,1,1,2,3,3,1,0,2,1.66911912442754,12.4423022003927,200911
583,90,RL,0.694030604713245,0.212143187152995,Grvl,NONE,Lvl,Inside,Gtl,Edwards,Norm,Norm,Duplex,SFoyer,6,5,1990,HdBoard,HdBoard,BrkFace,0.0145616630914082,CBlock,816,0,0,816,GasA,0.268289832918241,SBrkr,-0.785025043886639,-1.35337567145398,1,0,-1.02736282330994,-0.756321032880405,0.169927088600022,-0.207698474525451,-0.925062116656053,-0.924311211315714,NONE,-4.15997671587587,-2.19357441132175,-0.740760408320604,-0.229217179416884,-0.359600750132276,-0.103330530851366,-0.285935458023539,NONE,-0.0895919598967582,Normal,0.44693779307133,1,3,2,2,2,3,0,0,0,7,6,1,2,3,3,3,0,0,0.297607266471232,11.6826682395573,200708
584,75,RM,0.514797185695465,0.422525463262662,Pave,NONE,Lvl,Inside,Gtl,OldTown,Artery,PosA,1Fam,2.5Unf,10,9,1893,Wd Sdng,Wd Sdng,None,-0.567015949674981,BrkTil,0,0,1237,1237,GasA,0.268289832918241,SBrkr,2.14058866385987,2.51843857587689,0,0,2.59009445201179,1.23259887250509,0.169927088600022,-0.207698474525451,1.62415319466707,0.623631660646747,Detchd,0.261640134112697,1.88997570568419,0.089246871622013,6.72715863258606,-0.359600750132276,-0.103330530851366,-0.285935458023539,NONE,-0.0895919598967582,Normal,0.44693779307133,1,4,4,3,3,3,4,4,3,7,1,1,2,3,3,1,0,1,-0.250997476711292,12.6915804613119,200810
585,50,RM,-0.202136490375653,-0.513352293029888,Pave,NONE,Lvl,Inside,Gtl,BrkSide,Norm,Norm,1Fam,1.5Fin,4,7,1935,AsbShng,AsbShng,None,-0.567015949674981,BrkTil,0,0,884,884,GasA,0.268289832918241,SBrkr,0.577461722719393,0.142777154084287,0,0,-1.02736282330994,-0.756321032880405,0.169927088600022,-0.207698474525451,-0.287758288825272,-0.924311211315714,Detchd,0.143760006824269,-1.07987892486559,-0.740760408320604,-0.702842766617084,0.481085471989671,-0.103330530851366,1.85025599009499,NONE,-0.0895919598967582,Normal,0.44693779307133,1,2,2,4,3,3,0,3,3,7,1,1,2,3,3,1,0,1,-0.250997476711292,11.7981044072039,200910
586,20,RL,0.903136260233988,0.161671730919332,Pave,NONE,Lvl,Inside,Gtl,Timber,Norm,Norm,1Fam,1Story,8,5,2005,VinylSd,VinylSd,BrkFace,0.596139275857797,PConc,1460,0,408,1868,GasA,0.268289832918241,SBrkr,-0.785025043886639,1.04204998845669,1,0,0.781365814350925,-0.756321032880405,-1.04580127322219,-0.207698474525451,0.349545539005509,2.17157453260921,Attchd,0.299450740978796,1.88997570568419,1.83621457512028,0.274010006983329,-0.359600750132276,-0.103330530851366,-0.285935458023539,NONE,-0.0895919598967582,Partial,0.44693779307133,1,2,3,4,3,3,4,3,3,7,6,1,2,3,3,4,0,2,1.66911912442754,12.8209879778205,200606
587,30,RL,-0.0826475443637997,0.0125399908922262,Pave,NONE,Lvl,Inside,Gtl,BrkSide,RRAn,Norm,1Fam,1Story,6,7,1918,Stucco,Wd Shng,None,-0.567015949674981,BrkTil,210,606,0,816,GasA,0.268289832918241,SBrkr,-0.785025043886639,-1.30989434759422,1,0,-1.02736282330994,-0.756321032880405,-1.04580127322219,-0.207698474525451,-0.925062116656053,-0.924311211315714,Detchd,0.20158799379595,-0.917464999757397,-0.740760408320604,-0.702842766617084,1.38404474760213,-0.103330530851366,-0.285935458023539,MnWw,-0.0895919598967582,Normal,0.44693779307133,1,3,2,4,1,4,0,3,3,7,3,5,0,3,3,2,0,3,-0.250997476711292,11.7752897294377,200808
588,85,RL,0.484924949192502,-0.181103008275623,Pave,NONE,Lvl,Inside,Gtl,Sawyer,Norm,Norm,1Fam,SFoyer,5,6,1982,HdBoard,HdBoard,None,-0.567015949674981,CBlock,672,0,168,840,GasA,0.268289832918241,SBrkr,-0.785025043886639,-1.26641302373445,1,0,-1.02736282330994,-0.756321032880405,-1.04580127322219,-0.207698474525451,-1.56236594448683,-0.924311211315714,Detchd,0.279433360873214,0.256555658881811,-0.740760408320604,-0.702842766617084,-0.359600750132276,-0.103330530851366,-0.285935458023539,NONE,-0.0895919598967582,Normal,0.44693779307133,1,2,2,2,2,3,0,3,3,7,5,1,2,3,2,3,0,1,-0.250997476711292,11.8277362048103,200910
589,20,RL,0.216074820665833,1.89291876735644,Pave,NONE,Low,Inside,Sev,ClearCr,Norm,Norm,1Fam,1Story,5,8,1968,Wd Sdng,Wd Sdng,None,-0.567015949674981,CBlock,1324,0,113,1437,GasA,0.268289832918241,SBrkr,-0.785025043886639,-0.0548652270964619,2,0,-1.02736282330994,-0.756321032880405,-2.26152963504441,-0.207698474525451,-0.925062116656053,2.17157453260921,Attchd,0.217157067211403,-0.0961145784959744,-0.740760408320604,0.00759561418321662,-0.359600750132276,-0.103330530851366,0.782160266035723,NONE,-0.0895919598967582,Partial,0.44693779307133,1,2,2,4,4,3,4,3,3,7,6,1,2,3,2,4,0,1,-0.250997476711292,11.870599909242,200909
590,40,RM,-0.232008726878616,-0.135450434797937,Pave,NONE,Lvl,Inside,Gtl,BrkSide,RRAn,Feedr,1Fam,1Story,5,6,1930,VinylSd,VinylSd,None,-0.567015949674981,BrkTil,0,0,742,742,GasA,0.268289832918241,FuseA,-0.785025043886639,-1.11818123784889,0,0,-1.02736282330994,-0.756321032880405,-1.04580127322219,-0.207698474525451,-1.56236594448683,-0.924311211315714,Detchd,0.261640134112697,-0.764331870369674,-0.740760408320604,-0.702842766617084,-0.359600750132276,-0.103330530851366,-0.285935458023539,NONE,0.96804015746011,Normal,0.44693779307133,1,2,2,2,2,3,0,3,3,7,1,1,1,3,3,1,0,1,-0.250997476711292,11.2835123006424,200811
591,60,RL,0.18620258416287,-0.234364343999589,Pave,NONE,Lvl,Inside,Gtl,CollgCr,Norm,Norm,1Fam,2Story,7,5,2004,VinylSd,VinylSd,None,-0.567015949674981,PConc,490,0,280,770,GasA,0.268289832918241,SBrkr,1.10939148776421,0.160564968390554,0,0,0.781365814350925,1.23259887250509,0.169927088600022,-0.207698474525451,-0.287758288825272,-0.924311211315714,Attchd,0.297226587633731,0.219432475999939,-0.740760408320604,-0.0368067846168022,-0.359600750132276,-0.103330530851366,-0.285935458023539,NONE,-0.0895919598967582,Normal,0.44693779307133,1,2,3,4,3,3,0,3,3,7,6,1,2,3,3,1,0,2,0.297607266471232,12.1329641737095,200812
592,60,RL,1.17198638876066,0.419735583772359,Pave,NONE,Lvl,Corner,Gtl,NridgHt,Norm,Norm,1Fam,2Story,10,5,2008,CemntBd,CmentBd,Stone,1.78166287111236,PConc,1338,0,384,1722,GasA,0.268289832918241,SBrkr,0.540133318154844,1.5717315700211,1,0,0.781365814350925,1.23259887250509,0.169927088600022,-0.207698474525451,2.26145702249785,0.623631660646747,BuiltIn,0.30612320101399,1.7136405869953,2.27888512442301,3.35257632378463,-0.359600750132276,-0.103330530851366,-0.285935458023539,NONE,-0.0895919598967582,Normal,0.44693779307133,1,2,4,4,4,3,4,3,3,7,6,1,2,3,2,4,0,2,1.66911912442754,13.0213268332266,200909
593,20,RL,0.0667136381510165,-0.452482195059641,Pave,NONE,Lvl,Inside,Gtl,Mitchel,Norm,Norm,1Fam,1Story,5,8,1982,HdBoard,HdBoard,None,-0.567015949674981,PConc,816,0,0,816,GasA,0.268289832918241,SBrkr,-0.785025043886639,-1.35337567145398,1,0,-1.02736282330994,-0.756321032880405,-1.04580127322219,-0.207698474525451,-1.56236594448683,-0.924311211315714,Detchd,0.254967674077503,1.59299024262921,-0.740760408320604,-0.702842766617084,-0.359600750132276,-0.103330530851366,-0.285935458023539,NONE,-0.0895919598967582,Normal,0.44693779307133,1,3,2,4,2,4,0,3,3,7,6,1,2,3,3,1,0,3,-0.250997476711292,11.8350089641393,200809
594,120,RM,-1.72562055202678,-0.727031699446277,Pave,NONE,Lvl,Inside,Gtl,CollgCr,Norm,Norm,TwnhsE,1Story,6,5,2003,VinylSd,VinylSd,BrkFace,0.383639763500847,PConc,685,0,163,848,GasA,0.268289832918241,SBrkr,-0.785025043886639,-1.29013010947614,1,0,-1.02736282330994,-0.756321032880405,-2.26152963504441,-0.207698474525451,-1.56236594448683,-0.924311211315714,Attchd,0.295002434288667,-0.244607310023463,0.365915964936219,-0.702842766617084,-0.359600750132276,-0.103330530851366,-0.285935458023539,NONE,-0.0895919598967582,Normal,-2.23744784062252,1,2,3,4,3,3,0,3,3,7,6,1,2,3,3,3,0,3,0.297607266471232,11.8493977015914,200908
595,20,RL,0.903136260233988,-0.276212536354134,Pave,NONE,Lvl,Inside,Gtl,CollgCr,Norm,Norm,1Fam,1Story,5,6,1975,HdBoard,HdBoard,None,-0.567015949674981,CBlock,0,0,924,924,GasA,0.268289832918241,SBrkr,-0.785025043886639,-1.13992189977877,0,0,-1.02736282330994,-0.756321032880405,0.169927088600022,-0.207698474525451,-0.925062116656053,-0.924311211315714,Detchd,0.246071060697244,-0.894263010456227,-0.740760408320604,-0.702842766617084,-0.359600750132276,-0.103330530851366,-0.285935458023539,MnPrv,-0.0895919598967582,Normal,0.44693779307133,1,2,2,2,2,3,0,3,3,7,1,1,2,3,2,1,0,1,0.297607266471232,11.6082356447746,200807
596,20,RL,0.335563766677686,0.143791139640572,Pave,NONE,Lvl,Inside,Gtl,StoneBr,Norm,Norm,1Fam,1Story,8,5,2005,VinylSd,Other,BrkFace,0.763902048771178,PConc,1422,0,392,1814,GasA,0.268289832918241,SBrkr,-0.785025043886639,0.642812378471582,1,0,0.781365814350925,-0.756321032880405,0.169927088600022,-0.207698474525451,0.349545539005509,0.623631660646747,Attchd,0.299450740978796,1.32384716673564,0.682109214438168,0.407217203383386,-0.359600750132276,-0.103330530851366,1.85025599009499,NONE,-0.0895919598967582,Partial,0.44693779307133,1,2,3,4,3,3,3,3,3,7,6,1,2,3,2,4,0,3,0.297607266471232,12.672946381767,200611
597,70,RM,0.0667136381510165,-0.832920307373686,Pave,Grvl,Lvl,Inside,Gtl,OldTown,Norm,Norm,1Fam,2Story,6,7,1910,VinylSd,VinylSd,None,-0.567015949674981,CBlock,0,0,684,684,GasA,-3.72731232161413,FuseA,0.810764251247823,-0.262389727336248,0,0,-1.02736282330994,-0.756321032880405,0.169927088600022,-0.207698474525451,0.349545539005509,-0.924311211315714,Detchd,0.132639240098946,-1.1912484735112,-0.740760408320604,1.63568357018391,-0.359600750132276,-0.103330530851366,-0.285935458023539,NONE,-0.0895919598967582,Normal,0.44693779307133,1,2,2,4,2,3,0,3,2,7,1,1,0,3,3,1,0,1,-0.250997476711292,11.6483650358641,200602
598,120,RL,-0.142392017369726,-0.792086616651978,Pave,NONE,Lvl,Inside,Gtl,Blmngtn,Norm,Norm,TwnhsE,1Story,7,5,2006,VinylSd,VinylSd,BrkFace,-0.164385294682865,PConc,0,0,1258,1258,GasA,0.268289832918241,SBrkr,-0.785025043886639,-0.195191317734794,0,2,-2.8360914609708,3.22151877789059,-1.04580127322219,-0.207698474525451,0.349545539005509,0.623631660646747,Attchd,0.301674894323861,0.813403402109894,0.207819340185244,-0.466029973016984,-0.359600750132276,-0.103330530851366,-0.285935458023539,NONE,-0.0895919598967582,Partial,0.44693779307133,1,2,3,4,3,3,4,3,3,7,1,1,2,3,3,3,0,3,1.66911912442754,12.1766489841567,200705
599,20,RL,0.664158368210282,0.357090107944646,Pave,NONE,Bnk,Inside,Gtl,Crawfor,Norm,Norm,1Fam,1Story,5,6,1977,Plywood,Plywood,BrkFace,1.99975447589975,CBlock,1283,147,0,1430,GasA,0.268289832918241,SBrkr,-0.785025043886639,0.289032516158041,1,0,0.781365814350925,-0.756321032880405,0.169927088600022,-0.207698474525451,0.349545539005509,0.623631660646747,Attchd,0.237174447316985,0.688112659883576,-0.740760408320604,-0.702842766617084,-0.359600750132276,-0.103330530851366,-0.285935458023539,NONE,-0.0895919598967582,Normal,0.44693779307133,1,2,2,4,3,3,3,3,3,7,5,2,2,3,3,2,0,3,0.297607266471232,12.2899541295109,200606
600,160,RM,-1.00868687595566,-1.04216126914641,Pave,NONE,Lvl,Inside,Gtl,Blueste,Norm,Norm,Twnhs,2Story,6,6,1980,MetalSd,MetalSd,None,-0.567015949674981,CBlock,81,612,23,716,GasA,0.268289832918241,SBrkr,1.17471619575217,0.10917794928356,1,0,0.781365814350925,1.23259887250509,0.169927088600022,-0.207698474525451,-0.287758288825272,0.623631660646747,Attchd,0.243846907352179,-0.0961145784959744,0.531917420924742,-0.702842766617084,-0.359600750132276,-0.103330530851366,-0.285935458023539,GdPrv,-0.0895919598967582,Normal,0.44693779307133,1,3,2,2,2,3,3,3,3,7,2,6,2,3,3,1,0,3,0.297607266471232,11.9250351157971,200810
601,60,RL,0.484924949192502,0.096236375601316,Pave,NONE,Lvl,Inside,Gtl,NridgHt,Norm,Norm,1Fam,2Story,8,5,2005,VinylSd,VinylSd,BrkFace,0.998769930849912,PConc,546,0,512,1058,GasA,0.268289832918241,SBrkr,1.18871434746388,0.796973435792566,1,0,0.781365814350925,1.23259887250509,0.169927088600022,-0.207698474525451,0.98684936683629,0.623631660646747,BuiltIn,0.295002434288667,1.22175841381049,0.674204383200619,0.185205209383292,-0.359600750132276,-0.103330530851366,-0.285935458023539,NONE,-0.0895919598967582,Normal,0.44693779307133,1,2,3,4,4,3,4,3,3,7,6,1,2,3,3,3,0,3,0.297607266471232,12.5245263766487,200609
602,50,RM,-0.232008726878616,-0.148131705208405,Pave,NONE,Bnk,Inside,Gtl,IDOTRR,Norm,Norm,1Fam,1.5Fin,6,6,1937,Wd Sdng,Wd Sdng,None,-0.567015949674981,PConc,0,0,780,780,GasA,0.268289832918241,SBrkr,0.60312500085752,-0.248554760653596,0,0,-1.02736282330994,1.23259887250509,0.169927088600022,-0.207698474525451,-0.287758288825272,0.623631660646747,Detchd,0.241622754007115,0.330802024645556,-0.740760408320604,1.69488676858393,-0.359600750132276,-0.103330530851366,1.95706556250091,NONE,-0.0895919598967582,Normal,0.44693779307133,1,3,2,2,3,3,4,3,3,7,1,1,1,3,3,1,0,1,-0.250997476711292,11.8565151693603,200704
603,60,RL,0.664158368210282,-0.0161196802354319,Pave,NONE,Lvl,Inside,Gtl,SawyerW,Norm,Norm,1Fam,2Story,8,5,1992,HdBoard,HdBoard,None,-0.567015949674981,PConc,789,0,119,908,GasA,0.268289832918241,SBrkr,1.52000393797425,0.818714097722448,1,0,0.781365814350925,1.23259887250509,0.169927088600022,-0.207698474525451,0.98684936683629,0.623631660646747,Attchd,0.270536747492955,0.154466905956663,0.207819340185244,1.51727717338386,-0.359600750132276,-0.103330530851366,-0.285935458023539,NONE,-0.0895919598967582,Abnorml,0.44693779307133,1,2,3,4,3,3,3,3,3,7,6,1,2,3,2,2,0,3,0.297607266471232,12.3013828253345,200605
604,160,FV,-0.829453456937881,-0.885928017689443,Pave,Pave,Lvl,Inside,Gtl,Somerst,Norm,Norm,TwnhsE,2Story,7,5,2004,MetalSd,MetalSd,None,-0.567015949674981,PConc,0,0,600,600,GasA,0.268289832918241,SBrkr,0.614790127283942,-0.594428927719906,0,0,0.781365814350925,1.23259887250509,-1.04580127322219,-0.207698474525451,-1.56236594448683,-0.924311211315714,Detchd,0.297226587633731,0.0338165615905783,-0.740760408320604,1.84289476458399,-0.359600750132276,-0.103330530851366,-0.285935458023539,NONE,-0.0895919598967582,Normal,0.44693779307133,1,2,3,4,3,3,0,3,3,7,1,1,2,3,3,1,0,2,0.297607266471232,11.9250351157971,201009
605,20,RL,0.903136260233988,0.334137008501699,Pave,NONE,Lvl,Inside,Gtl,CollgCr,Norm,Norm,1Fam,1Story,7,5,2002,VinylSd,VinylSd,BrkFace,-0.013398799060822,PConc,922,0,572,1494,GasA,0.268289832918241,SBrkr,-0.785025043886639,-0.0133603270485046,1,0,0.781365814350925,-0.756321032880405,0.169927088600022,-0.207698474525451,-0.287758288825272,0.623631660646747,Attchd,0.292778280943602,0.26583645460228,0.776967189288753,-0.170013981016859,-0.359600750132276,-0.103330530851366,-0.285935458023539,NONE,-0.0895919598967582,Normal,0.44693779307133,1,2,3,4,3,3,3,3,3,7,6,1,2,3,2,2,0,2,0.297607266471232,12.3059179804999,200812
606,60,RL,0.813519550725098,0.43520673367313,Pave,NONE,Lvl,Inside,Gtl,NAmes,Norm,Norm,1Fam,2Story,7,6,1965,HdBoard,HdBoard,BrkFace,0.417192318083524,CBlock,454,0,314,768,GasA,0.268289832918241,SBrkr,1.0813951843408,0.95904018836078,0,0,0.781365814350925,1.23259887250509,0.169927088600022,-0.207698474525451,0.349545539005509,3.71951740457167,Attchd,0.210484607176209,0.0616589487519824,-0.740760408320604,-0.0812091834168209,-0.359600750132276,-0.103330530851366,3.07856607276314,NONE,-0.0895919598967582,Normal,0.44693779307133,1,2,2,2,2,3,2,3,3,7,4,1,2,3,3,1,0,1,-0.250997476711292,12.2307652581205,200902
607,20,RL,0.723902841216208,0.291147501810211,Pave,NONE,Low,Corner,Mod,CollgCr,Norm,Norm,1Fam,1Story,5,5,1996,VinylSd,VinylSd,None,-0.567015949674981,PConc,732,0,308,1040,GasA,0.268289832918241,SBrkr,-0.785025043886639,-0.910656737609104,1,0,-1.02736282330994,-0.756321032880405,0.169927088600022,-0.207698474525451,-0.287758288825272,-0.924311211315714,Detchd,0.288329974253473,0.479294756173045,0.587251239587583,-0.702842766617084,-0.359600750132276,-0.103330530851366,-0.285935458023539,GdPrv,-0.0895919598967582,Normal,0.44693779307133,1,3,2,3,3,3,0,3,3,7,6,1,2,3,1,1,0,1,0.297607266471232,11.9316357998284,200903
608,20,RL,0.604413895204355,-0.300306950134023,Pave,NONE,Bnk,Inside,Mod,Edwards,Norm,Norm,1Fam,2Story,5,8,1948,MetalSd,MetalSd,None,-0.567015949674981,CBlock,603,0,293,896,GasA,0.268289832918241,SBrkr,1.30536561172809,1.00252151222054,1,0,2.59009445201179,-0.756321032880405,0.169927088600022,-0.207698474525451,0.98684936683629,-0.924311211315714,Attchd,0.17267400031011,-1.12628290346793,0.0734372091469156,-0.702842766617084,-0.359600750132276,-0.103330530851366,-0.285935458023539,NONE,-0.0895919598967582,Normal,0.44693779307133,1,3,2,4,4,4,0,3,3,7,6,1,2,3,3,1,0,1,-0.250997476711292,12.3238556811866,200611
609,70,RL,0.604413895204355,0.253610941395226,Pave,NONE,HLS,Inside,Mod,Crawfor,Norm,Norm,1Fam,2Story,8,6,1934,BrkFace,Wd Sdng,None,-0.567015949674981,PConc,428,0,537,965,GasA,0.268289832918241,SBrkr,2.14058866385987,3.34656015302423,0,0,0.781365814350925,1.23259887250509,1.38565545042224,-0.207698474525451,2.26145702249785,2.17157453260921,Basment,0.141535853479204,-0.430223224432824,-0.740760408320604,-0.702842766617084,-0.359600750132276,-0.103330530851366,-0.285935458023539,NONE,-0.0895919598967582,Alloca,0.44693779307133,1,2,2,2,2,3,4,3,3,7,4,1,2,3,3,2,0,1,0.297607266471232,12.7913561802142,200712
610,20,RL,0.0965858746539798,-0.282172733447054,Pave,NONE,Lvl,Inside,Gtl,Sawyer,Feedr,Norm,1Fam,1Story,4,5,1961,VinylSd,VinylSd,BrkCmn,0.50666579697066,CBlock,903,0,126,1029,GasA,0.268289832918241,SBrkr,-0.785025043886639,-0.932397399538987,1,0,-1.02736282330994,-0.756321032880405,0.169927088600022,-0.207698474525451,-0.925062116656053,-0.924311211315714,Attchd,0.20158799379595,-0.982430569800673,-0.234851209117485,-0.702842766617084,0.247561521400241,-0.103330530851366,-0.285935458023539,NONE,-0.0895919598967582,Normal,0.44693779307133,1,1,2,3,2,3,0,3,3,7,3,1,2,3,3,2,0,1,-0.250997476711292,11.6826682395573,200707
611,60,RL,-1.72562055202678,0.111834338206192,Pave,NONE,Lvl,Inside,Gtl,CollgCr,PosN,Norm,1Fam,2Story,9,5,2000,VinylSd,VinylSd,BrkFace,0.573770906136013,PConc,904,0,536,1440,GasA,0.268289832918241,SBrkr,0.794433074250833,1.28910296493263,1,0,0.781365814350925,1.23259887250509,0.169927088600022,-0.207698474525451,0.98684936683629,2.17157453260921,Attchd,0.288329974253473,1.22175841381049,1.25916189477923,1.39887077658381,-0.359600750132276,-0.103330530851366,-0.285935458023539,NONE,-0.0895919598967582,Normal,-2.23744784062252,1,2,3,4,4,3,5,3,3,7,6,1,2,3,3,2,0,3,1.66911912442754,12.6539584695223,200908
612,80,RL,-1.72562055202678,0.0287720170176254,Pave,NONE,Lvl,FR2,Gtl,NWAmes,Norm,Norm,1Fam,SLvl,6,6,1978,HdBoard,HdBoard,BrkFace,0.735941586618948,CBlock,605,0,427,1032,GasA,0.268289832918241,SBrkr,-0.785025043886639,-0.926468128103564,0,1,0.781365814350925,-0.756321032880405,0.169927088600022,-0.207698474525451,-0.287758288825272,0.623631660646747,Attchd,0.23939860066205,0.423609981850236,-0.740760408320604,-0.702842766617084,-0.359600750132276,-0.103330530851366,-0.285935458023539,MnPrv,0.791768137900632,Normal,-2.23744784062252,1,2,2,2,2,3,3,3,3,7,5,1,2,3,2,3,0,1,0.297607266471232,11.9049675527463,200710
613,60,RL,-1.72562055202678,0.217722946133601,Pave,NONE,Lvl,Inside,Gtl,CollgCr,Norm,Norm,1Fam,2Story,8,5,2001,VinylSd,VinylSd,BrkFace,0.0369300328131924,PConc,990,0,309,1299,GasA,0.268289832918241,SBrkr,0.551798444581265,0.733727873814726,1,0,0.781365814350925,1.23259887250509,0.169927088600022,-0.207698474525451,0.349545539005509,0.623631660646747,BuiltIn,0.290554127598537,0.270476852462514,0.524012589687193,1.10285478458368,-0.359600750132276,-0.103330530851366,-0.285935458023539,NONE,-0.0895919598967582,Normal,-2.23744784062252,1,2,3,4,4,3,3,3,3,7,6,1,2,3,3,3,0,2,0.297607266471232,12.4741895624871,200903
614,20,RL,0.365436003180649,-0.223965702263005,Pave,NONE,Lvl,Inside,Gtl,Mitchel,Feedr,Norm,1Fam,1Story,5,5,2007,VinylSd,VinylSd,None,-0.567015949674981,PConc,206,0,914,1120,GasA,0.268289832918241,SBrkr,-0.785025043886639,-0.752542832664505,0,0,-1.02736282330994,-0.756321032880405,0.169927088600022,-0.207698474525451,-0.287758288825272,-0.924311211315714,NONE,-4.15997671587587,-2.19357441132175,-0.740760408320604,-0.258818778616896,-0.359600750132276,-0.103330530851366,-0.285935458023539,NONE,-0.0895919598967582,Partial,0.44693779307133,1,2,2,4,2,3,0,0,0,7,5,1,2,3,3,1,0,0,0.297607266471232,11.8981878657609,200704
615,180,RM,-1.09830358546455,-1.10036830033046,Pave,NONE,Lvl,Inside,Gtl,MeadowV,Norm,Norm,TwnhsE,SFoyer,4,6,1972,CemntBd,CmentBd,None,-0.567015949674981,CBlock,150,480,0,630,GasA,0.268289832918241,SBrkr,-0.785025043886639,-1.72099050045017,1,0,-1.02736282330994,-0.756321032880405,-2.26152963504441,-0.207698474525451,-2.19966977231761,-0.924311211315714,NONE,-4.15997671587587,-2.19357441132175,0.0181033904840744,-0.347623576216934,-0.359600750132276,-0.103330530851366,-0.285935458023539,NONE,-0.0895919598967582,Normal,0.44693779307133,1,2,2,4,2,3,0,0,0,7,2,6,2,3,3,3,0,0,0.297607266471232,11.2318879352371,201008
616,85,RL,0.664158368210282,-0.173494246029342,Pave,NONE,Lvl,Inside,Gtl,NAmes,Feedr,Norm,1Fam,SFoyer,6,7,1963,MetalSd,MetalSd,BrkFace,0.305350469474603,PConc,763,0,173,936,GasA,0.268289832918241,SBrkr,-0.785025043886639,-0.882986804243799,1,0,-1.02736282330994,-0.756321032880405,0.169927088600022,-0.207698474525451,-0.287758288825272,-0.924311211315714,Attchd,0.20603630048608,0.0338165615905783,0.207819340185244,-0.702842766617084,-0.359600750132276,-0.103330530851366,-0.285935458023539,MnPrv,-0.0895919598967582,Abnorml,0.44693779307133,1,3,2,4,3,3,0,3,3,7,6,1,2,3,3,4,0,2,-0.250997476711292,11.8313791960888,201008
617,60,RL,-1.72562055202678,-0.292571375183638,Pave,NONE,Lvl,Inside,Gtl,Gilbert,Norm,Norm,1Fam,2Story,6,5,2002,VinylSd,VinylSd,None,-0.567015949674981,PConc,457,0,326,783,GasA,0.268289832918241,SBrkr,0.85275870638294,0.0162860301286077,1,0,0.781365814350925,1.23259887250509,0.169927088600022,-0.207698474525451,0.349545539005509,0.623631660646747,Attchd,0.292778280943602,-0.369898052249782,0.0497227154342694,0.407217203383386,-0.359600750132276,-0.103330530851366,-0.285935458023539,NONE,-0.0895919598967582,Normal,-2.23744784062252,1,2,3,4,3,3,4,3,3,7,6,1,2,3,2,1,0,3,0.297607266471232,12.1183337312222,200609
618,45,RL,0.0368414016480533,-0.372970629586006,Pave,NONE,HLS,Corner,Mod,NAmes,Artery,Norm,1Fam,1.5Unf,6,6,1954,MetalSd,MetalSd,None,-0.567015949674981,CBlock,0,0,832,832,GasA,0.268289832918241,SBrkr,-0.785025043886639,-1.32175289046506,0,0,-1.02736282330994,-0.756321032880405,-1.04580127322219,-0.207698474525451,-1.56236594448683,-0.924311211315714,Detchd,0.203812147141015,0.256555658881811,-0.740760408320604,-0.702842766617084,-0.359600750132276,-0.103330530851366,-0.285935458023539,NONE,-0.0895919598967582,Normal,0.44693779307133,1,2,2,3,3,3,0,3,3,7,1,1,2,3,3,1,0,1,-0.250997476711292,11.5664662318983,200809
619,20,RL,0.962880733239914,0.193501719649607,Pave,NONE,Lvl,Inside,Gtl,NridgHt,Norm,Norm,1Fam,1Story,9,5,2007,CemntBd,CmentBd,BrkFace,1.96060982888663,PConc,48,0,1774,1822,GasA,0.268289832918241,SBrkr,-0.785025043886639,0.646765226095196,0,0,0.781365814350925,-0.756321032880405,0.169927088600022,-0.207698474525451,1.62415319466707,0.623631660646747,Attchd,0.303899047668925,1.39809353249938,-0.740760408320604,0.895643590183592,-0.359600750132276,-0.103330530851366,4.34247934623326,NONE,-0.0895919598967582,Partial,0.44693779307133,1,2,4,4,3,3,4,3,3,7,6,1,2,3,3,3,0,1,1.66911912442754,12.6597340907337,200710
620,60,RL,0.813519550725098,0.263248706907182,Pave,NONE,Lvl,Inside,Gtl,Timber,Norm,Norm,1Fam,2Story,8,5,2003,VinylSd,VinylSd,Stone,0.696796939605826,PConc,871,0,611,1482,GasA,0.268289832918241,SBrkr,1.03473467863512,1.50453316041965,1,0,0.781365814350925,1.23259887250509,1.38565545042224,-0.207698474525451,2.26145702249785,2.17157453260921,Attchd,0.295002434288667,1.28208358599353,0.587251239587583,-0.702842766617084,-0.359600750132276,-0.103330530851366,-0.285935458023539,NONE,-0.0895919598967582,Normal,0.44693779307133,1,2,3,4,3,3,4,3,3,7,6,1,2,3,3,4,0,3,0.297607266471232,12.6280670555895,200811
621,30,RL,-0.381369909393432,-0.243494858695126,Pave,Grvl,Lvl,Inside,Gtl,Edwards,Norm,Norm,1Fam,1Story,3,3,1914,Stucco,Stucco,None,-0.567015949674981,BrkTil,41,0,823,864,GasA,-3.72731232161413,FuseF,-0.785025043886639,-1.25850732848722,1,0,-1.02736282330994,-0.756321032880405,-1.04580127322219,-0.207698474525451,-0.925062116656053,-0.924311211315714,NONE,-4.15997671587587,-2.19357441132175,-0.740760408320604,-0.702842766617084,1.19722558713059,-0.103330530851366,-0.285935458023539,NONE,-0.0895919598967582,Normal,0.44693779307133,1,2,2,2,2,3,0,0,0,7,4,1,0,3,3,1,0,0,-0.250997476711292,11.1124478983731,200812
622,60,RL,0.962880733239914,0.0801311621800214,Pave,NONE,Lvl,Inside,Gtl,NWAmes,Norm,Norm,1Fam,2Story,6,7,1974,HdBoard,HdBoard,None,-0.567015949674981,CBlock,956,182,384,1522,GasA,0.268289832918241,SBrkr,1.70197991022643,2.20023434217588,0,0,0.781365814350925,1.23259887250509,1.38565545042224,-0.207698474525451,1.62415319466707,0.623631660646747,Attchd,0.230501987281791,0.702033853464278,-0.440376821293752,2.89375153618444,-0.359600750132276,-0.103330530851366,-0.285935458023539,NONE,-0.0895919598967582,Normal,0.44693779307133,1,2,2,2,2,3,3,3,3,7,5,3,2,3,3,1,0,2,-0.250997476711292,12.3883942023241,200809
623,20,RL,0.395308239683612,-0.393641100355069,Pave,NONE,Lvl,Inside,Gtl,Sawyer,Norm,Norm,1Fam,1Story,5,6,1977,Plywood,Plywood,BrkFace,0.288574192183264,CBlock,560,0,420,980,GasA,0.268289832918241,SBrkr,-0.785025043886639,-1.02924216631755,0,0,-1.02736282330994,-0.756321032880405,0.169927088600022,-0.207698474525451,-0.287758288825272,-0.924311211315714,Detchd,0.257191827422567,0.0523781530315144,0.776967189288753,-0.702842766617084,-0.359600750132276,-0.103330530851366,-0.285935458023539,NONE,-0.0895919598967582,Normal,0.44693779307133,1,2,2,2,2,3,0,3,3,7,4,1,2,3,3,1,0,1,-0.250997476711292,11.8130300574206,200910
624,160,FV,-1.72562055202678,-1.02098354756093,Pave,NONE,Lvl,Inside,Gtl,Somerst,Norm,Norm,TwnhsE,2Story,6,5,2000,MetalSd,MetalSd,BrkFace,2.30172746714384,PConc,420,0,336,756,GasA,0.268289832918241,SBrkr,0.978742071788293,0.0222153015640302,0,0,0.781365814350925,1.23259887250509,-1.04580127322219,-0.207698474525451,-1.56236594448683,0.623631660646747,Detchd,0.288329974253473,-0.151799352818783,-0.740760408320604,-0.229217179416884,-0.359600750132276,-0.103330530851366,-0.285935458023539,NONE,-0.0895919598967582,Normal,-2.23744784062252,1,2,3,4,3,3,3,3,3,7,6,1,2,3,3,1,0,1,0.297607266471232,12.0346910287746,200709
625,60,RL,0.664158368210282,0.0294060805381488,Pave,NONE,Lvl,Inside,Gtl,NWAmes,Norm,Norm,1Fam,2Story,6,5,1972,VinylSd,VinylSd,None,1.04350667029348,CBlock,247,0,485,732,GasA,0.268289832918241,SBrkr,1.03006862806455,0.571661121246512,1,0,-1.02736282330994,3.22151877789059,1.38565545042224,-0.207698474525451,0.98684936683629,0.623631660646747,Attchd,0.226053680591662,0.0523781530315144,0.429154614836609,-0.702842766617084,-0.359600750132276,-0.103330530851366,2.33089906592165,NONE,-0.0895919598967582,Normal,0.44693779307133,1,2,2,3,2,3,3,3,3,5,3,1,2,3,3,1,0,2,-0.250997476711292,12.0146094308189,200603
626,20,RL,0.873264023731024,-0.0213190011037238,Pave,NONE,Lvl,Corner,Gtl,NAmes,Norm,Norm,1Fam,1Story,6,6,1962,Wd Sdng,Wd Sdng,BrkFace,0.892520174671437,CBlock,0,0,1116,1116,GasA,0.268289832918241,SBrkr,-0.785025043886639,-0.760448527911735,0,0,-1.02736282330994,1.23259887250509,0.169927088600022,-0.207698474525451,-0.925062116656053,-0.924311211315714,Attchd,0.203812147141015,-0.151799352818783,-0.740760408320604,-0.702842766617084,-0.359600750132276,-0.103330530851366,6.56767877135673,NONE,-0.0895919598967582,Normal,0.44693779307133,1,2,2,2,2,3,0,3,3,7,1,1,2,3,2,1,0,1,-0.250997476711292,11.982929094216,201005
627,20,RL,-1.72562055202678,0.27567635190944,Pave,NONE,Lvl,Inside,Gtl,NAmes,Norm,Norm,1Fam,1Story,5,5,1960,Wd Sdng,Wd Sdng,None,-0.567015949674981,CBlock,0,0,978,978,GasA,0.268289832918241,SBrkr,-0.785025043886639,-0.155662841498644,0,0,-1.02736282330994,-0.756321032880405,0.169927088600022,-0.207698474525451,-0.287758288825272,0.623631660646747,Attchd,0.199363840450886,-0.866420623294823,-0.740760408320604,-0.702842766617084,0.200856731282355,-0.103330530851366,-0.285935458023539,GdWo,0.96804015746011,Normal,-2.23744784062252,1,2,2,2,2,3,3,3,3,6,1,1,2,3,2,1,0,2,-0.250997476711292,11.8486831606536,200711
628,80,RL,0.664158368210282,-0.0720440827455964,Pave,NONE,Lvl,Inside,Gtl,NAmes,Norm,Norm,1Fam,SLvl,6,6,1955,AsbShng,AsbShng,BrkFace,0.350087208918171,CBlock,674,132,350,1156,GasA,0.268289832918241,SBrkr,-0.785025043886639,0.0380266920584901,1,0,-1.02736282330994,-0.756321032880405,0.169927088600022,-0.207698474525451,0.349545539005509,2.17157453260921,Basment,0.188243073725562,-0.504469590196569,-0.740760408320604,-0.702842766617084,2.58280102729454,-0.103330530851366,-0.285935458023539,NONE,-0.0895919598967582,Normal,0.44693779307133,1,2,2,4,2,3,4,3,3,7,4,2,2,3,3,3,0,2,-0.250997476711292,11.9381932003746,201006
629,60,RL,0.365436003180649,0.182342201688395,Pave,NONE,HLS,Inside,Sev,NAmes,Norm,Norm,1Fam,2Story,5,5,1969,Plywood,Plywood,BrkFace,0.50666579697066,PConc,650,0,390,1040,GasA,0.268289832918241,SBrkr,1.64132125280903,1.14482402667068,0,1,-1.02736282330994,3.22151877789059,2.60138381224446,-0.207698474525451,1.62415319466707,2.17157453260921,Attchd,0.219381220556468,0.145186110236195,1.90735805625822,-0.702842766617084,-0.359600750132276,-0.103330530851366,-0.285935458023539,NONE,-0.0895919598967582,Family,0.44693779307133,1,2,2,2,1,3,3,3,3,7,3,1,2,3,2,3,0,1,0.297607266471232,11.8130300574206,200712
630,80,RL,0.723902841216208,-0.145595451126312,Pave,NONE,Lvl,Corner,Gtl,NAmes,Feedr,Norm,1Fam,SLvl,6,5,1964,Plywood,Wd Sdng,BrkFace,0.881335989810545,CBlock,624,336,288,1248,GasA,0.268289832918241,SBrkr,-0.785025043886639,-0.297965355948783,1,0,-1.02736282330994,1.23259887250509,0.169927088600022,-0.207698474525451,-0.287758288825272,-0.924311211315714,Attchd,0.208260453831144,0.219432475999939,0.650489889487973,-0.702842766617084,-0.359600750132276,-0.103330530851366,-0.285935458023539,GdPrv,-0.0895919598967582,Normal,0.44693779307133,1,2,2,2,2,3,0,3,3,7,6,3,2,3,3,4,0,2,-0.250997476711292,12.0346910287746,200809
631,70,RM,-0.232008726878616,-0.148131705208405,Pave,Grvl,Lvl,Corner,Gtl,OldTown,Artery,Norm,1Fam,2Story,5,6,1880,VinylSd,VinylSd,None,-0.567015949674981,BrkTil,0,0,636,636,GasA,0.268289832918241,FuseA,0.757104669686284,0.492604168774212,0,0,-1.02736282330994,-0.756321032880405,0.169927088600022,-0.207698474525451,0.98684936683629,-0.924311211315714,Detchd,0.148208313514398,-1.07987892486559,-0.740760408320604,-0.702842766617084,4.20190041804792,-0.103330530851366,-0.285935458023539,MnPrv,-0.0895919598967582,Abnorml,0.44693779307133,1,2,2,2,4,2,0,2,1,7,1,1,0,3,3,1,0,1,-0.799602219893816,11.7280368445872,200609
632,120,RL,-0.709964510926028,-0.707375730310051,Pave,NONE,Lvl,Inside,Gtl,NridgHt,Norm,Norm,Twnhs,1Story,8,5,2006,VinylSd,VinylSd,Stone,0.0369300328131924,PConc,24,0,1530,1554,GasA,0.268289832918241,SBrkr,-0.785025043886639,0.105225101659945,0,0,0.781365814350925,-0.756321032880405,-1.04580127322219,-0.207698474525451,-0.287758288825272,0.623631660646747,Attchd,0.301674894323861,0.71595504704498,0.492393264736998,0.377615604183373,-0.359600750132276,-0.103330530851366,-0.285935458023539,NONE,-0.0895919598967582,Normal,0.44693779307133,1,2,3,4,3,4,4,3,3,7,6,1,2,3,3,2,0,2,0.297607266471232,12.2524790183443,200711
633,20,RL,0.813519550725098,0.219625136695171,Pave,NONE,Lvl,Inside,Gtl,NWAmes,Norm,Norm,1Fam,1Story,7,5,1977,Plywood,Plywood,BrkFace,0.601731368288243,CBlock,822,0,564,1386,GasA,0.268289832918241,SBrkr,-0.785025043886639,-0.177403503428526,0,0,0.781365814350925,-0.756321032880405,0.169927088600022,-0.207698474525451,-0.287758288825272,0.623631660646747,Attchd,0.237174447316985,0.330802024645556,0.776967189288753,-0.702842766617084,-0.359600750132276,-0.103330530851366,-0.285935458023539,NONE,-0.0895919598967582,Family,0.44693779307133,1,3,2,2,2,3,3,3,3,7,5,1,2,3,3,1,0,3,-0.250997476711292,11.3205535723228,200907
634,20,RL,0.664158368210282,-0.116428529182235,Pave,NONE,Lvl,Corner,Gtl,NAmes,Norm,Norm,1Fam,1Story,5,7,1954,Wd Sdng,Wd Sdng,None,-0.567015949674981,CBlock,480,468,108,1056,GasA,0.268289832918241,SBrkr,-0.785025043886639,-0.879033956620184,0,1,-1.02736282330994,-0.756321032880405,0.169927088600022,-0.207698474525451,-0.287758288825272,-0.924311211315714,Attchd,0.186018920380498,-0.987070967660907,2.3421237743234,-0.702842766617084,-0.359600750132276,-0.103330530851366,-0.285935458023539,NONE,-0.0895919598967582,Normal,0.44693779307133,1,2,2,2,2,3,0,3,3,7,4,2,2,3,3,1,0,1,-0.250997476711292,11.8451027773086,200710
635,90,RL,0.18620258416287,-0.404420180203967,Pave,NONE,Lvl,Inside,Gtl,OldTown,Norm,Norm,Duplex,SFoyer,6,5,1980,Plywood,Plywood,None,-0.567015949674981,CBlock,1056,0,0,1056,GasA,0.268289832918241,SBrkr,-0.785025043886639,-0.879033956620184,2,0,-2.8360914609708,-0.756321032880405,-3.47725799686663,4.45593111885755,-1.56236594448683,-0.924311211315714,Detchd,0.243846907352179,0.479294756173045,1.34611503839226,0.126002010983267,-0.359600750132276,-0.103330530851366,-0.285935458023539,GdPrv,0.96804015746011,Normal,0.44693779307133,1,2,2,3,2,3,0,3,3,7,6,1,2,3,3,1,0,1,-0.250997476711292,11.8775685785581,201009
636,190,RH,0.0667136381510165,0.0923051817740709,Pave,Pave,Bnk,Inside,Gtl,SWISU,Feedr,Norm,2fmCon,2.5Fin,6,7,1914,VinylSd,VinylSd,None,-0.567015949674981,CBlock,256,0,1184,1440,GasA,0.268289832918241,FuseA,2.57453136692275,3.74382133919753,0,0,0.781365814350925,-0.756321032880405,6.24856889771111,4.45593111885755,4.81067233382097,-0.924311211315714,NONE,-4.15997671587587,-2.19357441132175,-0.740760408320604,0.925245189383605,-0.359600750132276,-0.103330530851366,-0.285935458023539,NONE,-0.0895919598967582,Abnorml,0.44693779307133,1,2,1,4,1,2,0,0,0,7,2,1,0,3,3,1,0,0,-0.250997476711292,12.2060726455302,200706
637,30,RM,-0.202136490375653,-0.513352293029888,Pave,NONE,Lvl,Inside,Gtl,BrkSide,Norm,Norm,1Fam,1Story,2,3,1936,AsbShng,AsbShng,None,-0.567015949674981,BrkTil,0,0,264,264,Grav,-3.72731232161413,FuseA,-0.785025043886639,-1.3849984524429,0,0,-1.02736282330994,-0.756321032880405,-2.26152963504441,-0.207698474525451,-1.56236594448683,0.623631660646747,NONE,-4.15997671587587,-2.19357441132175,-0.740760408320604,-0.702842766617084,-0.359600750132276,-0.103330530851366,-0.285935458023539,NONE,-0.0895919598967582,Normal,0.44693779307133,1,1,1,1,1,2,1,0,0,3,1,1,0,3,3,1,0,0,-0.250997476711292,11.0020998412042,200901
638,190,RM,-0.232008726878616,-0.52856981752245,Pave,NONE,Lvl,Inside,Gtl,OldTown,Norm,Norm,2fmCon,1.5Fin,5,4,1954,Wd Sdng,Wd Sdng,None,-0.567015949674981,CBlock,0,0,811,811,GasA,0.268289832918241,FuseA,0.558797520437118,-0.224837674911906,0,0,0.781365814350925,-0.756321032880405,0.169927088600022,4.45593111885755,0.349545539005509,-0.924311211315714,BuiltIn,0.186018920380498,-1.00563255910184,-0.740760408320604,-0.702842766617084,-0.359600750132276,-0.103330530851366,-0.285935458023539,NONE,-0.0895919598967582,Normal,0.44693779307133,1,2,2,2,3,3,0,3,3,7,1,1,2,3,3,1,0,1,-0.250997476711292,11.4403547721354,200903
639,30,RL,0.275819293671759,-0.176410938223749,Pave,NONE,Lvl,Inside,Gtl,Edwards,Feedr,Norm,1Fam,1Story,5,7,1910,MetalSd,Wd Sdng,None,-0.567015949674981,CBlock,0,0,796,796,GasA,0.268289832918241,FuseA,-0.785025043886639,-1.39290414769013,0,0,-1.02736282330994,-0.756321032880405,-1.04580127322219,-0.207698474525451,-1.56236594448683,-0.924311211315714,NONE,-4.15997671587587,-2.19357441132175,1.85202423759538,-0.702842766617084,2.19359444297882,-0.103330530851366,-0.285935458023539,MnPrv,-0.0895919598967582,Normal,0.44693779307133,1,2,2,3,2,3,0,0,0,7,1,1,1,3,3,1,0,0,-0.799602219893816,11.3504065354725,200808
640,120,RL,-0.142392017369726,-0.784477854405697,Pave,NONE,Lvl,Inside,Gtl,Blmngtn,Norm,Norm,TwnhsE,1Story,8,5,2006,VinylSd,VinylSd,None,-0.567015949674981,PConc,1154,0,366,1520,GasA,0.268289832918241,SBrkr,-0.785025043886639,0.130918611213442,1,0,0.781365814350925,-0.756321032880405,-2.26152963504441,-0.207698474525451,0.349545539005509,0.623631660646747,Attchd,0.301674894323861,0.813403402109894,1.7255469377946,-0.702842766617084,-0.359600750132276,-0.103330530851366,-0.285935458023539,NONE,-0.0895919598967582,Partial,0.44693779307133,1,2,3,4,4,4,4,3,3,7,6,1,2,3,3,3,0,3,0.297607266471232,12.4858271275094,200602
641,120,RL,0.126458111156943,0.318158607784509,Pave,NONE,Lvl,Inside,Gtl,NridgHt,Norm,Norm,TwnhsE,1Story,8,5,2003,MetalSd,MetalSd,BrkFace,2.07245167749555,PConc,1218,0,300,1518,GasA,0.268289832918241,SBrkr,-0.785025043886639,0.0340738444348751,0,0,-1.02736282330994,1.23259887250509,-2.26152963504441,-0.207698474525451,-0.287758288825272,0.623631660646747,Attchd,0.295002434288667,0.534979530495853,0.721633370625912,1.36926917738379,-0.359600750132276,-0.103330530851366,-0.285935458023539,NONE,-0.0895919598967582,Normal,0.44693779307133,1,2,4,4,4,3,4,3,3,7,6,1,2,3,2,4,0,2,1.66911912442754,12.5208833853702,200807
642,60,FV,-1.72562055202678,-0.395416478212534,Pave,NONE,Lvl,Inside,Gtl,Somerst,Norm,Norm,1Fam,2Story,7,5,2001,VinylSd,VinylSd,None,-0.567015949674981,PConc,738,0,319,1057,GasA,0.268289832918241,SBrkr,1.24937300488127,0.846384031087753,1,0,0.781365814350925,1.23259887250509,0.169927088600022,-0.207698474525451,0.349545539005509,0.623631660646747,Attchd,0.290554127598537,0.822684197830362,-0.740760408320604,2.77534513938439,-0.359600750132276,-0.103330530851366,-0.285935458023539,NONE,-0.0895919598967582,Normal,-2.23744784062252,1,2,3,4,3,3,3,3,3,7,6,1,2,3,3,1,0,3,0.297607266471232,12.3282902782544,200708
643,80,RL,0.514797185695465,0.468178036740347,Pave,NONE,Lvl,Inside,Gtl,NAmes,Norm,Norm,1Fam,SLvl,8,7,1972,Plywood,Wd Sdng,None,-0.567015949674981,CBlock,1410,0,542,1952,GasA,0.268289832918241,SBrkr,0.857424756953509,2.37811248523856,1,0,0.781365814350925,1.23259887250509,1.38565545042224,-0.207698474525451,1.62415319466707,3.71951740457167,Attchd,0.226053680591662,0.302959637484152,1.38563919458001,0.940045988983611,-0.359600750132276,-0.103330530851366,-0.285935458023539,MnPrv,-0.0895919598967582,Normal,0.44693779307133,1,2,3,3,4,3,3,3,3,7,6,1,2,3,3,4,0,3,0.297607266471232,12.7512996960135,200910
644,60,RL,0.664158368210282,0.0792434732512887,Pave,NONE,Lvl,Inside,Gtl,NWAmes,RRAn,Norm,1Fam,2Story,5,5,1969,WdShing,HdBoard,BrkFace,0.90370435953233,CBlock,493,287,0,780,GasA,0.268289832918241,SBrkr,1.17471619575217,0.235669073239239,0,0,0.781365814350925,1.23259887250509,1.38565545042224,-0.207698474525451,0.349545539005509,-0.924311211315714,Attchd,0.219381220556468,-0.0497105998936342,0.903444489089533,-0.702842766617084,-0.359600750132276,-0.103330530851366,-0.285935458023539,GdWo,-0.0895919598967582,Normal,0.44693779307133,1,2,2,4,2,3,0,3,3,6,3,4,2,3,3,1,0,3,-0.250997476711292,11.9316357998284,200707
645,20,FV,0.813519550725098,-0.12441772954083,Pave,NONE,Lvl,Inside,Gtl,Somerst,Norm,Norm,1Fam,1Story,9,5,2009,CemntBd,CmentBd,Stone,0.338903024057279,PConc,1121,0,645,1766,GasA,0.268289832918241,SBrkr,-0.785025043886639,0.524226949763132,1,0,0.781365814350925,1.23259887250509,-1.04580127322219,-0.207698474525451,0.349545539005509,0.623631660646747,Attchd,0.308347354359055,0.0245357658701102,0.800681683001399,1.22126118138373,-0.359600750132276,-0.103330530851366,-0.285935458023539,NONE,-0.0895919598967582,Partial,0.44693779307133,1,2,4,4,4,3,4,3,3,7,6,1,2,3,3,2,0,3,1.66911912442754,12.8236284465392,200902
646,20,RL,-1.72562055202678,0.0458917320717574,Pave,NONE,Lvl,Corner,Gtl,NAmes,Norm,Norm,1Fam,1Story,6,5,1971,Plywood,Plywood,None,-0.567015949674981,CBlock,282,35,664,981,GasA,0.268289832918241,SBrkr,-0.785025043886639,-1.02726574250575,1,0,-1.02736282330994,1.23259887250509,0.169927088600022,-0.207698474525451,-0.925062116656053,-0.924311211315714,Detchd,0.241622754007115,0.479294756173045,-0.740760408320604,3.91500670858487,0.26312978477287,-0.103330530851366,-0.285935458023539,NONE,-0.0895919598967582,Normal,-2.23744784062252,1,2,2,2,2,3,0,3,3,7,5,2,2,3,2,1,0,1,-0.250997476711292,11.872346634577,200706
647,20,RL,0.0667136381510165,-0.376394572596832,Pave,NONE,Lvl,Inside,Gtl,NAmes,Norm,Norm,1Fam,1Story,5,5,1950,MetalSd,MetalSd,None,-0.567015949674981,CBlock,0,0,0,0,GasA,0.268289832918241,SBrkr,-0.785025043886639,-0.894845347114644,0,0,-1.02736282330994,-0.756321032880405,0.169927088600022,-0.207698474525451,0.349545539005509,-0.924311211315714,Detchd,0.177122307000239,-0.244607310023463,-0.740760408320604,-0.303221177416915,-0.359600750132276,-0.103330530851366,-0.285935458023539,NONE,-0.0895919598967582,Normal,0.44693779307133,0,2,2,3,2,0,0,3,3,6,0,0,2,3,3,0,0,1,-4.91413779376274,11.4957793061353,200810
648,20,RL,0.813519550725098,0.0360003411515923,Pave,NONE,Lvl,Inside,Gtl,Edwards,Norm,Norm,1Fam,1Story,6,5,1953,Wd Sdng,Wd Sdng,Stone,0.640876015301365,CBlock,500,0,594,1094,GasA,0.268289832918241,SBrkr,-0.785025043886639,-0.8039298517715,0,0,-1.02736282330994,-0.756321032880405,0.169927088600022,-0.207698474525451,-0.925062116656053,2.17157453260921,Attchd,0.183794767035433,0.103422529494089,-0.740760408320604,-0.702842766617084,-0.359600750132276,-0.103330530851366,4.82312242205993,NONE,-0.0895919598967582,Normal,0.44693779307133,1,2,2,4,2,3,4,3,3,7,3,1,2,3,2,2,0,2,-0.250997476711292,11.9511803959014,200809
649,60,RL,0.365436003180649,-0.312988220544491,Pave,NONE,Lvl,Inside,Gtl,NAmes,PosN,Norm,1Fam,2Story,6,5,1966,MetalSd,MetalSd,BrkFace,1.39580849341158,CBlock,0,0,756,756,GasA,0.268289832918241,SBrkr,1.05339888091739,0.668505888025079,0,0,-1.02736282330994,1.23259887250509,1.38565545042224,-0.207698474525451,0.349545539005509,0.623631660646747,Attchd,0.212708760521274,-0.142518557098315,-0.740760408320604,1.13245638378369,3.00314413835551,-0.103330530851366,-0.285935458023539,NONE,-0.0895919598967582,Normal,0.44693779307133,1,2,2,2,2,3,3,3,3,7,1,1,2,3,3,1,0,1,-0.250997476711292,11.9511803959014,201009
650,180,RM,-1.09830358546455,-1.04393664700388,Pave,NONE,Lvl,Inside,Gtl,MeadowV,Norm,Norm,Twnhs,SFoyer,4,6,1970,CemntBd,CmentBd,None,-0.567015949674981,CBlock,131,499,0,630,GasA,0.268289832918241,SBrkr,-0.785025043886639,-1.72099050045017,1,0,-1.02736282330994,-0.756321032880405,-2.26152963504441,-0.207698474525451,-2.19966977231761,-0.924311211315714,NONE,-4.15997671587587,-2.19357441132175,-0.740760408320604,-0.702842766617084,-0.359600750132276,-0.103330530851366,-0.285935458023539,MnPrv,-0.0895919598967582,Normal,0.44693779307133,1,2,2,3,2,3,0,0,0,7,4,6,2,3,3,3,0,0,0.297607266471232,11.3445068133453,200704
651,60,FV,0.216074820665833,-0.259092821300002,Pave,NONE,Lvl,Inside,Gtl,Somerst,Norm,Norm,1Fam,2Story,7,6,2007,CemntBd,CmentBd,NONE,-0.567015949674981,PConc,0,0,813,813,GasA,0.268289832918241,SBrkr,1.18171527160803,0.324608144770576,0,0,0.781365814350925,1.23259887250509,0.169927088600022,-0.207698474525451,0.349545539005509,-0.924311211315714,Attchd,0.303899047668925,0.414329186129768,-0.740760408320604,-0.702842766617084,-0.359600750132276,-0.103330530851366,-0.285935458023539,NONE,-0.0895919598967582,Normal,0.44693779307133,1,2,3,4,3,3,0,3,3,7,1,1,2,3,3,1,0,2,0.297607266471232,12.2353886998642,200808
652,70,RL,0.0667136381510165,-0.137479438063612,Pave,NONE,Lvl,Inside,Gtl,Edwards,Artery,Norm,1Fam,2Story,4,5,1940,MetalSd,MetalSd,None,-0.567015949674981,CBlock,0,0,755,755,GasA,0.268289832918241,SBrkr,0.976409046503008,0.0182624539404152,1,0,-1.02736282330994,-0.756321032880405,1.38565545042224,-0.207698474525451,0.349545539005509,0.623631660646747,Detchd,0.154880773549592,-0.820016644692482,0.207819340185244,-0.702842766617084,-0.359600750132276,-0.103330530851366,-0.285935458023539,MnPrv,-0.0895919598967582,Normal,0.44693779307133,1,2,2,2,2,3,4,2,1,7,1,1,1,3,3,2,0,1,-0.250997476711292,11.5898865061064,200902
653,60,RL,0.365436003180649,-0.179834881234576,Pave,NONE,Lvl,Inside,Gtl,CollgCr,Norm,Norm,1Fam,2Story,7,5,1996,VinylSd,VinylSd,None,-0.567015949674981,PConc,0,0,880,880,GasA,0.268289832918241,SBrkr,1.09772636133779,0.425405759172758,0,0,0.781365814350925,1.23259887250509,-1.04580127322219,-0.207698474525451,0.349545539005509,0.623631660646747,Attchd,0.279433360873214,0.182309293118067,-0.740760408320604,1.07325318538367,-0.359600750132276,-0.103330530851366,-0.285935458023539,NONE,-0.0895919598967582,Normal,0.44693779307133,1,2,3,4,3,3,3,3,3,7,1,1,2,3,3,1,0,2,0.297607266471232,12.1600287070288,200910
654,50,RM,0.0667136381510165,0.0192610642097743,Pave,Grvl,Lvl,Inside,Gtl,IDOTRR,Norm,Norm,1Fam,1.5Fin,6,7,1906,MetalSd,MetalSd,None,-0.567015949674981,CBlock,0,0,756,756,GasA,0.268289832918241,SBrkr,0.878421984521068,-0.0627709223436918,0,0,-1.02736282330994,-0.756321032880405,0.169927088600022,-0.207698474525451,0.349545539005509,-0.924311211315714,Detchd,0.0792595598173936,-1.1912484735112,-0.290185027780326,-0.702842766617084,3.36121419592597,-0.103330530851366,-0.285935458023539,MnPrv,-0.0895919598967582,Normal,0.44693779307133,1,2,2,4,2,3,0,3,3,7,1,1,2,3,3,1,0,1,-0.250997476711292,11.8130300574206,200809
655,20,RL,0.992752969742877,0.034098150590022,Pave,NONE,Lvl,Inside,Gtl,NoRidge,Norm,Norm,1Fam,1Story,8,6,1995,MetalSd,MetalSd,BrkFace,3.12376505441941,PConc,1696,0,413,2109,GasA,0.268289832918241,SBrkr,-0.785025043886639,1.21004601246033,1,0,0.781365814350925,1.23259887250509,-1.04580127322219,-0.207698474525451,0.349545539005509,0.623631660646747,Attchd,0.277209207528149,1.69971939341459,1.1247797637409,-0.0220059850167959,-0.359600750132276,-0.103330530851366,-0.285935458023539,NONE,-0.0895919598967582,Normal,0.44693779307133,1,3,3,4,3,3,3,3,3,7,6,1,2,3,2,4,0,3,0.297607266471232,12.7656884334656,200811
656,160,RM,-1.09830358546455,-1.07640069925467,Pave,NONE,Lvl,Inside,Gtl,BrDale,Norm,Norm,Twnhs,2Story,6,5,1971,HdBoard,ImStucc,BrkFace,1.56357126632496,CBlock,0,0,525,525,GasA,0.268289832918241,SBrkr,0.53780029286956,-0.807882699395115,0,0,-1.02736282330994,1.23259887250509,0.169927088600022,-0.207698474525451,-0.287758288825272,-0.924311211315714,Detchd,0.223829527246597,-0.968509376219971,-0.740760408320604,-0.702842766617084,-0.359600750132276,-0.103330530851366,-0.285935458023539,NONE,-0.0895919598967582,Family,0.44693779307133,1,2,2,2,2,3,0,3,3,7,1,1,2,3,3,1,0,1,-0.250997476711292,11.3850920934603,201006
657,20,RL,0.425180476186576,-0.020431312174991,Pave,NONE,Lvl,Inside,Gtl,NAmes,Norm,Norm,1Fam,1Story,5,7,1959,HdBoard,HdBoard,BrkFace,-0.265042958430894,CBlock,806,0,247,1053,GasA,0.268289832918241,SBrkr,-0.785025043886639,-0.884963228055607,1,0,-1.02736282330994,1.23259887250509,0.169927088600022,-0.207698474525451,-0.925062116656053,-0.924311211315714,Attchd,0.197139687105821,-0.745770278928738,-0.740760408320604,-0.702842766617084,-0.359600750132276,-0.103330530851366,-0.285935458023539,MnPrv,-0.0895919598967582,Normal,0.44693779307133,1,2,3,4,3,3,0,3,3,7,5,1,2,3,2,1,0,2,-0.250997476711292,11.8879313655937,200811
658,70,RL,0.0667136381510165,-0.376394572596832,Pave,NONE,HLS,Inside,Mod,Crawfor,Norm,Norm,1Fam,2Story,7,6,1931,Stucco,Wd Shng,None,-0.567015949674981,BrkTil,0,0,776,776,GasA,0.268289832918241,SBrkr,0.733774416833441,0.0024510634459553,0,0,-1.02736282330994,1.23259887250509,0.169927088600022,-0.207698474525451,-0.287758288825272,0.623631660646747,Attchd,0.13486339344401,-0.940666989058567,-0.740760408320604,-0.702842766617084,1.38404474760213,-0.103330530851366,-0.285935458023539,MnPrv,-0.0895919598967582,Normal,0.44693779307133,1,1,2,2,2,3,4,3,3,7,1,1,1,3,3,1,0,2,0.297607266471232,11.9117015849276,200805
659,50,RL,0.604413895204355,0.930156717793702,Pave,NONE,Lvl,Inside,Gtl,NAmes,Artery,Norm,1Fam,1.5Fin,6,5,1948,VinylSd,VinylSd,None,-0.567015949674981,CBlock,0,0,912,912,GasA,0.268289832918241,SBrkr,0.488806761878589,-0.0845115842735742,0,1,-1.02736282330994,-0.756321032880405,0.169927088600022,-0.207698474525451,-0.287758288825272,0.623631660646747,Attchd,0.17267400031011,-0.662243117444525,0.776967189288753,-0.702842766617084,-0.359600750132276,-0.103330530851366,-0.285935458023539,NONE,-0.0895919598967582,Abnorml,0.44693779307133,1,2,2,2,2,3,4,3,3,7,1,1,2,3,3,1,0,1,-0.250997476711292,11.4876076569859,201001
660,20,RL,0.514797185695465,-0.0293082014623187,Pave,NONE,Lvl,Corner,Gtl,Edwards,Norm,Norm,1Fam,1Story,5,7,1964,MetalSd,MetalSd,None,-0.567015949674981,PConc,637,0,849,1486,GasA,0.268289832918241,SBrkr,-0.785025043886639,-0.0291717175429645,1,0,-1.02736282330994,-0.756321032880405,0.169927088600022,-0.207698474525451,0.349545539005509,-0.924311211315714,Detchd,0.217157067211403,0.0338165615905783,-0.740760408320604,-0.702842766617084,-0.359600750132276,-0.103330530851366,-0.285935458023539,MnPrv,-0.0895919598967582,Normal,0.44693779307133,1,3,2,4,2,3,0,3,3,7,4,1,2,3,3,1,0,3,-0.250997476711292,12.0257490913989,200906
661,60,RL,-1.72562055202678,0.281002485481837,Pave,NONE,Lvl,CulDSac,Gtl,NWAmes,Norm,Norm,1Fam,2Story,7,7,1976,Plywood,Plywood,BrkFace,0.735941586618948,CBlock,0,0,793,793,GasA,0.268289832918241,SBrkr,1.06506400734381,0.858242573958598,0,0,0.781365814350925,1.23259887250509,0.169927088600022,-0.207698474525451,0.349545539005509,0.623631660646747,Attchd,0.234950293971921,0.35864441180696,-0.740760408320604,0.969647588183624,3.56360161977014,-0.103330530851366,-0.285935458023539,NONE,-0.0895919598967582,Normal,-2.23744784062252,1,2,2,2,2,3,3,3,3,7,1,1,2,3,3,1,0,2,0.297607266471232,12.1955171315907,200703
662,60,RL,-0.172264253872689,4.61863102938247,Pave,NONE,Lvl,CulDSac,Gtl,NoRidge,Norm,Norm,1Fam,2Story,8,7,1994,VinylSd,VinylSd,BrkFace,2.38560885360053,PConc,1361,180,88,1629,GasA,0.268289832918241,SBrkr,0.992740223499998,1.87214798941584,1,0,0.781365814350925,1.23259887250509,1.38565545042224,-0.207698474525451,0.98684936683629,0.623631660646747,Attchd,0.274985054183085,1.10574846730464,3.34603734149209,0.422018002983392,-0.359600750132276,-0.103330530851366,-0.285935458023539,NONE,-0.0895919598967582,Normal,0.44693779307133,1,2,3,4,3,4,3,3,3,7,6,3,2,3,1,1,0,2,0.297607266471232,12.9042073676012,200910
663,20,RL,1.85904782832881,0.430134225508942,Pave,NONE,Lvl,Corner,Gtl,NAmes,Norm,Norm,1Fam,1Story,6,3,1968,Wd Sdng,Wd Sdng,BrkFace,0.640876015301365,CBlock,0,0,1392,1392,GasA,0.268289832918241,SBrkr,-0.785025043886639,-0.214955555852868,1,0,-1.02736282330994,-0.756321032880405,-1.04580127322219,-0.207698474525451,-0.925062116656053,2.17157453260921,Attchd,0.217157067211403,0.479294756173045,-0.740760408320604,-0.702842766617084,3.3767824592986,-0.103330530851366,-0.285935458023539,NONE,-0.0895919598967582,Normal,0.44693779307133,1,2,2,3,2,2,3,3,3,2,1,1,2,3,3,1,0,2,-0.799602219893816,11.6082356447746,200910
664,85,RL,0.962880733239914,-0.0197972486544676,Pave,NONE,Lvl,Inside,Gtl,Edwards,Norm,Norm,1Fam,SFoyer,4,5,1972,Plywood,Plywood,None,-0.567015949674981,CBlock,920,180,38,1138,GasA,0.268289832918241,SBrkr,-0.785025043886639,-0.631980980144248,1,0,0.781365814350925,-0.756321032880405,0.169927088600022,-0.207698474525451,-0.287758288825272,-0.924311211315714,Detchd,0.230501987281791,0.534979530495853,-0.740760408320604,-0.702842766617084,2.44268665694088,-0.103330530851366,-0.285935458023539,MnPrv,-0.0895919598967582,Normal,0.44693779307133,1,2,2,2,2,3,0,3,3,7,4,3,2,3,3,3,0,2,0.297607266471232,11.8313791960888,200807
665,20,RL,-0.261880963381579,1.36043222282089,Pave,NONE,Lvl,CulDSac,Gtl,Somerst,RRAn,Norm,1Fam,1Story,8,5,2005,VinylSd,VinylSd,None,-0.567015949674981,PConc,1721,0,356,2077,GasA,0.268289832918241,SBrkr,-0.785025043886639,1.17842323147141,1,0,-1.02736282330994,1.23259887250509,-2.26152963504441,-0.207698474525451,0.98684936683629,0.623631660646747,Attchd,0.299450740978796,3.06863676218363,0.776967189288753,3.24897072658459,-0.359600750132276,-0.103330530851366,-0.285935458023539,NONE,-0.0895919598967582,Partial,0.44693779307133,1,2,3,4,4,3,5,3,3,7,6,1,2,3,1,2,0,3,1.66911912442754,12.9551274580284,200601
666,60,RL,1.44083651728733,0.130095367597266,Pave,NONE,Lvl,Corner,Gtl,Gilbert,Norm,Norm,1Fam,2Story,8,5,2000,VinylSd,VinylSd,BrkFace,-0.343332252457139,PConc,0,0,1406,1406,GasA,0.268289832918241,SBrkr,0.339493143620394,0.860218997770405,0,0,0.781365814350925,1.23259887250509,0.169927088600022,-0.207698474525451,0.349545539005509,0.623631660646747,Attchd,0.288329974253473,0.145186110236195,0.745347864338558,1.13245638378369,-0.359600750132276,-0.103330530851366,-0.285935458023539,NONE,-0.0895919598967582,Normal,0.44693779307133,1,2,3,4,3,3,3,3,3,7,1,1,2,3,2,1,0,2,0.297607266471232,12.3480061414188,200603
667,60,RL,-1.72562055202678,1.05024834858084,Pave,NONE,Lvl,Inside,Gtl,NAmes,Norm,Norm,1Fam,2Story,6,5,1965,Plywood,Plywood,BrkCmn,0.0648904949654226,CBlock,187,723,111,1021,GasA,0.268289832918241,SBrkr,1.3496930921485,1.73775117021293,0,0,0.781365814350925,1.23259887250509,0.169927088600022,-0.207698474525451,0.349545539005509,0.623631660646747,CarPort,0.210484607176209,0.572102713377725,-0.740760408320604,3.21936912738458,-0.359600750132276,-0.103330530851366,-0.285935458023539,NONE,-0.0895919598967582,Abnorml,-2.23744784062252,1,3,2,2,2,3,1,3,3,1,2,3,2,3,2,1,0,1,0.297607266471232,11.7675676833438,200711
668,20,RL,0.216074820665833,-0.259092821300002,Pave,NONE,Lvl,Inside,Gtl,SawyerW,Norm,Norm,1Fam,1Story,6,5,1994,HdBoard,HdBoard,BrkFace,0.875743897380099,PConc,1138,0,270,1408,GasA,0.268289832918241,SBrkr,-0.785025043886639,0.352278078135881,1,0,0.781365814350925,-0.756321032880405,0.169927088600022,-0.207698474525451,0.349545539005509,0.623631660646747,Attchd,0.274985054183085,0.474654358312811,1.02992178889031,-0.0812091834168209,-0.359600750132276,-0.103330530851366,-0.285935458023539,NONE,-0.0895919598967582,Normal,0.44693779307133,1,2,2,4,3,3,2,3,3,7,6,1,2,3,3,1,0,2,0.297607266471232,12.173032791452,200802
669,20,RL,-1.72562055202678,0.508124038533322,Pave,NONE,Bnk,Corner,Mod,Sawyer,Norm,Norm,1Fam,1Story,5,6,1956,CemntBd,Wd Sdng,None,-0.567015949674981,CBlock,988,0,200,1188,GasA,0.268289832918241,SBrkr,-0.785025043886639,-0.126016484321531,1,0,-1.02736282330994,1.23259887250509,0.169927088600022,-0.207698474525451,-0.287758288825272,0.623631660646747,Detchd,0.286105820908408,0.479294756173045,1.66230828789421,-0.702842766617084,-0.359600750132276,-0.103330530851366,-0.285935458023539,NONE,-0.0895919598967582,Normal,-2.23744784062252,1,2,2,3,2,3,3,3,3,5,3,1,2,3,3,1,0,1,-0.250997476711292,12.0317192583854,200603
670,30,RL,0.664158368210282,0.181581325463767,Pave,NONE,Lvl,Inside,Gtl,Crawfor,Norm,Norm,1Fam,1Story,4,5,1922,MetalSd,MetalSd,None,-0.567015949674981,BrkTil,0,0,700,700,GasA,0.268289832918241,SBrkr,-0.785025043886639,-0.633957403956056,0,0,-1.02736282330994,-0.756321032880405,-1.04580127322219,-0.207698474525451,-0.925062116656053,0.623631660646747,Detchd,0.114846013338428,-1.02419415054278,-0.740760408320604,-0.702842766617084,0.683472895833843,-0.103330530851366,-0.285935458023539,NONE,-0.0895919598967582,Normal,0.44693779307133,1,2,2,4,1,3,4,3,2,7,1,1,2,3,3,1,0,1,-0.799602219893816,11.8313791960888,200610
671,60,RL,0.18620258416287,-0.194671967614823,Pave,NONE,Lvl,FR2,Gtl,CollgCr,Norm,Norm,1Fam,2Story,6,5,2005,VinylSd,VinylSd,None,-0.567015949674981,PConc,193,0,545,738,GasA,0.268289832918241,SBrkr,0.936747616653175,-0.0489359556610394,1,0,0.781365814350925,1.23259887250509,0.169927088600022,-0.207698474525451,0.349545539005509,-0.924311211315714,Attchd,0.299450740978796,0.31224043320462,0.0497227154342694,-0.184814780616865,-0.359600750132276,-0.103330530851366,-0.285935458023539,NONE,-0.0895919598967582,Normal,0.44693779307133,1,2,3,4,3,3,0,3,3,7,6,1,2,3,3,1,0,3,0.297607266471232,12.0639328783691,200905
672,70,RH,-0.112519780866763,-0.448804626640605,Pave,NONE,Lvl,Inside,Gtl,Edwards,Artery,Norm,1Fam,2Story,6,6,1925,Wd Sdng,Wd Sdng,None,-0.567015949674981,BrkTil,551,0,121,672,GasA,-3.72731232161413,SBrkr,0.782767947824411,-0.260413303524441,1,0,0.781365814350925,-0.756321032880405,0.169927088600022,-0.207698474525451,-0.287758288825272,-0.924311211315714,Detchd,0.132639240098946,-0.801455053251546,0.42124978359906,-0.702842766617084,-0.359600750132276,-0.103330530851366,-0.285935458023539,NONE,-0.0895919598967582,Normal,0.44693779307133,1,3,2,2,2,3,0,3,3,7,4,1,2,3,3,1,0,1,-0.250997476711292,11.5482926088075,200910
673,20,RL,-1.72562055202678,0.137196879027128,Pave,NONE,Lvl,Inside,Gtl,Veenker,Norm,Norm,1Fam,1Story,6,6,1977,Plywood,Plywood,None,-0.567015949674981,CBlock,767,0,441,1208,GasA,0.268289832918241,SBrkr,-0.785025043886639,-0.578617537225446,1,0,-1.02736282330994,1.23259887250509,0.169927088600022,-0.207698474525451,-0.287758288825272,0.623631660646747,Attchd,0.237174447316985,0.340082820366024,0.824396176714045,-0.0812091834168209,-0.359600750132276,-0.103330530851366,-0.285935458023539,NONE,-0.0895919598967582,Normal,-2.23744784062252,1,2,3,2,2,3,3,3,3,7,5,1,2,3,2,1,0,2,0.297607266471232,12.0137007528827,200609
674,20,RL,1.56032546329918,0.541983030529272,Pave,NONE,Lvl,Inside,Gtl,Crawfor,Norm,Norm,1Fam,1Story,6,7,1957,CemntBd,CmentBd,BrkFace,0.0257458479523003,PConc,1186,0,291,1477,GasA,0.268289832918241,SBrkr,-0.785025043886639,0.668505888025079,1,0,0.781365814350925,-0.756321032880405,0.169927088600022,-0.207698474525451,0.349545539005509,2.17157453260921,Attchd,0.192691380415692,-0.263168901464399,-0.740760408320604,0.584826798583461,-0.359600750132276,-0.103330530851366,3.274383622174,NONE,-0.0895919598967582,Normal,0.44693779307133,1,2,2,4,3,3,3,3,3,7,6,1,2,3,3,1,0,3,-0.250997476711292,12.4587749990859,200709
675,20,RL,0.664158368210282,-0.122769164387469,Pave,NONE,Lvl,Inside,Gtl,NAmes,Norm,Norm,1Fam,1Story,6,6,1965,HdBoard,HdBoard,None,-0.567015949674981,CBlock,892,0,244,1136,GasA,0.268289832918241,SBrkr,-0.785025043886639,-0.720920051675585,1,0,-1.02736282330994,-0.756321032880405,0.169927088600022,-0.207698474525451,-0.925062116656053,0.623631660646747,Attchd,0.210484607176209,-0.411661632991888,2.62669769887516,-0.702842766617084,-0.359600750132276,-0.103330530851366,-0.285935458023539,NONE,-0.0895919598967582,Normal,0.44693779307133,1,2,2,2,2,3,4,3,3,7,3,1,2,3,3,1,0,2,-0.250997476711292,11.8493977015914,200810
676,160,RL,-1.00868687595566,-0.999171762454923,Pave,NONE,Lvl,Inside,Gtl,NPkVill,Norm,Norm,Twnhs,2Story,6,6,1978,Plywood,Brk Cmn,None,-0.567015949674981,CBlock,311,0,544,855,GasA,0.268289832918241,SBrkr,0.582127773289961,-0.118110789074301,0,0,0.781365814350925,1.23259887250509,0.169927088600022,-0.207698474525451,0.349545539005509,0.623631660646747,Attchd,0.23939860066205,-0.151799352818783,-0.519425133669239,-0.702842766617084,-0.359600750132276,-0.103330530851366,-0.285935458023539,NONE,-0.0895919598967582,Normal,0.44693779307133,1,2,2,2,2,3,3,3,3,7,5,1,2,3,3,1,0,1,-0.250997476711292,11.9083402372249,200907
677,70,RM,0.0667136381510165,-0.0720440827455964,Pave,Grvl,Lvl,Inside,Gtl,OldTown,Norm,Norm,1Fam,2Story,4,2,1900,AsbShng,Stucco,None,-0.567015949674981,BrkTil,0,0,1095,1095,GasW,-3.72731232161413,SBrkr,0.799099124821401,0.540038340257592,1,0,0.781365814350925,-0.756321032880405,1.38565545042224,4.45593111885755,0.98684936683629,-0.924311211315714,2Types,0.110397706648299,1.42129552180055,-0.740760408320604,-0.702842766617084,1.0415429534043,-0.103330530851366,-0.285935458023539,NONE,-0.0895919598967582,Normal,0.44693779307133,1,2,2,1,2,2,0,2,2,5,1,1,0,3,3,1,0,1,-0.250997476711292,11.3736633976367,200608
678,30,RL,-0.172264253872689,-0.145341825718102,Pave,NONE,Lvl,Inside,Gtl,OldTown,Norm,Norm,1Fam,1Story,5,8,1924,VinylSd,VinylSd,None,-0.567015949674981,BrkTil,0,0,768,768,GasA,0.268289832918241,SBrkr,-0.785025043886639,-1.40080984293736,0,0,-1.02736282330994,-0.756321032880405,-1.04580127322219,-0.207698474525451,-0.925062116656053,-0.924311211315714,Detchd,0.119294320028558,-1.07987892486559,1.7571662627448,-0.702842766617084,1.50859085458316,-0.103330530851366,-0.285935458023539,NONE,-0.0895919598967582,Normal,0.44693779307133,1,2,3,4,3,3,0,2,2,7,1,1,0,3,3,1,0,1,-0.250997476711292,11.6036798282387,200908
679,20,RL,0.664158368210282,0.212523625265309,Pave,NONE,Lvl,Inside,Gtl,StoneBr,Norm,Norm,1Fam,1Story,8,5,2008,VinylSd,VinylSd,Stone,2.02771493805198,PConc,0,0,2046,2046,GasA,0.268289832918241,SBrkr,-0.785025043886639,1.07762561706923,0,0,0.781365814350925,1.23259887250509,0.169927088600022,-0.207698474525451,0.349545539005509,0.623631660646747,Attchd,0.30612320101399,1.67651740411342,1.80459525017009,0.51082280058343,-0.359600750132276,-0.103330530851366,-0.285935458023539,NONE,-0.0895919598967582,Partial,0.44693779307133,1,2,3,4,3,3,4,3,3,7,1,1,2,3,2,2,0,3,1.66911912442754,12.8279923168018,200910
680,20,RL,-1.72562055202678,-0.0282936998294813,Pave,NONE,Lvl,Inside,Gtl,Sawyer,Norm,Norm,1Fam,1Story,5,5,1961,Wd Sdng,Wd Sdng,BrkFace,-0.248266681139556,CBlock,827,0,161,988,GasA,0.268289832918241,SBrkr,-0.785025043886639,-1.01343077582309,1,0,-1.02736282330994,-0.756321032880405,0.169927088600022,-0.207698474525451,-0.925062116656053,-0.924311211315714,Detchd,0.20603630048608,0.460733164732109,-0.740760408320604,-0.702842766617084,-0.359600750132276,-0.103330530851366,-0.285935458023539,NONE,-0.0895919598967582,Normal,-2.23744784062252,1,2,2,2,2,3,0,3,3,7,3,1,2,3,2,1,0,1,-0.250997476711292,11.7636841833174,200702
681,120,RL,-0.232008726878616,-0.273422656863831,Pave,NONE,Lvl,Inside,Gtl,SawyerW,Norm,Norm,TwnhsE,1Story,6,5,1980,Plywood,Plywood,None,-0.567015949674981,CBlock,543,119,261,923,GasA,0.268289832918241,SBrkr,-0.785025043886639,-1.14189832359058,0,0,0.781365814350925,-0.756321032880405,-1.04580127322219,-0.207698474525451,-0.925062116656053,0.623631660646747,Attchd,0.243846907352179,-0.968509376219971,-0.108373909316705,-0.702842766617084,-0.359600750132276,-0.103330530851366,-0.285935458023539,NONE,-0.0895919598967582,Normal,0.44693779307133,1,2,2,2,2,3,3,3,3,7,4,4,2,3,3,1,0,2,0.297607266471232,11.870599909242,201008
682,50,RH,-0.0826475443637997,-0.718788873679472,Pave,Pave,Bnk,Inside,Gtl,SWISU,Norm,Norm,1Fam,1.5Fin,5,5,1932,VinylSd,Stucco,None,-0.567015949674981,BrkTil,182,0,611,793,GasA,0.268289832918241,SBrkr,0.782767947824411,0.0380266920584901,0,0,-1.02736282330994,-0.756321032880405,0.169927088600022,-0.207698474525451,-0.287758288825272,-0.924311211315714,Detchd,0.217157067211403,-0.889622612595993,-0.740760408320604,-0.702842766617084,0.512221998734928,-0.103330530851366,-0.285935458023539,NONE,-0.0895919598967582,Abnorml,0.44693779307133,1,2,2,4,2,3,0,3,3,7,3,1,2,3,1,1,0,1,-0.250997476711292,11.9793853224676,200910
683,120,RL,-1.72562055202678,-0.923337765400324,Pave,NONE,HLS,Inside,Gtl,ClearCr,Norm,Norm,1Fam,1Story,6,5,1996,Wd Sdng,Wd Sdng,None,-0.567015949674981,PConc,1003,0,288,1291,GasA,0.268289832918241,SBrkr,-0.785025043886639,-0.414574360845425,1,0,-1.02736282330994,-0.756321032880405,-1.04580127322219,-0.207698474525451,-0.287758288825272,0.623631660646747,Attchd,0.279433360873214,-0.193562933560889,1.68602278160686,-0.702842766617084,-0.359600750132276,-0.103330530851366,-0.285935458023539,NONE,-0.0895919598967582,Normal,-2.23744784062252,1,2,2,4,3,3,4,3,3,7,6,1,2,3,3,2,0,1,0.297607266471232,12.0610468734799,200803
684,20,RL,0.962880733239914,0.136943253618919,Pave,NONE,Lvl,Corner,Gtl,CollgCr,Norm,Norm,1Fam,1Story,9,5,2002,VinylSd,VinylSd,Stone,0.635283922870919,PConc,1059,0,567,1626,GasA,0.268289832918241,SBrkr,-0.785025043886639,0.330537416205998,1,0,0.781365814350925,-0.756321032880405,0.169927088600022,-0.207698474525451,0.349545539005509,0.623631660646747,Attchd,0.292778280943602,1.06398488656253,1.29078121972942,-0.0368067846168022,-0.359600750132276,-0.103330530851366,-0.285935458023539,NONE,-0.0895919598967582,Normal,0.44693779307133,1,2,3,4,3,3,3,3,3,7,6,1,2,3,2,3,0,3,0.297607266471232,12.5602444592508,200710
685,60,RL,0.00696916514509001,0.83720300568497,Pave,NONE,Lvl,CulDSac,Gtl,NoRidge,Norm,Norm,1Fam,2Story,7,5,1998,VinylSd,VinylSd,BrkFace,-0.399253176761599,PConc,0,0,1195,1195,GasA,0.268289832918241,SBrkr,0.717443239836451,0.668505888025079,0,0,0.781365814350925,1.23259887250509,1.38565545042224,-0.207698474525451,0.349545539005509,-0.924311211315714,Attchd,0.283881667563343,0.0616589487519824,-0.740760408320604,0.496022000983423,-0.359600750132276,-0.103330530851366,-0.285935458023539,NONE,-0.0895919598967582,Normal,0.44693779307133,1,2,3,3,2,3,0,3,3,7,1,1,2,3,1,1,0,3,0.297607266471232,12.3059179804999,201009
686,160,RL,-1.72562055202678,-0.647520133972641,Pave,NONE,Lvl,CulDSac,Gtl,StoneBr,Norm,Norm,TwnhsE,2Story,7,5,1984,HdBoard,HdBoard,None,-0.567015949674981,CBlock,828,182,180,1190,GasA,0.268289832918241,SBrkr,1.31469771286923,1.16458826478876,1,0,0.781365814350925,-0.756321032880405,0.169927088600022,-0.207698474525451,-0.287758288825272,0.623631660646747,Attchd,0.252743520732438,0.483935154033279,0.990397632702569,-0.702842766617084,-0.359600750132276,-0.103330530851366,-0.285935458023539,NONE,-0.0895919598967582,Normal,-2.23744784062252,1,2,3,3,3,3,3,3,3,6,6,2,2,3,2,2,0,3,0.297607266471232,12.2428866186529,200712
687,60,FV,0.783647314222135,0.00493122864594528,Pave,NONE,Lvl,Inside,Gtl,Somerst,Norm,Norm,1Fam,2Story,7,6,2007,VinylSd,VinylSd,None,-0.567015949674981,PConc,0,0,874,874,GasA,0.268289832918241,SBrkr,1.28436838416054,0.514344830704095,0,0,2.59009445201179,-0.756321032880405,0.169927088600022,-0.207698474525451,0.349545539005509,-0.924311211315714,Attchd,0.303899047668925,0.488575551893513,0.397535289886414,0.851241191383573,-0.359600750132276,-0.103330530851366,-0.285935458023539,NONE,-0.0895919598967582,Partial,0.44693779307133,1,2,3,4,3,3,0,3,3,7,1,1,2,3,3,1,0,3,0.297607266471232,12.336552511981,200711
688,160,FV,-1.72562055202678,-0.64206718769614,Pave,NONE,Lvl,FR2,Gtl,Somerst,Norm,Norm,TwnhsE,2Story,7,5,2004,MetalSd,MetalSd,None,-0.567015949674981,PConc,239,0,312,551,GasA,0.268289832918241,SBrkr,0.500471888305011,-0.78811846127704,0,0,0.781365814350925,1.23259887250509,-1.04580127322219,-0.207698474525451,-1.56236594448683,-0.924311211315714,Detchd,0.297226587633731,0.0338165615905783,-0.740760408320604,0.185205209383292,-0.359600750132276,-0.103330530851366,-0.285935458023539,NONE,-0.0895919598967582,Normal,-2.23744784062252,1,2,3,4,3,3,0,3,3,7,6,1,2,3,1,1,0,1,0.297607266471232,11.9103584013811,200706
689,20,RL,0.0667136381510165,-0.26365807864777,Pave,NONE,HLS,Inside,Gtl,StoneBr,Norm,Norm,1Fam,1Story,8,6,2007,MetalSd,MetalSd,BrkFace,-0.567015949674981,PConc,945,0,474,1419,GasA,0.268289832918241,SBrkr,-0.785025043886639,-0.161592112934066,1,0,0.781365814350925,-0.756321032880405,-1.04580127322219,-0.207698474525451,0.349545539005509,0.623631660646747,Attchd,0.303899047668925,0.437531175430938,0.365915964936219,-0.702842766617084,-0.359600750132276,-0.103330530851366,-0.285935458023539,NONE,-0.0895919598967582,Partial,0.44693779307133,1,2,3,4,3,3,4,3,3,7,6,1,2,3,3,3,0,2,0.297607266471232,12.8790171187726,200702
690,120,RL,0.0965858746539798,-0.328586183149367,Pave,NONE,Lvl,Corner,Gtl,NridgHt,Norm,Norm,TwnhsE,1Story,6,5,2005,VinylSd,VinylSd,Stone,0.864559712519207,PConc,20,0,1342,1362,GasA,0.268289832918241,SBrkr,-0.785025043886639,-0.274248270207093,0,0,0.781365814350925,-0.756321032880405,-1.04580127322219,-0.207698474525451,-0.287758288825272,0.623631660646747,Attchd,0.299450740978796,-0.0589913956141022,0.776967189288753,-0.288420377816909,-0.359600750132276,-0.103330530851366,-0.285935458023539,NONE,-0.0895919598967582,Normal,0.44693779307133,1,2,3,4,3,3,4,3,3,7,5,1,2,3,2,3,0,2,0.297607266471232,12.1792151913603,200709
691,120,RM,-1.72562055202678,-0.728173013783219,Pave,NONE,Lvl,Inside,Gtl,CollgCr,Norm,Norm,TwnhsE,1Story,6,5,2004,VinylSd,VinylSd,BrkFace,0.255021637600588,PConc,697,0,151,848,GasA,0.268289832918241,SBrkr,-0.785025043886639,-1.29013010947614,1,0,-1.02736282330994,-0.756321032880405,-2.26152963504441,-0.207698474525451,-2.19966977231761,0.623631660646747,Attchd,0.297226587633731,-0.244607310023463,0.437059446074157,-0.702842766617084,-0.359600750132276,-0.103330530851366,-0.285935458023539,NONE,-0.0895919598967582,Normal,-2.23744784062252,1,2,3,4,3,3,3,3,3,7,6,1,2,3,3,4,0,2,0.297607266471232,11.8565151693603,200808
692,60,RL,1.3810920442814,1.44146554074378,Pave,NONE,Lvl,Corner,Gtl,NoRidge,Norm,Norm,1Fam,2Story,10,6,1994,HdBoard,HdBoard,BrkFace,5.97573219394689,PConc,1455,0,989,2444,GasA,0.268289832918241,SBrkr,3.58239829016557,5.56410766987223,0,1,2.59009445201179,1.23259887250509,1.38565545042224,-0.207698474525451,2.26145702249785,2.17157453260921,Attchd,0.274985054183085,1.66723660839295,2.27888512442301,0.0371972133832291,-0.359600750132276,-0.103330530851366,-0.285935458023539,NONE,-0.0895919598967582,Normal,0.44693779307133,1,2,4,4,4,3,5,3,3,7,6,1,2,3,2,4,0,3,1.66911912442754,13.5344730282312,200701
693,60,RL,-0.470986618902322,2.03025692590181,Pave,NONE,Lvl,Inside,Mod,Timber,Norm,Norm,1Fam,2Story,7,5,1989,MetalSd,MetalSd,BrkFace,1.07146713244571,PConc,965,0,245,1210,GasA,0.268289832918241,SBrkr,2.20358034656255,2.01247408005417,1,0,0.781365814350925,1.23259887250509,1.38565545042224,-0.207698474525451,1.62415319466707,2.17157453260921,Attchd,0.263864287457761,0.720595444905214,1.78878558769499,-0.303221177416915,-0.359600750132276,-0.103330530851366,-0.285935458023539,NONE,-0.0895919598967582,Normal,0.44693779307133,1,2,3,4,3,3,4,3,3,7,6,1,2,3,2,4,0,2,0.297607266471232,12.7218858108072,200607
694,30,RL,0.0667136381510165,-0.604657439985259,Pave,NONE,Lvl,Corner,Sev,OldTown,Norm,Norm,1Fam,1Story,5,6,1921,MetalSd,MetalSd,None,-0.567015949674981,BrkTil,0,0,1073,1073,GasA,0.268289832918241,SBrkr,-0.785025043886639,-0.845434751819457,0,0,-1.02736282330994,-0.756321032880405,-1.04580127322219,-0.207698474525451,-1.56236594448683,-0.924311211315714,Detchd,0.217157067211403,-0.680804708885462,-0.740760408320604,-0.702842766617084,1.38404474760213,-0.103330530851366,-0.285935458023539,NONE,-0.0895919598967582,Abnorml,0.44693779307133,1,2,2,4,2,3,0,3,3,7,1,1,2,3,3,1,0,1,-0.250997476711292,11.5943211031742,200604
695,50,RM,-0.202136490375653,-0.513352293029888,Pave,NONE,Lvl,Corner,Gtl,BrkSide,Norm,Norm,1Fam,1.5Fin,5,6,1936,Wd Sdng,Wd Sdng,None,-0.567015949674981,BrkTil,0,0,927,927,GasA,0.268289832918241,SBrkr,0.316162890767551,0.0755787444828324,0,0,-1.02736282330994,1.23259887250509,0.169927088600022,-0.207698474525451,-0.925062116656053,-0.924311211315714,Detchd,0.277209207528149,0.479294756173045,0.144580690284854,-0.702842766617084,-0.359600750132276,-0.103330530851366,-0.285935458023539,MnPrv,-0.0895919598967582,Normal,0.44693779307133,1,1,2,2,2,3,0,3,3,7,1,1,2,3,3,1,0,1,-0.250997476711292,11.8600549960654,200907
696,20,RL,-0.112519780866763,0.461964214239218,Pave,NONE,Lvl,Inside,Gtl,Timber,Norm,Norm,1Fam,1Story,6,6,1987,HdBoard,HdBoard,BrkFace,-0.164385294682865,CBlock,980,40,92,1112,GasA,0.268289832918241,SBrkr,-0.785025043886639,-0.718943627863778,1,0,0.781365814350925,-0.756321032880405,-1.04580127322219,-0.207698474525451,-0.925062116656053,0.623631660646747,Attchd,0.259415980767632,0.363284809667194,0.247343496372988,-0.702842766617084,-0.359600750132276,-0.103330530851366,-0.285935458023539,NONE,-0.0895919598967582,Normal,0.44693779307133,1,2,2,3,3,4,3,3,3,7,6,2,2,3,2,1,0,1,0.297607266471232,12.0782392740203,200610
697,30,RM,-0.232008726878616,-0.52856981752245,Pave,NONE,Lvl,Inside,Gtl,BrkSide,Norm,Norm,1Fam,1Story,5,7,1921,Wd Sdng,Wd Shng,None,-0.567015949674981,CBlock,616,0,0,616,GasA,0.268289832918241,SBrkr,-0.785025043886639,-1.74866043381548,0,0,-1.02736282330994,-0.756321032880405,-1.04580127322219,-0.207698474525451,-1.56236594448683,-0.924311211315714,Detchd,0.112621859993364,-1.24229284997378,-0.740760408320604,-0.702842766617084,1.64870522493682,-0.103330530851366,-0.285935458023539,NONE,-0.0895919598967582,Normal,0.44693779307133,1,2,2,3,2,3,0,3,3,7,2,1,2,3,3,1,0,1,-0.250997476711292,11.3963916487143,200609
698,20,RL,-0.0229030713578732,-0.475308481798484,Pave,NONE,Lvl,Inside,Gtl,Edwards,Norm,Norm,1Fam,1Story,5,7,1952,Wd Sdng,Wd Sdng,None,-0.567015949674981,PConc,210,551,219,980,GasA,0.268289832918241,FuseA,-0.785025043886639,-0.697202965933896,0,1,-1.02736282330994,-0.756321032880405,-1.04580127322219,-0.207698474525451,-0.287758288825272,-0.924311211315714,Detchd,0.181570613690368,-0.764331870369674,-0.740760408320604,-0.702842766617084,-0.359600750132276,-0.103330530851366,-0.285935458023539,NONE,-0.0895919598967582,Normal,0.44693779307133,1,2,2,1,2,4,0,3,3,7,2,5,2,3,2,2,0,1,1.66911912442754,11.7239964350502,200612
699,20,RL,0.216074820665833,-0.21787869246598,Pave,NONE,Lvl,Inside,Gtl,Sawyer,RRAe,Norm,1Fam,1Story,5,8,1965,MetalSd,MetalSd,None,-0.567015949674981,CBlock,553,117,224,894,GasA,0.268289832918241,SBrkr,-0.785025043886639,-1.199214614133,1,0,-1.02736282330994,-0.756321032880405,0.169927088600022,-0.207698474525451,-0.925062116656053,0.623631660646747,Detchd,0.228277833936727,-0.634400730283121,2.54764938649967,1.42847237578382,-0.359600750132276,-0.103330530851366,-0.285935458023539,MnPrv,-0.0895919598967582,Normal,0.44693779307133,1,3,2,4,2,3,4,3,3,7,6,4,2,3,3,1,0,1,-0.250997476711292,11.8386256046095,201007
700,120,FV,0.0368414016480533,-0.746434043174293,Pave,Pave,Lvl,Inside,Gtl,Somerst,Norm,Norm,TwnhsE,1Story,7,5,2004,MetalSd,MetalSd,None,-0.567015949674981,PConc,16,0,1375,1391,GasA,0.268289832918241,SBrkr,-0.785025043886639,-0.216931979664676,0,0,0.781365814350925,-0.756321032880405,-1.04580127322219,-0.207698474525451,-0.925062116656053,-0.924311211315714,Attchd,0.297226587633731,0.26583645460228,0.492393264736998,1.63568357018391,-0.359600750132276,-0.103330530851366,-0.285935458023539,NONE,-0.0895919598967582,Normal,0.44693779307133,1,2,3,4,3,3,0,3,3,7,6,1,2,3,1,2,0,2,0.297607266471232,12.1858699382127,200810
701,20,RL,0.813519550725098,0.527906820373652,Pave,NONE,Lvl,Inside,Gtl,Timber,Norm,Norm,1Fam,1Story,8,5,2002,VinylSd,VinylSd,BrkFace,2.95600228150603,PConc,1274,0,526,1800,GasA,0.268289832918241,SBrkr,-0.785025043886639,0.591425359364587,1,0,0.781365814350925,-0.756321032880405,0.169927088600022,-0.207698474525451,0.349545539005509,0.623631660646747,Attchd,0.292778280943602,1.35632995175728,1.39354402581755,0.451619602183404,-0.359600750132276,-0.103330530851366,-0.285935458023539,NONE,-0.0895919598967582,Normal,0.44693779307133,1,2,3,4,3,3,4,3,3,7,6,1,2,3,3,4,0,3,1.66911912442754,12.6523597481586,200608
702,20,RL,0.664158368210282,-0.0720440827455964,Pave,NONE,Lvl,Inside,Gtl,NWAmes,Norm,Norm,1Fam,1Story,7,5,1969,HdBoard,HdBoard,BrkFace,0.372455578639955,CBlock,0,0,1164,1164,GasA,0.268289832918241,SBrkr,-0.785025043886639,-0.665580184944976,0,0,-1.02736282330994,1.23259887250509,0.169927088600022,-0.207698474525451,-0.287758288825272,-0.924311211315714,Attchd,0.219381220556468,0.256555658881811,-0.740760408320604,-0.702842766617084,-0.359600750132276,-0.103330530851366,-0.285935458023539,NONE,-0.0895919598967582,Normal,0.44693779307133,1,2,2,2,2,3,0,3,3,7,1,1,2,3,3,1,0,1,-0.250997476711292,11.8493977015914,200610
703,60,RL,0.723902841216208,0.28785037150349,Pave,NONE,Lvl,Inside,Gtl,StoneBr,Norm,Norm,1Fam,2Story,8,5,2006,VinylSd,VinylSd,BrkFace,2.03889912291288,PConc,0,0,1234,1234,GasA,0.268289832918241,SBrkr,2.27590413040636,2.1251302373272,0,0,0.781365814350925,1.23259887250509,1.38565545042224,-0.207698474525451,2.26145702249785,0.623631660646747,BuiltIn,0.301674894323861,0.896930563594107,1.82040491264519,0.777237193383542,-0.359600750132276,-0.103330530851366,-0.285935458023539,NONE,-0.0895919598967582,Partial,0.44693779307133,1,2,4,4,4,4,4,3,3,7,1,1,2,3,2,1,0,3,1.66911912442754,12.7991757088645,200610
704,190,RM,0.544669422198429,-0.321865109831819,Pave,NONE,Lvl,Inside,Gtl,OldTown,Feedr,Norm,2fmCon,2Story,5,9,1900,Wd Sdng,Wd Sdng,None,-0.567015949674981,BrkTil,0,0,360,360,GasA,0.268289832918241,SBrkr,1.03473467863512,0.615142445106277,0,0,0.781365814350925,-0.756321032880405,1.38565545042224,4.45593111885755,0.98684936683629,0.623631660646747,Detchd,0.286105820908408,0.924772950755511,1.97850153739616,-0.702842766617084,0.26312978477287,-0.103330530851366,-0.285935458023539,MnPrv,-0.0895919598967582,Normal,0.44693779307133,1,3,2,3,3,3,1,3,3,7,1,1,0,3,3,1,0,1,0.297607266471232,11.8493977015914,201008
705,20,RL,0.365436003180649,-0.224219327671214,Pave,NONE,Lvl,Inside,Gtl,CollgCr,Norm,Norm,1Fam,1Story,7,5,2004,VinylSd,VinylSd,BrkFace,0.0425221252436384,PConc,712,0,761,1473,GasA,0.268289832918241,SBrkr,-0.785025043886639,-0.0331245651665795,1,0,0.781365814350925,-0.756321032880405,0.169927088600022,-0.207698474525451,0.349545539005509,-0.924311211315714,Attchd,0.297226587633731,0.618506691980065,-0.740760408320604,-0.184814780616865,-0.359600750132276,5.61461865502804,-0.285935458023539,NONE,-0.0895919598967582,Normal,0.44693779307133,1,2,3,4,3,3,0,3,3,7,6,1,2,3,3,3,0,2,0.297607266471232,12.2690474446916,201008
706,190,RM,0.365436003180649,-0.579294899164323,Pave,NONE,Lvl,Inside,Gtl,IDOTRR,Norm,Norm,2fmCon,2Story,4,5,1930,VinylSd,Wd Shng,None,-0.567015949674981,Slab,0,0,0,0,GasA,-3.72731232161413,SBrkr,0.894753161518058,-0.807882699395115,0,0,0.781365814350925,-0.756321032880405,0.169927088600022,4.45593111885755,0.349545539005509,-0.924311211315714,NONE,-4.15997671587587,-2.19357441132175,-0.740760408320604,-0.702842766617084,-0.359600750132276,-0.103330530851366,-0.285935458023539,NONE,6.07992872468497,Normal,0.44693779307133,0,1,1,1,1,0,0,0,0,4,0,0,0,3,3,0,0,0,-4.91413779376274,10.9150884642146,201010
707,20,RL,-1.72562055202678,13.3129100227994,Pave,NONE,Low,CulDSac,Sev,ClearCr,Norm,Norm,1Fam,1Story,7,5,1971,Plywood,Plywood,Stone,1.39580849341158,CBlock,1219,0,424,1643,GasA,0.268289832918241,SBrkr,-0.785025043886639,0.638859530847967,1,0,0.781365814350925,-0.756321032880405,-1.04580127322219,-0.207698474525451,-0.925062116656053,2.17157453260921,Attchd,0.223829527246597,1.23567960739119,2.26307546194791,0.00759561418321662,-0.359600750132276,-0.103330530851366,-0.285935458023539,NONE,-0.0895919598967582,Normal,-2.23744784062252,1,2,2,2,3,3,3,3,3,7,6,1,2,3,1,4,0,1,0.297607266471232,12.618182296357,200709
708,120,RL,-0.291753199884543,-0.498134768537326,Pave,NONE,Lvl,Inside,Gtl,NridgHt,Norm,Norm,TwnhsE,1Story,8,5,2006,MetalSd,MetalSd,BrkFace,0.417192318083524,PConc,863,0,461,1324,GasA,0.268289832918241,SBrkr,-0.785025043886639,-0.349352375055778,1,0,0.781365814350925,-0.756321032880405,-1.04580127322219,-0.207698474525451,-0.287758288825272,0.623631660646747,Attchd,0.301674894323861,0.35864441180696,0.776967189288753,-0.140412381816846,-0.359600750132276,-0.103330530851366,-0.285935458023539,NONE,-0.0895919598967582,Normal,0.44693779307133,1,2,3,4,3,3,4,3,3,7,6,1,2,3,3,1,0,3,0.297607266471232,12.4450895460007,200904
709,60,RL,0.216074820665833,-0.145849076534521,Pave,NONE,Lvl,Inside,Gtl,Gilbert,Norm,Norm,1Fam,2Story,7,5,2007,VinylSd,VinylSd,None,-0.567015949674981,PConc,0,0,728,728,GasA,0.268289832918241,SBrkr,0.913417363800332,-0.0884644318971892,0,0,0.781365814350925,1.23259887250509,0.169927088600022,-0.207698474525451,0.98684936683629,0.623631660646747,Attchd,0.303899047668925,-0.337415267228144,0.0497227154342694,-0.347623576216934,-0.359600750132276,-0.103330530851366,-0.285935458023539,NONE,-0.0895919598967582,Partial,0.44693779307133,1,2,3,4,3,3,4,3,3,7,1,1,2,3,2,3,0,3,0.297607266471232,12.0981533033107,200710
710,20,RL,-1.72562055202678,-0.38121345535281,Pave,NONE,Lvl,Inside,Gtl,Sawyer,Norm,Norm,1Fam,1Story,5,7,1966,HdBoard,HdBoard,BrkCmn,-0.337740160026693,PConc,0,0,876,876,GasA,0.268289832918241,SBrkr,-0.785025043886639,-1.17945037601492,0,0,-1.02736282330994,-0.756321032880405,0.169927088600022,-0.207698474525451,-0.287758288825272,-0.924311211315714,Attchd,0.212708760521274,-0.300292084346272,-0.740760408320604,-0.702842766617084,-0.359600750132276,-0.103330530851366,-0.285935458023539,MnPrv,-0.0895919598967582,Abnorml,-2.23744784062252,1,2,2,2,2,3,0,3,3,7,1,1,2,3,2,1,0,1,-0.250997476711292,11.6073261403917,200804
711,30,RL,-0.0527753078608365,-0.765709574198204,Pave,NONE,Lvl,Inside,Gtl,BrkSide,Norm,Norm,1Fam,1Story,3,6,1935,VinylSd,VinylSd,None,-0.567015949674981,CBlock,0,0,270,270,GasA,0.268289832918241,SBrkr,-0.785025043886639,-1.52532454308123,0,0,-1.02736282330994,-0.756321032880405,-1.04580127322219,-0.207698474525451,-0.925062116656053,-0.924311211315714,NONE,-4.15997671587587,-2.19357441132175,-0.740760408320604,-0.702842766617084,-0.359600750132276,-0.103330530851366,-0.285935458023539,NONE,-0.0895919598967582,Normal,0.44693779307133,1,2,3,3,2,3,0,0,0,2,1,1,0,3,2,1,0,0,-0.250997476711292,10.8589989975636,200810
712,50,C (all),0.245947057168796,-0.184653763990554,Pave,Pave,HLS,Inside,Mod,IDOTRR,Norm,Norm,1Fam,1.5Fin,4,7,1900,MetalSd,MetalSd,None,-0.567015949674981,Stone,0,0,859,859,GasA,0.268289832918241,SBrkr,-0.040789977880947,-0.637910251579671,0,0,-1.02736282330994,-0.756321032880405,-1.04580127322219,-0.207698474525451,0.349545539005509,-0.924311211315714,Detchd,0.208260453831144,-0.411661632991888,-0.20323188416729,-0.702842766617084,1.16608906038533,-0.103330530851366,-0.285935458023539,NONE,-0.0895919598967582,Abnorml,0.44693779307133,1,2,2,3,2,3,0,3,3,7,1,1,0,3,3,2,0,2,-0.250997476711292,11.5403071417114,201001
713,120,RL,-0.530731091908249,-0.697103901277572,Pave,NONE,HLS,Inside,Gtl,StoneBr,Norm,Norm,TwnhsE,1Story,8,5,1988,HdBoard,HdBoard,None,-0.567015949674981,PConc,767,0,461,1228,GasA,0.268289832918241,SBrkr,-0.785025043886639,-0.539089060989297,1,0,0.781365814350925,-0.756321032880405,-1.04580127322219,-0.207698474525451,-0.925062116656053,0.623631660646747,Attchd,0.261640134112697,-0.00330662129129393,0.587251239587583,1.07325318538367,-0.359600750132276,-0.103330530851366,-0.285935458023539,NONE,-0.0895919598967582,Normal,0.44693779307133,1,2,3,3,3,3,4,3,3,7,6,1,2,3,2,2,0,3,0.297607266471232,12.1495022940418,200802
714,190,RL,0.0667136381510165,-0.0374242145250184,Pave,NONE,Lvl,Inside,Gtl,BrkSide,RRAn,Norm,2fmCon,1Story,4,5,1970,HdBoard,HdBoard,BrkFace,0.327718839196387,CBlock,789,0,171,960,GasW,-3.72731232161413,SBrkr,-0.785025043886639,-1.0687706425537,1,0,-1.02736282330994,-0.756321032880405,0.169927088600022,-0.207698474525451,-0.287758288825272,-0.924311211315714,Detchd,0.221605373901533,0.479294756173045,-0.740760408320604,3.55978751818472,-0.359600750132276,-0.103330530851366,-0.285935458023539,NONE,-0.0895919598967582,Normal,0.44693779307133,1,2,2,2,2,3,0,3,3,7,5,1,2,3,3,3,0,1,-0.250997476711292,11.7675676833438,200608
715,60,RL,-1.72562055202678,0.424681279232441,Pave,NONE,Lvl,CulDSac,Gtl,Sawyer,RRAe,Norm,1Fam,2Story,6,8,1976,HdBoard,Plywood,BrkFace,1.04909876272393,CBlock,533,0,192,725,GasA,0.268289832918241,SBrkr,0.974076021217724,-0.0430066842256169,0,0,0.781365814350925,1.23259887250509,0.169927088600022,-0.207698474525451,-0.287758288825272,-0.924311211315714,Attchd,0.234950293971921,0.0106145722894081,-0.740760408320604,-0.0516075842168084,-0.359600750132276,-0.103330530851366,-0.285935458023539,NONE,-0.0895919598967582,Normal,-2.23744784062252,1,2,3,4,3,3,0,3,3,7,6,1,2,3,2,1,0,2,-0.250997476711292,11.7791285057449,201006
716,20,RL,0.604413895204355,-0.00356522252906838,Pave,NONE,Lvl,Inside,Gtl,NWAmes,Norm,Norm,1Fam,1Story,6,5,1974,HdBoard,HdBoard,BrkFace,0.406008133222631,CBlock,0,0,1064,1064,GasA,0.268289832918241,SBrkr,-0.785025043886639,-0.297965355948783,0,0,0.781365814350925,-0.756321032880405,0.169927088600022,-0.207698474525451,0.349545539005509,0.623631660646747,Attchd,0.230501987281791,0.0245357658701102,-0.740760408320604,-0.702842766617084,-0.359600750132276,-0.103330530851366,-0.285935458023539,MnPrv,-0.0895919598967582,Normal,0.44693779307133,1,2,2,2,2,3,3,3,3,7,1,1,2,3,3,1,0,2,0.297607266471232,12.0137007528827,200911
717,70,RM,0.0667136381510165,0.0801311621800214,Pave,Grvl,Bnk,Inside,Gtl,OldTown,Norm,Norm,1Fam,2Story,7,8,1890,Wd Sdng,VinylSd,None,-0.567015949674981,BrkTil,0,0,718,718,GasA,0.268289832918241,SBrkr,1.49667368512141,2.08164891346743,0,0,-1.02736282330994,1.23259887250509,0.169927088600022,-0.207698474525451,0.98684936683629,-0.924311211315714,Detchd,0.279433360873214,1.073265682283,-0.740760408320604,0.00759561418321662,1.86666091215362,-0.103330530851366,-0.285935458023539,NONE,-0.0895919598967582,Normal,0.44693779307133,1,3,2,4,2,3,0,3,3,7,1,1,1,3,3,1,0,1,-0.250997476711292,11.979799201207,200710
718,20,RL,0.664158368210282,-0.0213190011037238,Pave,NONE,Lvl,Inside,Gtl,NWAmes,Norm,Norm,1Fam,1Story,5,6,1973,HdBoard,HdBoard,None,-0.567015949674981,CBlock,1084,0,92,1176,GasA,0.268289832918241,SBrkr,-0.785025043886639,-0.637910251579671,0,1,-1.02736282330994,1.23259887250509,0.169927088600022,-0.207698474525451,-0.925062116656053,0.623631660646747,Attchd,0.228277833936727,-0.156439750679017,1.02992178889031,-0.702842766617084,-0.359600750132276,-0.103330530851366,-0.285935458023539,MnPrv,-0.0895919598967582,Normal,0.44693779307133,1,2,2,3,3,3,2,3,3,7,4,1,2,3,3,1,0,1,0.297607266471232,11.9640010843304,200803
719,60,RL,1.14211415225769,0.0474134845210136,Pave,NONE,Lvl,Inside,Gtl,NoRidge,Norm,Norm,1Fam,2Story,7,5,1993,Wd Sdng,ImStucc,BrkFace,3.0734362225454,PConc,1173,0,138,1311,GasA,0.268289832918241,SBrkr,1.7649715929291,1.81285527506161,1,0,0.781365814350925,1.23259887250509,0.169927088600022,-0.207698474525451,1.62415319466707,0.623631660646747,Attchd,0.27276090083802,2.36793668528829,1.23544740106658,1.57648037178388,3.00314413835551,-0.103330530851366,-0.285935458023539,NONE,-0.0895919598967582,Normal,0.44693779307133,1,2,3,4,3,3,3,3,3,7,6,1,2,3,3,4,0,2,0.297607266471232,12.7396377562657,200811
720,20,RL,0.335563766677686,-0.0314640174320983,Pave,NONE,Lvl,Inside,Gtl,CollgCr,Norm,Norm,1Fam,1Story,5,6,1969,HdBoard,Plywood,None,-0.567015949674981,CBlock,523,0,448,971,GasA,0.268289832918241,SBrkr,-0.785025043886639,-1.04702998062382,0,0,-1.02736282330994,1.23259887250509,0.169927088600022,-0.207698474525451,-0.925062116656053,0.623631660646747,Attchd,0.219381220556468,-0.801455053251546,-0.740760408320604,-0.702842766617084,-0.359600750132276,-0.103330530851366,-0.285935458023539,NONE,-0.0895919598967582,Normal,0.44693779307133,1,2,2,2,2,3,1,3,3,7,5,1,2,3,2,4,0,1,0.297607266471232,11.7636841833174,200608
721,120,RL,-1.72562055202678,-0.457174265111514,Pave,NONE,Low,CulDSac,Mod,StoneBr,Norm,Norm,1Fam,1Story,8,5,1985,HdBoard,HdBoard,None,-0.567015949674981,PConc,1148,0,594,1742,GasA,0.268289832918241,SBrkr,-0.785025043886639,0.476792778279753,1,0,0.781365814350925,-0.756321032880405,-1.04580127322219,-0.207698474525451,-0.925062116656053,0.623631660646747,Attchd,0.254967674077503,0.423609981850236,0.160390352759952,-0.288420377816909,3.28337287906283,-0.103330530851366,-0.285935458023539,NONE,-0.0895919598967582,Normal,-2.23744784062252,1,2,3,2,3,3,3,3,3,7,6,1,2,3,2,4,0,2,0.297607266471232,12.5245263766487,200604
722,120,RM,-1.72562055202678,-0.728173013783219,Pave,NONE,Lvl,Inside,Gtl,CollgCr,Norm,Norm,TwnhsE,1Story,6,5,2004,VinylSd,VinylSd,BrkFace,0.378047671070401,PConc,662,0,186,848,GasA,0.268289832918241,SBrkr,-0.785025043886639,-1.29013010947614,1,0,-1.02736282330994,-0.756321032880405,-2.26152963504441,-0.207698474525451,-2.19966977231761,-0.924311211315714,Attchd,0.297226587633731,-0.244607310023463,0.524012589687193,-0.702842766617084,-0.359600750132276,-0.103330530851366,-0.285935458023539,NONE,-0.0895919598967582,Normal,-2.23744784062252,1,2,3,4,3,3,0,3,3,7,6,1,2,3,3,3,0,2,0.297607266471232,11.870599909242,201008
723,20,RL,0.365436003180649,-0.259726884820525,Pave,NONE,Lvl,Inside,Gtl,NAmes,Norm,Norm,1Fam,1Story,4,7,1970,MetalSd,MetalSd,None,-0.567015949674981,CBlock,191,0,673,864,GasA,0.268289832918241,SBrkr,-0.785025043886639,-1.25850732848722,0,0,-1.02736282330994,-0.756321032880405,0.169927088600022,-0.207698474525451,-0.925062116656053,-0.924311211315714,Detchd,0.274985054183085,-0.0450702020334002,-0.740760408320604,-0.702842766617084,-0.359600750132276,-0.103330530851366,-0.285935458023539,NONE,-0.0895919598967582,Normal,0.44693779307133,1,3,2,4,2,3,0,3,3,7,5,1,2,3,3,1,0,1,-0.250997476711292,11.7320609948869,200910
724,50,RL,0.0667136381510165,-0.253132624207082,Pave,NONE,Lvl,Inside,Gtl,Edwards,Norm,Norm,1Fam,1.5Fin,4,6,1954,MetalSd,MetalSd,None,-0.567015949674981,PConc,0,0,941,941,GasA,0.268289832918241,SBrkr,0.318495916052835,-0.0607944985318843,0,0,0.781365814350925,-0.756321032880405,1.38565545042224,-0.207698474525451,0.349545539005509,-0.924311211315714,Detchd,0.194915533760756,0.349363616086492,-0.740760408320604,-0.702842766617084,-0.359600750132276,-0.103330530851366,2.49111342453054,NONE,-0.0895919598967582,Normal,0.44693779307133,1,2,2,4,2,3,0,3,3,7,1,1,2,3,3,1,0,1,-0.250997476711292,11.8130300574206,200808
725,20,RL,0.843391787228061,0.39538754458426,Pave,NONE,Lvl,Inside,Gtl,Edwards,Norm,Norm,1Fam,1Story,9,5,2007,CemntBd,CmentBd,Stone,1.33429547667668,PConc,1234,0,464,1698,GasA,0.268289832918241,SBrkr,-0.785025043886639,0.389830130560223,1,0,0.781365814350925,-0.756321032880405,0.169927088600022,-0.207698474525451,0.98684936683629,0.623631660646747,Attchd,0.303899047668925,1.37025114533798,1.84411940635783,0.244408407783317,-0.359600750132276,-0.103330530851366,-0.285935458023539,NONE,-0.0895919598967582,Normal,0.44693779307133,1,2,4,4,4,3,4,3,3,7,6,1,2,3,2,1,0,3,1.66911912442754,12.6760762747759,200905
726,20,RL,0.0667136381510165,-0.406829621581956,Pave,NONE,Lvl,Inside,Gtl,NAmes,Norm,Norm,1Fam,1Story,4,6,1970,HdBoard,Plywood,None,-0.567015949674981,CBlock,375,239,250,864,GasA,0.268289832918241,SBrkr,-0.785025043886639,-1.25850732848722,0,0,-1.02736282330994,-0.756321032880405,0.169927088600022,-0.207698474525451,-0.925062116656053,-0.924311211315714,Detchd,0.263864287457761,0.869088176432703,0.0181033904840744,-0.702842766617084,-0.359600750132276,-0.103330530851366,-0.285935458023539,NONE,0.791768137900632,Normal,0.44693779307133,1,2,2,2,3,3,0,3,3,7,5,4,2,3,3,1,0,1,-0.250997476711292,11.6994050319128,200903
727,20,RL,-1.72562055202678,1.46175557340053,Pave,NONE,Lvl,Corner,Gtl,Crawfor,Norm,Norm,1Fam,1Story,6,9,1988,Wd Sdng,Plywood,BrkFace,0.886928082240991,CBlock,808,0,72,880,GasA,0.268289832918241,SBrkr,-0.785025043886639,0.354254501947688,1,0,0.781365814350925,-0.756321032880405,0.169927088600022,-0.207698474525451,-0.925062116656053,0.623631660646747,Attchd,0.261640134112697,0.31224043320462,1.56745031304363,-0.0516075842168084,-0.359600750132276,7.12352191241288,-0.285935458023539,NONE,-0.0895919598967582,Normal,-2.23744784062252,1,3,3,4,3,3,4,3,3,7,6,1,2,3,2,1,0,3,0.297607266471232,12.3104326608544,200904
728,20,RL,0.18620258416287,-0.361937924328898,Pave,NONE,Lvl,Inside,Gtl,CollgCr,Norm,Norm,1Fam,1Story,7,5,2007,VinylSd,VinylSd,Stone,-0.108464370378405,PConc,724,0,508,1232,GasA,0.268289832918241,SBrkr,-0.785025043886639,-0.531183365742067,1,0,0.781365814350925,-0.756321032880405,-1.04580127322219,-0.207698474525451,-0.287758288825272,-0.924311211315714,Attchd,0.303899047668925,0.73915703634615,0.302677315035829,-0.702842766617084,-0.359600750132276,-0.103330530851366,-0.285935458023539,NONE,-0.0895919598967582,Normal,0.44693779307133,1,2,3,4,3,3,0,3,3,7,6,1,2,3,3,3,0,2,0.297607266471232,12.1781874420406,200905
729,90,RL,0.813519550725098,0.165729737450681,Pave,NONE,Lvl,Corner,Gtl,NAmes,Norm,Norm,Duplex,1Story,5,5,1958,VinylSd,VinylSd,BrkFace,-0.0357671687826062,CBlock,0,0,1584,1584,GasA,0.268289832918241,SBrkr,-0.785025043886639,0.543991187881207,1,0,0.781365814350925,-0.756321032880405,1.38565545042224,4.45593111885755,1.62415319466707,-0.924311211315714,Detchd,0.217157067211403,1.92709888856606,-0.740760408320604,-0.332822776616927,-0.359600750132276,-0.103330530851366,-0.285935458023539,NONE,-0.0895919598967582,Abnorml,0.44693779307133,1,2,2,2,2,3,0,3,3,7,1,1,2,3,3,1,0,1,-0.250997476711292,11.6082356447746,200910
730,30,RM,-0.172264253872689,-0.498134768537326,Pave,Grvl,Lvl,Inside,Gtl,IDOTRR,Norm,Norm,1Fam,1.5Fin,4,5,1925,MetalSd,MetalSd,None,-0.567015949674981,CBlock,152,0,628,780,GasA,0.268289832918241,FuseA,-0.785025043886639,-0.578617537225446,0,0,-1.02736282330994,-0.756321032880405,-1.04580127322219,-0.207698474525451,-0.925062116656053,-0.924311211315714,Detchd,0.203812147141015,0.307600035344386,-0.740760408320604,-0.36242437581694,1.38404474760213,-0.103330530851366,-0.285935458023539,NONE,-0.0895919598967582,Normal,0.44693779307133,1,2,2,2,2,3,0,3,3,7,4,1,2,3,3,1,0,1,-0.250997476711292,11.5424842672118,200901
731,120,RL,-0.560603328411212,-0.60605237973041,Pave,NONE,Lvl,Inside,Gtl,StoneBr,Norm,Norm,TwnhsE,1Story,8,5,1995,CemntBd,CmentBd,None,-0.567015949674981,PConc,1180,0,415,1595,GasA,0.268289832918241,SBrkr,-0.785025043886639,0.227763377992009,1,0,0.781365814350925,-0.756321032880405,-1.04580127322219,-0.207698474525451,-0.925062116656053,0.623631660646747,Attchd,0.277209207528149,0.627787487700533,1.13268459497845,1.54687877258387,-0.359600750132276,-0.103330530851366,-0.285935458023539,NONE,-0.0895919598967582,Normal,0.44693779307133,1,2,3,4,3,3,3,3,3,7,6,1,2,3,2,1,0,2,0.297607266471232,12.3737034869141,201006
732,80,RL,0.455052712689539,-0.0733122097866432,Pave,NONE,Lvl,Corner,Gtl,Timber,Norm,Norm,1Fam,SLvl,7,5,2003,VinylSd,VinylSd,BrkFace,1.90468890458217,PConc,786,0,82,868,GasA,0.268289832918241,SBrkr,-0.785025043886639,-0.701155813557511,1,0,0.781365814350925,-0.756321032880405,0.169927088600022,-0.207698474525451,-0.287758288825272,0.623631660646747,Attchd,0.295002434288667,-0.161080148539251,0.524012589687193,-0.377225175416946,-0.359600750132276,-0.103330530851366,-0.285935458023539,NONE,-0.0895919598967582,Normal,0.44693779307133,1,2,3,4,3,3,4,3,3,7,6,1,2,3,2,3,0,3,1.66911912442754,12.1415341243926,200708
733,60,RL,0.514797185695465,0.156726035459249,Pave,NONE,Lvl,Inside,Gtl,CollgCr,Norm,Norm,1Fam,2Story,7,5,1998,VinylSd,VinylSd,BrkFace,0.562586721275121,PConc,252,0,901,1153,GasA,0.268289832918241,SBrkr,1.26337115659298,1.04797925989212,0,0,0.781365814350925,1.23259887250509,0.169927088600022,-0.207698474525451,0.98684936683629,0.623631660646747,Attchd,0.283881667563343,0.316880831064854,0.776967189288753,0.540424399783442,-0.359600750132276,-0.103330530851366,-0.285935458023539,NONE,-0.0895919598967582,Normal,0.44693779307133,1,2,3,4,3,3,3,3,3,7,5,1,2,3,2,3,0,3,0.297607266471232,12.3126823805884,200810
734,20,RL,0.664158368210282,-0.0213190011037238,Pave,NONE,Lvl,Corner,Gtl,Sawyer,Feedr,Norm,1Fam,1Story,5,6,1961,HdBoard,HdBoard,None,-0.567015949674981,CBlock,594,0,270,864,GasA,0.268289832918241,SBrkr,-0.785025043886639,-0.705108661181125,1,0,-1.02736282330994,-0.756321032880405,0.169927088600022,-0.207698474525451,-0.287758288825272,0.623631660646747,Attchd,0.20158799379595,-0.968509376219971,0.563536745874937,-0.702842766617084,-0.359600750132276,-0.103330530851366,-0.285935458023539,GdWo,0.615496118341154,Normal,0.44693779307133,1,2,2,4,2,3,3,3,3,7,4,1,2,3,3,1,0,2,-0.250997476711292,11.7860013850326,200906
735,20,RL,-1.72562055202678,-0.150921584698708,Pave,NONE,Lvl,Corner,Gtl,Sawyer,Norm,Norm,1Fam,1Story,5,5,1968,Plywood,Plywood,None,-0.567015949674981,PConc,0,0,948,948,GasA,0.268289832918241,SBrkr,-0.785025043886639,-1.09248772829539,0,0,-1.02736282330994,-0.756321032880405,0.169927088600022,-0.207698474525451,-0.287758288825272,-0.924311211315714,Attchd,0.217157067211403,-0.801455053251546,0.42124978359906,-0.702842766617084,-0.359600750132276,-0.103330530851366,-0.285935458023539,NONE,-0.0895919598967582,Family,-2.23744784062252,1,2,2,2,2,3,0,3,3,7,1,1,2,3,2,1,0,1,-0.250997476711292,11.5898865061064,200708
736,75,RM,0.0667136381510165,0.0801311621800214,Pave,NONE,Lvl,Inside,Gtl,OldTown,Norm,Norm,1Fam,2.5Unf,7,7,1914,Wd Sdng,Wd Sdng,None,-0.567015949674981,BrkTil,390,0,490,880,GasW,-3.72731232161413,SBrkr,1.28670140944582,0.528179797386747,0,0,-1.02736282330994,1.23259887250509,-1.04580127322219,-0.207698474525451,-0.287758288825272,2.17157453260921,Detchd,0.097052786577911,-0.708647096046866,-0.740760408320604,4.34422989698505,-0.359600750132276,-0.103330530851366,-0.285935458023539,NONE,-0.0895919598967582,Normal,0.44693779307133,1,2,2,1,2,3,3,3,3,7,3,1,0,3,3,2,0,1,0.297607266471232,12.0015054797889,200602
737,90,RL,0.0667136381510165,-0.20595829828014,Pave,NONE,Lvl,Inside,Gtl,NAmes,Norm,Norm,Duplex,1Story,3,4,1950,Stucco,Stone,None,-0.567015949674981,CBlock,0,0,0,0,GasA,-3.72731232161413,FuseF,-0.785025043886639,-0.910656737609104,0,0,0.781365814350925,-0.756321032880405,-1.04580127322219,4.45593111885755,-0.287758288825272,-0.924311211315714,Detchd,0.174898153655174,-0.337415267228144,-0.740760408320604,-0.702842766617084,-0.359600750132276,-0.103330530851366,-0.285935458023539,NONE,-0.0895919598967582,Normal,0.44693779307133,0,2,2,3,2,0,0,3,3,7,0,0,2,3,3,0,0,1,-4.91413779376274,11.4457167152768,200610
738,60,RL,0.425180476186576,0.0373952808967438,Pave,NONE,HLS,CulDSac,Gtl,Gilbert,Norm,Norm,1Fam,2Story,8,5,2005,VinylSd,VinylSd,None,-0.567015949674981,PConc,0,0,893,893,GasA,0.268289832918241,SBrkr,1.31469771286923,0.593401783176394,0,0,0.781365814350925,1.23259887250509,0.169927088600022,-0.207698474525451,0.98684936683629,0.623631660646747,Attchd,0.299450740978796,1.51874387686547,-0.740760408320604,1.01404998698364,-0.359600750132276,-0.103330530851366,-0.285935458023539,NONE,-0.0895919598967582,Normal,0.44693779307133,1,2,3,4,3,3,4,3,3,7,1,1,2,3,2,1,0,3,0.297607266471232,12.3879774488278,200609
739,90,RL,0.0667136381510165,0.0801311621800214,Pave,NONE,Lvl,Inside,Gtl,Edwards,Norm,Norm,Duplex,1Story,5,5,1987,Plywood,Plywood,None,-0.567015949674981,CBlock,1200,0,0,1200,GasA,0.268289832918241,SBrkr,-0.785025043886639,-0.594428927719906,3,0,2.59009445201179,-0.756321032880405,0.169927088600022,-0.207698474525451,-0.925062116656053,-0.924311211315714,NONE,-4.15997671587587,-2.19357441132175,0.207819340185244,-0.702842766617084,-0.359600750132276,-0.103330530851366,-0.285935458023539,NONE,-0.0895919598967582,Alloca,0.44693779307133,1,2,2,2,2,4,0,0,0,7,6,1,2,3,3,4,0,0,0.297607266471232,12.0951410848229,200906
740,60,RL,0.216074820665833,-0.10843932882364,Pave,NONE,Lvl,Inside,Gtl,CollgCr,Norm,Norm,1Fam,2Story,7,5,2004,VinylSd,VinylSd,None,-0.567015949674981,PConc,0,0,864,864,GasA,0.268289832918241,SBrkr,1.230708802599,0.449122844914448,0,0,0.781365814350925,1.23259887250509,0.169927088600022,-0.207698474525451,0.349545539005509,-0.924311211315714,Attchd,0.297226587633731,0.460733164732109,0.737443033101009,0.126002010983267,-0.359600750132276,-0.103330530851366,-0.285935458023539,NONE,-0.0895919598967582,Normal,0.44693779307133,1,2,3,4,3,3,0,3,3,7,1,1,2,3,2,1,0,2,0.297607266471232,12.1547793511426,200907
741,70,RM,0.0667136381510165,-0.0720440827455964,Pave,Grvl,Lvl,Inside,Gtl,OldTown,Norm,Norm,1Fam,2Story,5,7,1910,Wd Sdng,Wd Shng,None,-0.567015949674981,BrkTil,0,0,264,264,GasA,0.268289832918241,SBrkr,0.764103745542137,-0.135898603380569,0,0,0.781365814350925,-0.756321032880405,-1.04580127322219,-0.207698474525451,0.349545539005509,-0.924311211315714,Detchd,0.0881561731976523,-0.523031181637505,1.39354402581755,-0.702842766617084,1.38404474760213,-0.103330530851366,-0.285935458023539,GdPrv,-0.0895919598967582,Abnorml,0.44693779307133,1,3,2,4,2,2,0,3,4,7,1,1,2,3,3,1,0,1,-0.799602219893816,11.7905572015685,200708
742,20,RL,0.216074820665833,-0.431177660770055,Pave,NONE,Lvl,Inside,Gtl,Sawyer,Feedr,Norm,1Fam,1Story,6,8,1961,HdBoard,HdBoard,None,-0.567015949674981,CBlock,832,0,80,912,GasA,0.268289832918241,SBrkr,-0.785025043886639,-1.16363898552046,1,1,-1.02736282330994,-0.756321032880405,0.169927088600022,-0.207698474525451,-0.925062116656053,-0.924311211315714,Detchd,0.203812147141015,-0.857139827574354,0.587251239587583,-0.702842766617084,-0.359600750132276,-0.103330530851366,-0.285935458023539,GdPrv,-0.0895919598967582,Normal,0.44693779307133,1,3,2,3,3,3,0,3,3,7,6,1,2,3,2,2,0,1,-0.250997476711292,11.8635823365834,200808
743,20,RL,0.216074820665833,-0.21787869246598,Pave,NONE,Lvl,Inside,Gtl,SawyerW,Norm,Norm,1Fam,1Story,7,5,2000,VinylSd,VinylSd,BrkFace,0.0369300328131924,PConc,0,0,1349,1349,GasA,0.268289832918241,SBrkr,-0.785025043886639,-0.29994177976059,0,0,0.781365814350925,-0.756321032880405,0.169927088600022,-0.207698474525451,-0.287758288825272,-0.924311211315714,Attchd,0.288329974253473,0.307600035344386,0.207819340185244,0.11120121138326,-0.359600750132276,-0.103330530851366,-0.285935458023539,GdPrv,-0.0895919598967582,Normal,0.44693779307133,1,2,2,4,2,3,0,3,3,7,1,1,2,3,3,1,0,1,0.297607266471232,12.0951410848229,200704
744,80,RL,0.365436003180649,0.344662462942387,Pave,NONE,Lvl,Inside,Gtl,Sawyer,Norm,Norm,1Fam,SLvl,5,6,1963,HdBoard,HdBoard,None,-0.567015949674981,CBlock,444,0,76,520,GasA,0.268289832918241,SBrkr,-0.785025043886639,-0.0726530414027293,0,1,0.781365814350925,-0.756321032880405,0.169927088600022,-0.207698474525451,-0.287758288825272,0.623631660646747,Attchd,0.281657514218279,0.0338165615905783,1.64649862541911,-0.702842766617084,-0.359600750132276,-0.103330530851366,1.49422408207523,NONE,-0.0895919598967582,Normal,0.44693779307133,1,2,2,4,2,3,3,3,3,5,5,1,2,3,2,3,0,2,0.297607266471232,12.0725412529057,200902
745,120,RL,-0.500858855405285,-0.605291503505782,Pave,NONE,HLS,Inside,Gtl,StoneBr,Norm,Norm,TwnhsE,1Story,8,5,1993,HdBoard,HdBoard,None,-0.567015949674981,PConc,733,0,604,1337,GasA,0.268289832918241,SBrkr,-0.785025043886639,-0.32365886550228,1,0,0.781365814350925,-0.756321032880405,-1.04580127322219,-0.207698474525451,-0.925062116656053,0.623631660646747,Attchd,0.27276090083802,-0.0497105998936342,0.0181033904840744,-0.702842766617084,0.730177685951729,6.56761018600794,-0.285935458023539,NONE,-0.0895919598967582,Normal,0.44693779307133,1,2,3,3,3,3,3,3,3,7,6,1,2,3,2,1,0,2,0.297607266471232,12.1007121298723,200802
746,60,RL,-1.72562055202678,-0.152823775260279,Pave,NONE,Lvl,Inside,Gtl,NWAmes,Norm,Norm,1Fam,2Story,8,9,1976,VinylSd,VinylSd,BrkFace,1.04909876272393,CBlock,575,80,487,1142,GasA,0.268289832918241,SBrkr,2.80783389545119,2.39985314716844,0,1,2.59009445201179,1.23259887250509,1.38565545042224,-0.207698474525451,2.89876085032863,2.17157453260921,BuiltIn,0.274985054183085,1.66259621053272,-0.740760408320604,2.31652035178419,-0.359600750132276,-0.103330530851366,-0.285935458023539,NONE,-0.0895919598967582,Normal,-2.23744784062252,1,3,4,4,3,4,3,3,3,7,6,5,2,3,2,1,0,3,-0.250997476711292,12.6108708646506,200810
747,60,RL,-1.72562055202678,-0.174128309549865,Pave,NONE,Lvl,Inside,Gtl,Gilbert,Norm,Norm,1Fam,2Story,7,5,2000,VinylSd,VinylSd,None,-0.567015949674981,PConc,300,0,652,952,GasA,0.268289832918241,SBrkr,2.19191522013613,1.4926746175488,0,0,0.781365814350925,1.23259887250509,1.38565545042224,-0.207698474525451,0.98684936683629,0.623631660646747,BuiltIn,0.288329974253473,0.377206003247896,1.02992178889031,0.0964004117832542,-0.359600750132276,-0.103330530851366,-0.285935458023539,NONE,-0.0895919598967582,Normal,-2.23744784062252,1,2,3,4,3,3,3,3,3,7,6,1,2,3,2,1,0,3,0.297607266471232,12.3715870840077,200907
748,70,RM,0.216074820665833,0.194262595874235,Pave,Pave,Lvl,Corner,Gtl,OldTown,Norm,Norm,1Fam,2Story,7,7,1880,Stucco,Stucco,None,-0.567015949674981,Stone,0,0,1240,1240,GasW,-3.72731232161413,SBrkr,2.29456833268864,2.25162136128288,0,0,-1.02736282330994,1.23259887250509,1.38565545042224,-0.207698474525451,0.98684936683629,0.623631660646747,Detchd,0.177122307000239,1.81572933992044,0.690014045675717,-0.702842766617084,5.64974891170238,-0.103330530851366,-0.285935458023539,NONE,-0.0895919598967582,Normal,0.44693779307133,1,2,3,2,3,2,4,3,3,7,1,1,0,3,2,1,0,1,-0.250997476711292,12.4911726372789,200908
749,20,RL,0.0368414016480533,0.0538809324303524,Pave,NONE,Lvl,Inside,Gtl,NoRidge,Norm,Norm,1Fam,1Story,7,5,1996,VinylSd,VinylSd,BrkFace,1.32311129181578,PConc,919,0,801,1720,GasA,0.268289832918241,SBrkr,-0.785025043886639,0.433311454419988,1,0,0.781365814350925,-0.756321032880405,0.169927088600022,-0.207698474525451,0.349545539005509,0.623631660646747,Attchd,0.279433360873214,0.251915261021577,1.15639908869109,0.126002010983267,2.03791180925254,-0.103330530851366,-0.285935458023539,NONE,-0.0895919598967582,Normal,0.44693779307133,1,2,3,4,3,3,3,3,3,7,6,1,2,3,2,1,0,3,0.297607266471232,12.4699741893166,201006
750,50,RL,-0.232008726878616,-0.223585264150691,Pave,NONE,Lvl,Inside,Gtl,Edwards,Norm,Norm,1Fam,1.5Fin,4,3,1945,WdShing,Wd Shng,None,-0.567015949674981,Slab,0,0,0,0,Wall,-3.72731232161413,FuseF,0.243839106923738,0.0558145063647575,0,0,0.781365814350925,-0.756321032880405,1.38565545042224,-0.207698474525451,1.62415319466707,-0.924311211315714,Detchd,0.166001540274916,-1.07987892486559,-0.0135159344661205,-0.702842766617084,2.52052797380402,-0.103330530851366,-0.285935458023539,NONE,-0.0895919598967582,Normal,0.44693779307133,0,2,2,2,2,0,0,3,3,4,0,0,0,3,3,0,0,1,-4.91413779376274,11.4927227576527,200907
751,50,RM,-0.0826475443637997,-0.173494246029342,Pave,Grvl,Lvl,Corner,Gtl,OldTown,Norm,Norm,1Fam,1.5Fin,4,7,1910,Wd Sdng,Wd Sdng,None,-0.567015949674981,BrkTil,0,0,576,576,GasA,0.268289832918241,SBrkr,0.0268677553922977,-0.713014356428355,0,0,-1.02736282330994,-0.756321032880405,0.169927088600022,-0.207698474525451,0.349545539005509,-0.924311211315714,NONE,-4.15997671587587,-2.19357441132175,-0.740760408320604,1.66528516938392,-0.359600750132276,-0.103330530851366,-0.285935458023539,NONE,-0.0895919598967582,Normal,0.44693779307133,1,2,2,3,2,2,0,0,0,5,1,1,0,3,3,1,0,0,-0.250997476711292,11.4772982873271,201009
752,60,RL,-1.72562055202678,-0.306647585339257,Pave,NONE,Lvl,Inside,Gtl,Gilbert,RRAn,Norm,1Fam,2Story,7,5,2003,VinylSd,VinylSd,None,-0.567015949674981,PConc,0,0,660,660,GasA,0.268289832918241,SBrkr,0.754771644401,-0.357258070303008,0,0,0.781365814350925,1.23259887250509,0.169927088600022,-0.207698474525451,-0.287758288825272,-0.924311211315714,Attchd,0.295002434288667,-0.337415267228144,-0.740760408320604,0.00759561418321662,-0.359600750132276,-0.103330530851366,-0.285935458023539,NONE,-0.0895919598967582,Normal,-2.23744784062252,1,2,3,4,3,3,0,3,3,7,1,1,2,3,3,1,0,3,0.297607266471232,11.9953516142145,200711
753,20,RL,0.634286131707318,-0.1182039070397,Pave,NONE,Lvl,Inside,Gtl,CollgCr,Norm,Norm,1Fam,1Story,6,5,1997,VinylSd,VinylSd,None,-0.567015949674981,PConc,1200,0,279,1479,GasA,0.268289832918241,SBrkr,-0.785025043886639,-0.0133603270485046,1,0,0.781365814350925,-0.756321032880405,0.169927088600022,-0.207698474525451,-0.287758288825272,-0.924311211315714,Attchd,0.281657514218279,0.479294756173045,0.587251239587583,-0.303221177416915,-0.359600750132276,-0.103330530851366,-0.285935458023539,NONE,-0.0895919598967582,Normal,0.44693779307133,1,3,2,4,3,3,0,3,3,7,6,1,2,3,2,4,0,2,0.297607266471232,12.2876526325226,200610
754,60,RL,0.664158368210282,0.00911604788139977,Pave,NONE,Lvl,Inside,Gtl,NridgHt,Norm,Norm,1Fam,2Story,8,5,2005,VinylSd,VinylSd,BrkFace,0.428376502944416,PConc,0,0,1030,1030,GasA,0.268289832918241,SBrkr,1.68798175851472,1.18039965528322,0,0,0.781365814350925,1.23259887250509,0.169927088600022,-0.207698474525451,0.98684936683629,0.623631660646747,Attchd,0.299450740978796,1.88069490996372,0.776967189288753,0.0667988125832417,-0.359600750132276,-0.103330530851366,-0.285935458023539,NONE,-0.0895919598967582,Normal,0.44693779307133,1,2,3,3,4,3,4,3,3,7,1,1,2,3,3,2,0,2,0.297607266471232,12.5263429075751,200606
755,20,RL,0.0965858746539798,-0.283821298600415,Pave,NONE,Lvl,Inside,Gtl,NAmes,Norm,Norm,1Fam,1Story,6,8,1969,Plywood,Plywood,None,-0.567015949674981,CBlock,439,472,115,1026,GasA,0.268289832918241,SBrkr,-0.785025043886639,-0.938326670974409,1,0,-1.02736282330994,-0.756321032880405,0.169927088600022,-0.207698474525451,-0.925062116656053,-0.924311211315714,Detchd,0.219381220556468,-0.151799352818783,0.610965733300229,0.00759561418321662,-0.359600750132276,-0.103330530851366,-0.285935458023539,NONE,-0.0895919598967582,Normal,0.44693779307133,1,2,2,3,3,3,0,3,3,7,6,2,2,3,3,1,0,2,-0.250997476711292,11.9576112862317,200910
756,160,FV,-0.709964510926028,-0.879841007892418,Pave,Pave,Lvl,Inside,Gtl,Somerst,Norm,Norm,TwnhsE,2Story,6,5,1999,MetalSd,MetalSd,BrkFace,4.43231468314379,PConc,381,0,348,729,GasA,0.268289832918241,SBrkr,0.915750389085616,-0.0588180747200768,0,0,0.781365814350925,1.23259887250509,0.169927088600022,-0.207698474525451,-0.287758288825272,-0.924311211315714,Detchd,0.286105820908408,-0.151799352818783,-0.740760408320604,-0.347623576216934,-0.359600750132276,-0.103330530851366,-0.285935458023539,NONE,-0.0895919598967582,Normal,0.44693779307133,1,2,2,3,2,3,0,3,3,7,6,1,2,3,3,1,0,1,0.297607266471232,12.0581525154536,200906
757,60,RL,0.305691530174723,0.0761999683527763,Pave,NONE,Lvl,Inside,Gtl,CollgCr,Norm,Norm,1Fam,2Story,8,5,2007,VinylSd,VinylSd,None,-0.567015949674981,PConc,20,0,846,866,GasA,0.268289832918241,SBrkr,1.3193637634398,0.528179797386747,0,0,0.781365814350925,1.23259887250509,0.169927088600022,-0.207698474525451,0.349545539005509,-0.924311211315714,Attchd,0.303899047668925,0.488575551893513,0.397535289886414,0.851241191383573,-0.359600750132276,-0.103330530851366,-0.285935458023539,NONE,-0.0895919598967582,Normal,0.44693779307133,1,2,3,4,3,3,0,3,3,7,6,1,2,3,2,3,0,2,0.297607266471232,12.2643415536542,200907
758,60,RL,-1.72562055202678,0.183610328729442,Pave,NONE,Lvl,CulDSac,Gtl,Sawyer,Norm,Norm,1Fam,2Story,6,5,1978,HdBoard,HdBoard,BrkCmn,1.26719036751132,CBlock,438,0,234,672,GasA,0.268289832918241,SBrkr,0.880755009806352,-0.226814098723713,0,0,0.781365814350925,1.23259887250509,0.169927088600022,-0.207698474525451,-0.287758288825272,0.623631660646747,Attchd,0.23939860066205,-0.151799352818783,1.90735805625822,-0.702842766617084,-0.359600750132276,-0.103330530851366,-0.285935458023539,GdPrv,-0.0895919598967582,Abnorml,-2.23744784062252,1,2,2,2,2,3,3,3,3,7,3,1,2,3,2,2,0,3,-0.250997476711292,11.9760303525248,201007
759,160,FV,-1.00868687595566,-1.00031307679187,Pave,Pave,Lvl,Inside,Gtl,Somerst,Norm,Norm,Twnhs,2Story,7,5,1999,MetalSd,MetalSd,BrkFace,1.4461373252856,PConc,549,0,195,744,GasA,0.268289832918241,SBrkr,0.950745768364881,0.000474639634147814,0,0,0.781365814350925,1.23259887250509,0.169927088600022,-0.207698474525451,-0.287758288825272,-0.924311211315714,Detchd,0.286105820908408,-0.151799352818783,-0.740760408320604,-0.702842766617084,-0.359600750132276,-0.103330530851366,-0.285935458023539,NONE,-0.0895919598967582,Normal,0.44693779307133,1,2,2,3,2,3,0,3,3,7,5,1,2,3,3,1,0,1,0.297607266471232,12.0973732286068,200811
760,60,RL,0.216074820665833,0.264897272060542,Pave,NONE,Lvl,Inside,Gtl,NoRidge,Norm,Norm,1Fam,2Story,8,5,1995,VinylSd,VinylSd,BrkFace,2.30172746714384,PConc,56,64,1198,1318,GasA,0.268289832918241,SBrkr,2.02160437431038,2.03619116579586,0,0,0.781365814350925,1.23259887250509,1.38565545042224,-0.207698474525451,1.62415319466707,0.623631660646747,Attchd,0.277209207528149,1.29600477957423,1.01411212641521,0.74763559418353,-0.359600750132276,-0.103330530851366,-0.285935458023539,NONE,-0.0895919598967582,Normal,0.44693779307133,1,2,3,4,3,3,3,3,3,7,2,5,2,3,2,3,0,2,0.297607266471232,12.5776362019627,200703
761,20,RL,0.365436003180649,-0.135450434797937,Pave,NONE,Lvl,Inside,Gtl,NAmes,Norm,Norm,1Fam,1Story,6,6,1959,Wd Sdng,Wd Sdng,None,-0.567015949674981,CBlock,612,0,252,864,GasA,0.268289832918241,SBrkr,-0.785025043886639,-1.25850732848722,0,0,-1.02736282330994,-0.756321032880405,-1.04580127322219,-0.207698474525451,-0.925062116656053,-0.924311211315714,Detchd,0.30612320101399,-0.801455053251546,-0.740760408320604,-0.702842766617084,-0.359600750132276,-0.103330530851366,-0.285935458023539,NONE,0.703632128120893,Normal,0.44693779307133,1,2,2,4,2,3,0,5,5,7,3,1,2,3,3,1,0,1,-0.250997476711292,11.7558716435806,200902
762,30,RM,0.0667136381510165,-0.413043444083085,Pave,NONE,Lvl,FR2,Gtl,BrkSide,Feedr,Norm,1Fam,1Story,5,5,1924,Wd Sdng,Wd Sdng,None,-0.567015949674981,PConc,405,0,740,1145,GasA,0.268289832918241,SBrkr,-0.785025043886639,-0.39481012272735,0,0,-1.02736282330994,-0.756321032880405,-1.04580127322219,-0.207698474525451,-0.925062116656053,-0.924311211315714,Detchd,0.210484607176209,-0.151799352818783,-0.740760408320604,-0.702842766617084,-0.359600750132276,-0.103330530851366,-0.285935458023539,NONE,-0.0895919598967582,Normal,0.44693779307133,1,2,2,2,1,3,0,3,3,6,2,1,2,3,3,2,0,1,-0.250997476711292,11.5129254649702,200902
763,60,FV,0.425180476186576,-0.193784278686091,Pave,NONE,Lvl,Inside,Gtl,Somerst,Norm,Norm,1Fam,2Story,7,5,2009,VinylSd,VinylSd,None,-0.567015949674981,PConc,24,0,732,756,GasA,0.268289832918241,SBrkr,1.04173375449097,0.0913901349772923,0,0,0.781365814350925,1.23259887250509,0.169927088600022,-0.207698474525451,0.349545539005509,-0.924311211315714,Attchd,0.308347354359055,0.655629874861938,0.595156070825132,-0.0368067846168022,-0.359600750132276,-0.103330530851366,-0.285935458023539,NONE,-0.0895919598967582,Normal,0.44693779307133,1,2,2,4,3,3,0,3,3,7,6,1,2,3,3,2,0,1,0.297607266471232,12.2793231072698,201009
764,60,RL,0.723902841216208,-0.0936022424433923,Pave,NONE,Lvl,Inside,Gtl,NoRidge,Norm,Norm,1Fam,2Story,8,5,1999,VinylSd,VinylSd,BrkFace,3.19646225601521,PConc,1163,0,89,1252,GasA,0.268289832918241,SBrkr,1.77430369407024,1.70810481303582,1,0,0.781365814350925,1.23259887250509,0.169927088600022,-0.207698474525451,0.98684936683629,0.623631660646747,Attchd,0.286105820908408,1.77860615703857,-0.740760408320604,1.19165958218372,-0.359600750132276,-0.103330530851366,2.91835171415425,NONE,-0.0895919598967582,Normal,0.44693779307133,1,2,3,4,3,3,4,3,3,7,6,1,2,3,3,2,0,2,0.297607266471232,12.7278382093345,200910
765,120,RL,-0.829453456937881,-0.0785115306549352,Pave,NONE,Lvl,CulDSac,Gtl,Veenker,Norm,Norm,TwnhsE,1Story,8,5,1995,BrkFace,BrkFace,None,-0.567015949674981,PConc,437,1057,0,1494,GasA,0.268289832918241,SBrkr,-0.785025043886639,-0.0133603270485046,1,0,-1.02736282330994,1.23259887250509,-1.04580127322219,-0.207698474525451,-0.287758288825272,0.623631660646747,Attchd,0.277209207528149,0.0384569594508123,-0.740760408320604,-0.258818778616896,-0.359600750132276,-0.103330530851366,3.55920914858981,NONE,-0.0895919598967582,Normal,0.44693779307133,1,3,3,4,4,4,4,3,3,7,2,6,2,3,2,3,0,3,0.297607266471232,12.5061772379805,200607
766,20,RL,0.514797185695465,0.56037087262445,Pave,NONE,Lvl,Inside,Gtl,Somerst,Norm,Norm,1Fam,1Story,9,5,2008,VinylSd,VinylSd,Stone,1.0211383005717,PConc,0,0,1498,1498,GasA,0.268289832918241,SBrkr,-0.785025043886639,0.0103567586931853,0,0,0.781365814350925,-0.756321032880405,-1.04580127322219,-0.207698474525451,-0.287758288825272,0.623631660646747,Attchd,0.30612320101399,0.553541121936789,-0.740760408320604,1.87249636378401,-0.359600750132276,-0.103330530851366,-0.285935458023539,NONE,-0.0895919598967582,Partial,0.44693779307133,1,2,3,4,4,3,4,3,3,7,1,1,2,3,2,1,0,3,0.297607266471232,12.4842042571701,200811
767,60,RL,0.664158368210282,0.0320691473243471,Pave,NONE,Lvl,Inside,Gtl,NWAmes,Norm,Norm,1Fam,2Story,7,5,1988,HdBoard,HdBoard,BrkFace,-0.332148067596247,CBlock,394,0,586,980,GasA,0.268289832918241,SBrkr,0.927415515512038,0.421452911549143,0,0,0.781365814350925,1.23259887250509,0.169927088600022,-0.207698474525451,0.349545539005509,0.623631660646747,Attchd,0.261640134112697,0.108062927354323,1.06154111384051,0.274010006983329,2.06904833599779,-0.103330530851366,-0.285935458023539,MnPrv,0.791768137900632,Normal,0.44693779307133,1,2,2,2,2,3,3,3,3,7,6,1,2,3,3,1,0,1,0.297607266471232,12.1884177102915,201006
768,50,RL,0.514797185695465,0.296727260790818,Pave,NONE,Lvl,Inside,Gtl,Mitchel,Norm,Norm,1Fam,1.5Fin,6,7,1940,VinylSd,VinylSd,None,-0.567015949674981,CBlock,660,0,323,983,GasA,0.268289832918241,SBrkr,1.00440534992642,0.492604168774212,1,0,0.781365814350925,-0.756321032880405,1.38565545042224,-0.207698474525451,0.349545539005509,-0.924311211315714,Attchd,0.263864287457761,-0.230686116442761,1.19592324487884,-0.702842766617084,2.06904833599779,-0.103330530851366,-0.285935458023539,NONE,2.20194429437646,Normal,0.44693779307133,1,2,2,4,2,3,0,3,3,4,5,1,2,3,2,2,0,1,0.297607266471232,11.982929094216,200810
769,20,RL,0.365436003180649,-0.135450434797937,Pave,NONE,Lvl,Inside,Gtl,CollgCr,Norm,Norm,1Fam,1Story,7,5,2004,VinylSd,VinylSd,None,-0.567015949674981,PConc,24,0,1836,1860,GasA,0.268289832918241,SBrkr,-0.785025043886639,0.662576616589656,0,0,0.781365814350925,-0.756321032880405,0.169927088600022,-0.207698474525451,0.98684936683629,0.623631660646747,Attchd,0.297226587633731,0.0523781530315144,0.207819340185244,-0.214416379816877,-0.359600750132276,-0.103330530851366,-0.285935458023539,NONE,-0.0895919598967582,Normal,0.44693779307133,1,2,3,4,3,3,4,3,3,7,6,1,2,3,3,1,0,3,0.297607266471232,12.2869011981928,200602
770,60,RL,-0.321625436387506,5.49554087826634,Pave,NONE,HLS,CulDSac,Mod,StoneBr,Norm,Norm,1Fam,2Story,8,5,2003,CemntBd,Wd Shng,BrkFace,2.80501578588399,PConc,1416,0,234,1650,GasA,0.268289832918241,SBrkr,2.92215213443012,3.51455617702786,1,0,2.59009445201179,1.23259887250509,1.38565545042224,-0.207698474525451,3.53606467815941,0.623631660646747,BuiltIn,0.295002434288667,1.70900018913506,3.23536970416641,-0.170013981016859,-0.359600750132276,-0.103330530851366,3.45239957618388,NONE,-0.0895919598967582,Normal,0.44693779307133,1,2,4,4,4,3,4,3,3,4,5,1,2,3,1,4,0,3,0.297607266471232,13.1956138391439,201009
771,85,RL,-1.72562055202678,-0.369800311983389,Pave,NONE,Lvl,CulDSac,Gtl,Sawyer,Norm,Norm,1Fam,SFoyer,5,5,1982,Wd Sdng,Wd Sdng,None,-0.567015949674981,CBlock,685,0,173,858,GasA,0.268289832918241,SBrkr,-0.785025043886639,-1.27036587135807,1,0,-1.02736282330994,-0.756321032880405,-1.04580127322219,-0.207698474525451,-0.925062116656053,-0.924311211315714,Detchd,0.250519367387373,0.479294756173045,0.207819340185244,-0.702842766617084,-0.359600750132276,-0.103330530851366,-0.285935458023539,NONE,-0.0895919598967582,Normal,-2.23744784062252,1,2,2,2,2,3,0,3,3,7,6,1,2,3,2,3,0,1,0.297607266471232,11.8122890421958,200907
772,20,RL,0.275819293671759,-0.163729667813281,Pave,NONE,Lvl,Inside,Gtl,Edwards,Norm,Norm,1Fam,1Story,4,5,1951,Wd Sdng,Wd Sdng,None,-0.567015949674981,CBlock,836,0,0,836,GasA,0.268289832918241,FuseF,-0.785025043886639,-0.554900451483756,0,0,-1.02736282330994,-0.756321032880405,-1.04580127322219,-0.207698474525451,-0.287758288825272,-0.924311211315714,Detchd,0.179346460345304,-0.35597685866908,-0.740760408320604,-0.702842766617084,-0.359600750132276,-0.103330530851366,-0.285935458023539,NONE,-0.0895919598967582,Normal,0.44693779307133,1,2,2,2,2,2,0,3,3,7,2,1,2,3,3,1,0,1,-0.799602219893816,11.5327280922664,200607
773,80,RL,1.08236967925177,-0.297897508756034,Pave,NONE,Lvl,Inside,Gtl,Edwards,Norm,Norm,1Fam,SLvl,6,5,1976,Plywood,Plywood,None,-0.567015949674981,CBlock,422,127,480,1029,GasA,0.268289832918241,SBrkr,-0.785025043886639,-0.758472104099928,1,0,-1.02736282330994,-0.756321032880405,0.169927088600022,-0.207698474525451,-0.287758288825272,0.623631660646747,Detchd,0.234950293971921,0.924772950755511,0.397535289886414,-0.702842766617084,-0.359600750132276,-0.103330530851366,-0.285935458023539,MnPrv,-0.0895919598967582,Abnorml,0.44693779307133,1,2,2,2,2,3,3,3,3,7,5,4,2,3,3,3,0,1,-0.250997476711292,11.580584113444,201006
774,20,RL,0.365436003180649,-0.00229709548802157,Pave,NONE,Lvl,Inside,Gtl,NAmes,Feedr,Norm,1Fam,1Story,5,5,1958,Wd Sdng,Wd Sdng,None,-0.561423857244535,CBlock,456,0,456,912,GasA,0.268289832918241,FuseA,-0.785025043886639,-1.16363898552046,0,0,-1.02736282330994,-0.756321032880405,-1.04580127322219,-0.207698474525451,-0.925062116656053,-0.924311211315714,Attchd,0.194915533760756,-0.917464999757397,-0.740760408320604,-0.702842766617084,-0.359600750132276,-0.103330530851366,-0.285935458023539,NONE,-0.0895919598967582,Normal,0.44693779307133,1,2,2,4,2,3,0,3,3,7,3,1,2,3,3,1,0,2,-0.250997476711292,11.6483301019764,200710
775,20,RL,1.56032546329918,0.51459148644266,Pave,NONE,Lvl,Corner,Gtl,NridgHt,Norm,Norm,1Fam,1Story,8,5,2006,VinylSd,VinylSd,BrkFace,1.53001871174229,PConc,0,0,1935,1935,GasA,0.268289832918241,SBrkr,-0.785025043886639,0.933346678807282,0,0,0.781365814350925,-0.756321032880405,0.169927088600022,-0.207698474525451,1.62415319466707,0.623631660646747,Attchd,0.301674894323861,1.9595816735877,1.74926143150725,-0.0368067846168022,-0.359600750132276,-0.103330530851366,-0.285935458023539,NONE,-0.0895919598967582,Partial,0.44693779307133,1,2,3,3,3,3,4,3,3,7,1,1,2,3,3,3,0,3,0.297607266471232,12.8866410438833,200710
776,120,RM,-0.769708983931955,-0.718788873679472,Pave,NONE,Lvl,FR2,Gtl,Mitchel,Norm,Norm,TwnhsE,1Story,6,5,1998,VinylSd,VinylSd,BrkFace,1.22245362806775,PConc,866,0,338,1204,GasA,0.268289832918241,SBrkr,-0.785025043886639,-0.586523232472676,1,0,0.781365814350925,-0.756321032880405,-1.04580127322219,-0.207698474525451,-0.925062116656053,-0.924311211315714,Attchd,0.283881667563343,-0.281730492905335,-0.740760408320604,2.95295473458446,-0.359600750132276,-0.103330530851366,-0.285935458023539,NONE,-0.0895919598967582,Normal,0.44693779307133,1,2,2,4,2,3,0,3,3,7,6,1,2,3,3,1,0,3,1.66911912442754,11.9953516142145,200909
777,20,RL,0.843391787228061,0.132124370862941,Pave,NONE,Lvl,Inside,Gtl,CollgCr,Norm,Norm,1Fam,1Story,7,5,2005,VinylSd,VinylSd,BrkFace,0.77508623363207,PConc,20,0,1594,1614,GasA,0.268289832918241,SBrkr,-0.785025043886639,0.223810530368394,0,0,0.781365814350925,-0.756321032880405,0.169927088600022,-0.207698474525451,0.349545539005509,-0.924311211315714,Attchd,0.299450740978796,1.82036973778068,0.397535289886414,0.170404409783286,-0.359600750132276,-0.103330530851366,-0.285935458023539,NONE,-0.0895919598967582,Partial,0.44693779307133,1,2,3,4,3,3,0,3,3,7,6,1,2,3,2,3,0,2,0.297607266471232,12.3081778684673,200610
778,20,RL,1.26160309826955,0.403503557646959,Pave,NONE,Lvl,Inside,Gtl,Sawyer,Norm,Norm,1Fam,1Story,5,5,1974,HdBoard,Plywood,None,-0.567015949674981,CBlock,762,0,102,864,GasA,0.268289832918241,SBrkr,-0.785025043886639,-1.199214614133,1,0,-1.02736282330994,-0.756321032880405,0.169927088600022,-0.207698474525451,-0.925062116656053,0.623631660646747,Attchd,0.230501987281791,-0.151799352818783,1.16430391992864,-0.702842766617084,-0.359600750132276,-0.103330530851366,-0.285935458023539,MnPrv,-0.0895919598967582,Normal,0.44693779307133,1,2,2,2,2,3,2,3,3,7,5,1,2,3,2,1,0,1,-0.250997476711292,11.8670972786908,200609
779,90,RH,0.0667136381510165,-0.224219327671214,Pave,NONE,Lvl,Inside,Gtl,SawyerW,Feedr,Norm,Duplex,1Story,5,5,1977,Plywood,Plywood,BrkFace,1.22245362806775,Slab,0,0,0,0,GasA,0.268289832918241,SBrkr,-0.785025043886639,1.02623859796223,0,0,0.781365814350925,-0.756321032880405,1.38565545042224,4.45593111885755,2.26145702249785,2.17157453260921,Detchd,0.237174447316985,0.729876240625682,-0.740760408320604,-0.702842766617084,-0.359600750132276,-0.103330530851366,-0.285935458023539,NONE,-0.0895919598967582,Normal,0.44693779307133,0,2,2,2,2,0,3,3,3,7,0,0,2,3,3,0,0,1,-4.91413779376274,11.8775685785581,200702
780,90,RL,0.604413895204355,0.0458917320717574,Pave,NONE,Lvl,Inside,Gtl,Mitchel,Norm,Norm,Duplex,SFoyer,6,5,1977,Plywood,ImStucc,BrkFace,-0.0637276309348365,CBlock,975,0,0,975,GasA,0.268289832918241,SBrkr,-0.785025043886639,-0.981807994834174,1,0,-1.02736282330994,-0.756321032880405,-1.04580127322219,-0.207698474525451,-1.56236594448683,-0.924311211315714,Attchd,0.237174447316985,0.145186110236195,-0.740760408320604,-0.702842766617084,-0.359600750132276,-0.103330530851366,-0.285935458023539,NONE,-0.0895919598967582,Normal,0.44693779307133,1,2,2,2,2,3,0,3,3,7,6,1,2,3,3,4,0,1,0.297607266471232,11.8130300574206,200608
781,20,RL,0.156330347659906,-0.290795997326172,Pave,NONE,Lvl,Inside,Gtl,Gilbert,Norm,Norm,1Fam,1Story,7,5,1995,HdBoard,HdBoard,BrkFace,-0.354516437318031,PConc,0,0,1237,1237,GasA,0.268289832918241,SBrkr,-0.785025043886639,-0.489678465694109,0,0,0.781365814350925,-0.756321032880405,0.169927088600022,-0.207698474525451,-0.287758288825272,0.623631660646747,Attchd,0.277209207528149,-0.328134471507676,0.998302463940117,-0.392025975016952,-0.359600750132276,-0.103330530851366,-0.285935458023539,NONE,-0.0895919598967582,Normal,0.44693779307133,1,2,2,3,2,4,3,3,3,7,1,1,2,3,3,1,0,3,0.297607266471232,12.0782392740203,200709
782,60,RL,0.216074820665833,-0.382354769689752,Pave,NONE,Lvl,Inside,Gtl,SawyerW,Norm,Norm,1Fam,2Story,6,5,1992,VinylSd,VinylSd,None,-0.567015949674981,PConc,387,0,374,761,GasA,0.268289832918241,SBrkr,1.06506400734381,0.202069868438512,0,0,0.781365814350925,1.23259887250509,0.169927088600022,-0.207698474525451,0.349545539005509,-0.924311211315714,Attchd,0.270536747492955,0.0523781530315144,-0.740760408320604,1.13245638378369,-0.359600750132276,-0.103330530851366,-0.285935458023539,NONE,-0.0895919598967582,Normal,0.44693779307133,1,3,3,4,3,3,0,3,3,7,5,1,2,3,3,1,0,2,0.297607266471232,12.0776709307256,200610
783,20,RL,0.275819293671759,0.7756988441942,Pave,NONE,Lvl,Inside,Gtl,CollgCr,Norm,Norm,1Fam,1Story,7,5,2001,VinylSd,VinylSd,None,-0.567015949674981,PConc,0,0,1413,1413,GasA,0.268289832918241,SBrkr,-0.785025043886639,-0.139851451004184,0,0,0.781365814350925,-0.756321032880405,0.169927088600022,-0.207698474525451,-0.287758288825272,-0.924311211315714,Attchd,0.290554127598537,0.613866294119831,-0.740760408320604,-0.214416379816877,-0.359600750132276,-0.103330530851366,-0.285935458023539,NONE,-0.0895919598967582,Normal,0.44693779307133,1,2,3,4,3,3,0,3,3,7,1,1,2,3,1,1,0,2,0.297607266471232,12.1393985122622,200909
784,85,RL,-1.72562055202678,-0.135323622093833,Pave,NONE,Lvl,Corner,Gtl,Mitchel,Norm,Norm,1Fam,SFoyer,5,6,1978,Plywood,Plywood,BrkFace,0.0145616630914082,PConc,1097,0,0,1097,GasA,0.268289832918241,SBrkr,-0.785025043886639,-0.77230707078258,1,0,-1.02736282330994,-0.756321032880405,-2.26152963504441,-0.207698474525451,-1.56236594448683,0.623631660646747,Attchd,0.23939860066205,0.599945100539129,1.65440345665666,-0.258818778616896,-0.359600750132276,-0.103330530851366,-0.285935458023539,NONE,-0.0895919598967582,Normal,-2.23744784062252,1,3,2,4,3,3,3,3,3,7,6,1,2,3,2,3,0,3,0.297607266471232,12.0167264737993,200910
785,75,RM,-0.680092274423065,-0.490526006291045,Pave,Grvl,Lvl,Inside,Gtl,OldTown,Norm,Norm,1Fam,2.5Unf,6,6,1914,Wd Sdng,Wd Shng,None,-0.567015949674981,CBlock,0,0,742,742,GasA,0.268289832918241,SBrkr,0.946079717794312,-0.0331245651665795,0,0,0.781365814350925,-0.756321032880405,0.169927088600022,-0.207698474525451,1.62415319466707,0.623631660646747,NONE,-4.15997671587587,-2.19357441132175,-0.740760408320604,3.60418991698474,1.72654654179996,-0.103330530851366,-0.285935458023539,NONE,-0.0895919598967582,Normal,0.44693779307133,1,2,2,4,2,3,4,0,0,7,1,1,2,3,3,1,0,0,-0.250997476711292,11.7597855429018,200809
786,20,RL,-1.72562055202678,-0.0479496689657069,Pave,NONE,Lvl,Inside,Gtl,NWAmes,Feedr,Norm,1Fam,1Story,6,5,1967,BrkFace,Wd Sdng,None,-0.567015949674981,CBlock,251,630,491,1372,GasA,0.268289832918241,SBrkr,-0.785025043886639,-0.313776746443243,0,0,0.781365814350925,-0.756321032880405,0.169927088600022,-0.207698474525451,0.349545539005509,0.623631660646747,Attchd,0.214932913866338,-0.0729125891948043,-0.740760408320604,-0.702842766617084,-0.359600750132276,-0.103330530851366,3.22097883597104,NONE,-0.0895919598967582,Normal,-2.23744784062252,1,2,2,2,2,3,4,3,3,7,3,2,2,3,3,1,0,1,-0.250997476711292,11.9922604216448,200912
787,50,RM,0.0667136381510165,0.0801311621800214,Pave,NONE,Lvl,Inside,Gtl,OldTown,Artery,Norm,1Fam,1.5Fin,5,6,1915,MetalSd,MetalSd,None,-0.567015949674981,PConc,686,0,0,686,GasA,0.268289832918241,SBrkr,0.815430301818391,0.298914635217079,1,0,0.781365814350925,-0.756321032880405,1.38565545042224,-0.207698474525451,0.349545539005509,-0.924311211315714,Detchd,0.20158799379595,-0.263168901464399,-0.740760408320604,-0.702842766617084,2.69177887090294,-0.103330530851366,-0.285935458023539,NONE,2.02567227481698,Normal,0.44693779307133,1,3,2,2,2,3,0,3,3,7,2,1,2,3,3,1,0,1,-0.799602219893816,11.8422292121128,201009
788,60,RL,0.544669422198429,-0.00331159712085902,Pave,NONE,Lvl,Inside,Gtl,SawyerW,Norm,Norm,1Fam,2Story,7,5,2004,VinylSd,VinylSd,None,-0.567015949674981,PConc,656,0,300,956,GasA,0.268289832918241,SBrkr,1.84662747791405,1.15272972191791,1,0,0.781365814350925,1.23259887250509,1.38565545042224,-0.207698474525451,0.98684936683629,-0.924311211315714,BuiltIn,0.297226587633731,0.674191466302874,-0.740760408320604,-0.0368067846168022,-0.359600750132276,-0.103330530851366,-0.285935458023539,NONE,-0.0895919598967582,Normal,0.44693779307133,1,2,3,4,3,3,0,3,3,7,6,1,2,3,2,1,0,2,0.297607266471232,12.3587937325478,201001
789,20,RM,-0.232008726878616,-0.52856981752245,Pave,NONE,Lvl,Corner,Gtl,OldTown,Norm,Norm,1Fam,1Story,4,7,1954,MetalSd,MetalSd,None,-0.567015949674981,CBlock,0,0,901,901,GasA,0.268289832918241,SBrkr,-0.785025043886639,-1.18537964745035,0,0,-1.02736282330994,-0.756321032880405,-1.04580127322219,-0.207698474525451,-1.56236594448683,-0.924311211315714,Detchd,0.186018920380498,-0.889622612595993,-0.740760408320604,-0.702842766617084,-0.359600750132276,-0.103330530851366,-0.285935458023539,NONE,-0.0895919598967582,Normal,0.44693779307133,1,2,2,4,2,3,0,2,3,7,1,1,2,3,3,1,0,1,-0.250997476711292,11.5889601512462,200811
790,60,RL,-1.72562055202678,0.258303011447099,Pave,NONE,Low,Inside,Gtl,ClearCr,Norm,Norm,1Fam,2Story,6,8,1966,HdBoard,HdBoard,BrkFace,0.310942561905049,CBlock,568,0,264,832,GasA,0.268289832918241,SBrkr,1.80696604806422,1.15865899335334,0,0,0.781365814350925,1.23259887250509,2.60138381224446,-0.207698474525451,1.62415319466707,-0.924311211315714,Attchd,0.212708760521274,-0.133237761377847,0.310582146273378,1.78369156618397,-0.359600750132276,-0.103330530851366,-0.285935458023539,NONE,-0.0895919598967582,Normal,-2.23744784062252,1,2,2,3,3,2,0,3,3,7,2,1,2,3,2,4,0,3,-0.250997476711292,12.1415341243926,200710
791,120,RL,-0.441114382399359,-0.885928017689443,Pave,NONE,Lvl,Inside,Gtl,Blmngtn,Norm,Norm,TwnhsE,1Story,7,5,2005,VinylSd,VinylSd,BrkFace,-0.505502932940074,PConc,16,0,1129,1145,GasA,0.268289832918241,SBrkr,-0.785025043886639,-0.703132237369318,0,0,0.781365814350925,-0.756321032880405,-1.04580127322219,-0.207698474525451,-0.925062116656053,0.623631660646747,Attchd,0.299450740978796,-0.351336460808846,0.0497227154342694,-0.466029973016984,-0.359600750132276,-0.103330530851366,-0.285935458023539,NONE,-0.0895919598967582,Normal,0.44693779307133,1,2,3,4,3,3,4,3,3,7,6,1,2,3,3,1,0,3,0.297607266471232,11.9841783136164,200912
792,80,RL,-1.72562055202678,0.147722333467817,Pave,NONE,Lvl,Corner,Gtl,Mitchel,Norm,Norm,1Fam,SLvl,6,5,1976,HdBoard,HdBoard,None,-0.567015949674981,PConc,539,0,490,1029,GasA,0.268289832918241,SBrkr,-0.785025043886639,-0.86717541374934,1,0,-1.02736282330994,-0.756321032880405,0.169927088600022,-0.207698474525451,-0.925062116656053,2.17157453260921,Attchd,0.234950293971921,0.307600035344386,0.207819340185244,-0.702842766617084,-0.359600750132276,-0.103330530851366,-0.285935458023539,NONE,-0.0895919598967582,Normal,-2.23744784062252,1,2,2,2,2,3,3,3,3,7,5,1,2,3,2,3,0,2,0.297607266471232,11.8968263951626,200708
793,60,RL,1.02262520624584,-0.0314640174320983,Pave,NONE,Lvl,CulDSac,Gtl,NoRidge,Norm,Norm,1Fam,2Story,7,5,1996,MetalSd,MetalSd,None,-0.567015949674981,PConc,862,0,255,1117,GasA,0.268289832918241,SBrkr,1.28203535887525,1.01240363127958,1,0,0.781365814350925,1.23259887250509,0.169927088600022,-0.207698474525451,0.98684936683629,0.623631660646747,Attchd,0.281657514218279,-0.0821933849152724,0.682109214438168,1.22126118138373,-0.359600750132276,-0.103330530851366,-0.285935458023539,NONE,-0.0895919598967582,Normal,0.44693779307133,1,2,3,4,2,3,3,3,3,7,6,1,2,3,2,3,0,1,0.297607266471232,12.5053991575767,200709
794,20,RL,0.544669422198429,-0.128095297959866,Pave,NONE,Lvl,Inside,Gtl,Somerst,Norm,Norm,1Fam,1Story,8,5,2007,CemntBd,CmentBd,Stone,0.215876990587466,PConc,0,0,1496,1496,GasA,0.268289832918241,SBrkr,-0.785025043886639,-0.00940747942488963,0,0,0.781365814350925,-0.756321032880405,0.169927088600022,-0.207698474525451,0.349545539005509,-0.924311211315714,Attchd,0.303899047668925,0.00597417442917412,0.587251239587583,1.22126118138373,-0.359600750132276,-0.103330530851366,-0.285935458023539,NONE,-0.0895919598967582,Partial,0.44693779307133,1,2,3,4,3,3,0,3,3,7,1,1,2,3,3,3,0,3,0.297607266471232,12.3238556811866,200709
795,60,RL,-1.72562055202678,0.0841891687113712,Pave,NONE,Lvl,Corner,Gtl,Gilbert,Norm,Norm,1Fam,2Story,7,5,1994,MetalSd,MetalSd,None,-0.567015949674981,PConc,0,0,712,712,GasA,0.268289832918241,SBrkr,1.10239241190836,0.779185621486298,0,0,0.781365814350925,1.23259887250509,0.169927088600022,-0.207698474525451,0.349545539005509,0.623631660646747,Attchd,0.274985054183085,-0.295651686486037,0.389630458648865,-0.0220059850167959,-0.359600750132276,-0.103330530851366,-0.285935458023539,NONE,0.791768137900632,Normal,-2.23744784062252,1,2,3,4,3,3,3,3,3,7,1,1,2,3,2,1,0,3,0.297607266471232,12.1781874420406,200802
796,60,RL,0.365436003180649,-0.224219327671214,Pave,NONE,Lvl,Inside,Gtl,SawyerW,Norm,Norm,1Fam,2Story,6,6,1980,HdBoard,HdBoard,BrkFace,0.159956066283005,CBlock,0,0,650,650,GasA,0.268289832918241,SBrkr,0.792100048965549,0.12498933977802,0,0,0.781365814350925,1.23259887250509,0.169927088600022,-0.207698474525451,0.349545539005509,0.623631660646747,Attchd,0.243846907352179,0.0152549701496422,-0.740760408320604,0.0371972133832291,-0.359600750132276,-0.103330530851366,3.34559000377795,MnPrv,-0.0895919598967582,Normal,0.44693779307133,1,2,2,2,2,3,3,3,3,7,1,1,2,3,3,1,0,1,0.297607266471232,12.0494188354848,201007
797,20,RL,0.395308239683612,-0.249962306604465,Pave,NONE,Lvl,Inside,Gtl,Sawyer,Norm,Norm,1Fam,1Story,6,5,1977,Plywood,Plywood,BrkFace,0.260613730031034,CBlock,0,0,660,660,GasA,0.268289832918241,SBrkr,-0.785025043886639,-0.42643290371627,0,0,-1.02736282330994,1.23259887250509,0.169927088600022,-0.207698474525451,0.349545539005509,0.623631660646747,Attchd,0.237174447316985,0.256555658881811,0.350106302461121,-0.702842766617084,-0.359600750132276,-0.103330530851366,-0.285935458023539,MnPrv,-0.0895919598967582,Normal,0.44693779307133,1,2,2,4,2,3,3,3,3,7,1,1,2,3,3,1,0,2,-0.250997476711292,11.8740903141818,200707
798,20,RL,-0.0229030713578732,-0.315904912738899,Pave,NONE,Lvl,Inside,Gtl,NAmes,Norm,Norm,1Fam,1Story,5,5,1953,VinylSd,VinylSd,None,-0.567015949674981,CBlock,570,0,203,773,GasA,0.268289832918241,SBrkr,-0.785025043886639,-1.4383618953617,0,0,-1.02736282330994,-0.756321032880405,-1.04580127322219,-0.207698474525451,-1.56236594448683,-0.924311211315714,Attchd,0.183794767035433,-1.07987892486559,-0.740760408320604,-0.702842766617084,-0.359600750132276,-0.103330530851366,-0.285935458023539,NONE,-0.0895919598967582,Abnorml,0.44693779307133,1,2,2,3,2,3,0,3,3,7,4,1,2,3,3,1,0,1,-0.250997476711292,11.6082356447746,200807
799,60,RL,1.3810920442814,0.424808091936546,Pave,NONE,Lvl,Inside,Gtl,NridgHt,Norm,Norm,1Fam,2Story,9,5,2008,VinylSd,VinylSd,Stone,4.24218354050862,PConc,0,0,1926,1926,GasA,0.268289832918241,SBrkr,1.95394664103713,3.23983326718662,0,0,2.59009445201179,1.23259887250509,1.38565545042224,-0.207698474525451,2.89876085032863,2.17157453260921,BuiltIn,0.308347354359055,1.61155183407015,0.397535289886414,0.451619602183404,-0.359600750132276,-0.103330530851366,-0.285935458023539,NONE,-0.0895919598967582,Partial,0.44693779307133,1,2,4,4,4,3,4,3,3,7,1,1,2,3,3,1,0,3,1.66911912442754,13.0919041699196,200910
800,50,RL,0.0667136381510165,-0.376394572596832,Pave,NONE,Lvl,Corner,Gtl,SWISU,Feedr,Norm,1Fam,1.5Fin,5,7,1937,Wd Sdng,Wd Sdng,BrkFace,0.842191342797423,BrkTil,569,0,162,731,GasA,0.268289832918241,SBrkr,1.05106585563211,0.528179797386747,1,0,-1.02736282330994,1.23259887250509,0.169927088600022,-0.207698474525451,0.349545539005509,2.17157453260921,Detchd,0.152656620204528,-1.07987892486559,-0.740760408320604,-0.702842766617084,3.75042078024169,-0.103330530851366,-0.285935458023539,MnPrv,-0.0895919598967582,Normal,0.44693779307133,1,2,2,4,3,3,3,3,3,7,5,1,2,3,3,1,0,1,0.297607266471232,12.0725412529057,200709
801,60,RL,0.634286131707318,0.333502944981175,Pave,NONE,HLS,Inside,Mod,ClearCr,Feedr,Norm,1Fam,2Story,6,5,1997,VinylSd,VinylSd,None,-0.567015949674981,PConc,462,0,154,616,GasA,0.268289832918241,SBrkr,1.71597806193813,0.370065892442148,1,0,0.781365814350925,1.23259887250509,1.38565545042224,-0.207698474525451,0.98684936683629,-0.924311211315714,Attchd,0.281657514218279,0.604585498399363,2.44488658041154,0.98444838778363,2.52052797380402,-0.103330530851366,-0.285935458023539,NONE,0.615496118341154,Normal,0.44693779307133,1,2,2,3,3,3,0,3,3,7,6,1,2,3,2,4,0,2,0.297607266471232,12.2060726455302,200808
802,30,RM,-0.530731091908249,-0.680745062448068,Pave,NONE,Lvl,Inside,Gtl,IDOTRR,Norm,Norm,1Fam,1Story,4,7,1916,MetalSd,MetalSd,None,-0.567015949674981,CBlock,197,0,999,1196,GasA,0.268289832918241,FuseA,-0.785025043886639,-0.602334622967136,1,0,-1.02736282330994,-0.756321032880405,-1.04580127322219,-0.207698474525451,-0.925062116656053,-0.924311211315714,Detchd,0.192691380415692,-0.151799352818783,-0.740760408320604,-0.702842766617084,-0.359600750132276,-0.103330530851366,-0.285935458023539,NONE,-0.0895919598967582,Normal,0.44693779307133,1,2,2,4,2,3,0,3,3,7,2,1,2,3,3,1,0,1,-0.250997476711292,11.6073261403917,200710
803,60,RL,0.156330347659906,-0.249708681196255,Pave,NONE,Lvl,Inside,Gtl,CollgCr,Norm,Norm,1Fam,2Story,7,5,2005,WdShing,Wd Shng,None,-0.567015949674981,PConc,648,0,80,728,GasA,0.268289832918241,SBrkr,0.913417363800332,-0.0884644318971892,1,0,0.781365814350925,1.23259887250509,0.169927088600022,-0.207698474525451,0.349545539005509,0.623631660646747,Attchd,0.299450740978796,-0.291011288625803,-0.45618648376885,-0.436428373816971,-0.359600750132276,-0.103330530851366,-0.285935458023539,NONE,-0.0895919598967582,Normal,0.44693779307133,1,2,3,4,3,3,4,3,3,7,6,1,2,3,3,3,0,3,0.297607266471232,12.1495022940418,200802
804,60,RL,1.47070875379029,0.472109230567592,Pave,NONE,Lvl,Inside,Gtl,NridgHt,Norm,Norm,1Fam,2Story,9,5,2008,VinylSd,VinylSd,Stone,1.80403124083414,PConc,0,0,1734,1734,GasA,0.268289832918241,SBrkr,1.75330646650268,2.61133049503184,0,0,2.59009445201179,1.23259887250509,1.38565545042224,-0.207698474525451,3.53606467815941,0.623631660646747,BuiltIn,0.308347354359055,2.53963140611695,-0.32970918396807,1.81329316538398,-0.359600750132276,-0.103330530851366,3.1319708589661,NONE,-0.0895919598967582,Partial,0.44693779307133,1,2,4,4,4,3,4,3,3,7,1,1,2,3,3,4,0,2,1.66911912442754,13.2758275359155,200901
805,20,RL,0.514797185695465,-0.148131705208405,Pave,NONE,Lvl,Inside,Gtl,NAmes,Norm,Norm,1Fam,1Story,5,5,1954,Wd Sdng,Wd Sdng,None,-0.567015949674981,CBlock,812,0,124,936,GasA,0.268289832918241,SBrkr,-0.785025043886639,-0.736731442170045,0,0,-1.02736282330994,-0.756321032880405,-1.04580127322219,-0.207698474525451,-0.925062116656053,-0.924311211315714,Attchd,0.186018920380498,-0.866420623294823,-0.740760408320604,-0.702842766617084,-0.359600750132276,-0.103330530851366,-0.285935458023539,GdWo,-0.0895919598967582,Family,0.44693779307133,1,2,2,2,2,3,0,3,3,6,2,1,2,3,3,1,0,1,-0.250997476711292,11.6784399034478,200609
806,20,RL,0.992752969742877,0.267053088030322,Pave,NONE,Lvl,FR2,Gtl,Somerst,Norm,Norm,1Fam,1Story,7,5,2008,VinylSd,VinylSd,Stone,0.864559712519207,PConc,0,0,1417,1417,GasA,0.268289832918241,SBrkr,-0.785025043886639,-0.143804298627799,0,0,0.781365814350925,-0.756321032880405,0.169927088600022,-0.207698474525451,-0.287758288825272,-0.924311211315714,Attchd,0.30612320101399,0.377206003247896,-0.740760408320604,0.185205209383292,-0.359600750132276,-0.103330530851366,-0.285935458023539,NONE,-0.0895919598967582,Partial,0.44693779307133,1,2,3,4,4,3,0,3,3,7,1,1,2,3,2,1,0,2,0.297607266471232,12.3356964133237,200810
807,80,RL,0.514797185695465,-0.0530221771298942,Pave,NONE,Lvl,Inside,Gtl,NAmes,Norm,Norm,1Fam,SLvl,5,5,1967,VinylSd,VinylSd,None,-0.567015949674981,PConc,400,480,100,980,GasA,0.268289832918241,SBrkr,-0.785025043886639,-1.02924216631755,0,0,0.781365814350925,-0.756321032880405,0.169927088600022,-0.207698474525451,-0.287758288825272,-0.924311211315714,Attchd,0.214932913866338,-0.411661632991888,-0.20323188416729,-0.702842766617084,-0.359600750132276,-0.103330530851366,-0.285935458023539,NONE,-0.0895919598967582,Normal,0.44693779307133,1,2,2,3,2,3,0,3,3,7,5,3,2,3,3,3,0,3,-0.250997476711292,11.8167269193019,200602
808,70,RL,2.57598150439993,1.42231682242397,Pave,NONE,Lvl,Inside,Gtl,BrkSide,Norm,Norm,1Fam,2Story,5,6,1923,Wd Sdng,Wd Sdng,None,-0.567015949674981,CBlock,1309,0,15,1324,GasA,0.268289832918241,SBrkr,0.390819699896649,0.148706425519709,2,0,-1.02736282330994,1.23259887250509,0.169927088600022,-0.207698474525451,-0.287758288825272,0.623631660646747,Attchd,0.117070166683493,0.256555658881811,-0.740760408320604,3.91500670858487,-0.359600750132276,-0.103330530851366,-0.285935458023539,NONE,-0.0895919598967582,Normal,0.44693779307133,1,2,2,4,3,3,3,3,3,7,6,1,2,3,3,4,0,2,-0.250997476711292,12.3171666930358,200908
809,80,RL,0.813519550725098,0.409844192852193,Pave,NONE,Lvl,Inside,Gtl,NAmes,Norm,Norm,1Fam,SLvl,5,5,1966,VinylSd,VinylSd,BrkFace,5.28790482500203,CBlock,516,128,380,1024,GasA,0.268289832918241,SBrkr,-0.785025043886639,-0.81974124226596,1,0,-1.02736282330994,-0.756321032880405,0.169927088600022,-0.207698474525451,-0.287758288825272,0.623631660646747,Attchd,0.212708760521274,0.0523781530315144,-0.740760408320604,-0.702842766617084,-0.359600750132276,-0.103330530851366,-0.285935458023539,GdWo,-0.0895919598967582,Normal,0.44693779307133,1,2,2,2,2,3,4,3,3,7,5,4,2,3,3,3,0,2,-0.250997476711292,11.9826165453777,200609
810,75,RM,0.962880733239914,-0.262263138902619,Pave,NONE,Lvl,Corner,Gtl,OldTown,Norm,Norm,1Fam,2.5Unf,5,5,1898,AsbShng,AsbShng,None,-0.567015949674981,PConc,0,0,849,849,GasA,-3.72731232161413,FuseA,1.69498083437057,1.25945660775552,0,0,0.781365814350925,-0.756321032880405,-1.04580127322219,9.11956071224055,2.89876085032863,-0.924311211315714,Detchd,0.0881561731976523,-0.523031181637505,-0.424567158818655,1.60608197098389,-0.359600750132276,-0.103330530851366,-0.285935458023539,MnPrv,-0.0895919598967582,Normal,0.44693779307133,1,2,2,2,2,3,0,2,1,7,1,1,0,3,3,1,0,1,-0.250997476711292,11.5711943730942,200903
811,20,RL,0.604413895204355,-0.00356522252906838,Pave,NONE,Lvl,Inside,Gtl,NWAmes,Norm,Norm,1Fam,1Story,6,6,1974,HdBoard,HdBoard,BrkFace,-0.013398799060822,CBlock,663,377,0,1040,GasA,0.268289832918241,SBrkr,-0.785025043886639,-0.37899873223289,1,0,-1.02736282330994,1.23259887250509,0.169927088600022,-0.207698474525451,-0.925062116656053,0.623631660646747,Attchd,0.230501987281791,0.0523781530315144,1.35401986962981,-0.702842766617084,-0.359600750132276,-0.103330530851366,-0.285935458023539,GdPrv,-0.0895919598967582,Normal,0.44693779307133,1,2,2,1,3,3,2,3,3,7,5,2,2,3,3,1,1,2,-0.250997476711292,12.106252310248,200601
812,120,RM,-1.72562055202678,-0.726651261333963,Pave,NONE,Lvl,Inside,Gtl,CollgCr,Norm,Norm,TwnhsE,1Story,6,5,2004,VinylSd,VinylSd,BrkFace,0.378047671070401,PConc,662,0,186,848,GasA,0.268289832918241,SBrkr,-0.785025043886639,-1.29013010947614,1,0,-1.02736282330994,-0.756321032880405,-2.26152963504441,-0.207698474525451,-1.56236594448683,0.623631660646747,Attchd,0.297226587633731,-0.244607310023463,0.365915964936219,-0.702842766617084,-0.359600750132276,-0.103330530851366,-0.285935458023539,NONE,-0.0895919598967582,Normal,-2.23744784062252,1,2,3,4,3,3,4,3,3,7,6,1,2,3,3,4,0,3,0.297607266471232,11.8810347865346,200809
813,20,C (all),0.245947057168796,-0.184653763990554,Grvl,NONE,Bnk,Inside,Mod,IDOTRR,Norm,Norm,1Fam,1Story,5,5,1952,Wd Sdng,Wd Sdng,None,-0.567015949674981,CBlock,0,0,540,540,GasA,-3.72731232161413,FuseA,-0.785025043886639,-0.902751042361874,0,0,-1.02736282330994,-0.756321032880405,-1.04580127322219,-0.207698474525451,-1.56236594448683,-0.924311211315714,Basment,0.181570613690368,0.145186110236195,-0.740760408320604,-0.702842766617084,-0.359600750132276,-0.103330530851366,-0.285935458023539,NONE,0.00559493066535993,Alloca,0.44693779307133,1,2,1,2,1,3,0,3,3,7,1,1,0,3,3,3,0,1,-0.250997476711292,10.9329819619041,201009
814,20,RL,0.514797185695465,-0.0530221771298942,Pave,NONE,Lvl,Inside,Gtl,NAmes,Norm,Norm,1Fam,1Story,6,6,1958,MetalSd,MetalSd,BrkFace,0.791862510923409,CBlock,608,0,834,1442,GasA,0.268289832918241,SBrkr,-0.785025043886639,-0.116134365262494,0,0,-1.02736282330994,1.23259887250509,1.38565545042224,-0.207698474525451,0.349545539005509,-0.924311211315714,Attchd,0.194915533760756,-0.796814655391312,-0.740760408320604,-0.702842766617084,3.9216716773406,-0.103330530851366,-0.285935458023539,NONE,0.791768137900632,Normal,0.44693779307133,1,2,2,3,2,3,0,3,3,7,3,1,2,3,3,1,0,2,-0.250997476711292,11.9697172002437,200707
815,50,RL,-0.381369909393432,-0.243494858695126,Pave,Grvl,Lvl,Inside,Gtl,Edwards,Norm,Norm,1Fam,1.5Fin,5,7,1918,Stucco,Stucco,None,-0.567015949674981,BrkTil,0,0,686,686,GasW,0.268289832918241,SBrkr,0.530801217013707,-0.495607737129532,0,1,-1.02736282330994,1.23259887250509,0.169927088600022,-0.207698474525451,0.349545539005509,-0.924311211315714,Detchd,0.188243073725562,-0.894263010456227,0.895539657851984,-0.702842766617084,1.13495253364007,-0.103330530851366,-0.285935458023539,NONE,-0.0895919598967582,Normal,0.44693779307133,1,2,2,3,1,3,0,3,3,7,1,1,1,3,3,1,0,1,-0.250997476711292,11.6613454700885,200610
816,20,RL,-0.291753199884543,0.249679747567981,Pave,NONE,Lvl,CulDSac,Gtl,CollgCr,Norm,Norm,1Fam,1Story,7,5,1998,VinylSd,VinylSd,BrkFace,1.90468890458217,PConc,0,0,1649,1649,GasA,0.268289832918241,SBrkr,-0.785025043886639,0.316702449523346,0,0,0.781365814350925,-0.756321032880405,0.169927088600022,-0.207698474525451,-0.287758288825272,-0.924311211315714,Attchd,0.283881667563343,0.581383509098193,-0.740760408320604,-0.199615580216871,-0.359600750132276,-0.103330530851366,-0.285935458023539,NONE,-0.0895919598967582,Normal,0.44693779307133,1,2,2,4,3,3,0,3,3,7,1,1,2,3,1,1,0,2,0.297607266471232,12.3234111379474,201008
817,20,RL,-1.72562055202678,0.159389102245447,Pave,NONE,Lvl,Corner,Gtl,NAmes,Norm,Norm,1Fam,1Story,5,6,1954,BrkFace,BrkFace,None,-0.567015949674981,CBlock,486,0,522,1008,GasA,0.268289832918241,SBrkr,-0.785025043886639,-0.973902299586944,0,0,-1.02736282330994,-0.756321032880405,-1.04580127322219,-0.207698474525451,-1.56236594448683,0.623631660646747,Attchd,0.186018920380498,-0.917464999757397,-0.740760408320604,-0.702842766617084,1.50859085458316,-0.103330530851366,-0.285935458023539,NONE,-0.0895919598967582,Normal,-2.23744784062252,1,2,2,3,2,3,4,3,3,7,4,1,2,3,2,1,0,2,-0.250997476711292,11.8277362048103,200610
818,20,RL,-1.72562055202678,0.392724477798061,Pave,NONE,Lvl,CulDSac,Gtl,Mitchel,Norm,Norm,1Fam,1Story,8,5,2002,CemntBd,CmentBd,BrkFace,0.260613730031034,PConc,1218,0,350,1568,GasA,0.268289832918241,SBrkr,-0.785025043886639,0.372042316253956,1,0,0.781365814350925,-0.756321032880405,0.169927088600022,-0.207698474525451,0.349545539005509,2.17157453260921,Attchd,0.292778280943602,1.78324655489881,0.444964277311706,0.170404409783286,-0.359600750132276,-0.103330530851366,-0.285935458023539,NONE,-0.0895919598967582,Normal,-2.23744784062252,1,2,3,4,3,3,4,3,3,7,6,1,2,3,2,1,0,2,0.297607266471232,12.5098740998618,200810
819,80,RL,0.664158368210282,-0.171465242763667,Pave,NONE,Lvl,Inside,Gtl,ClearCr,Norm,Norm,1Fam,SLvl,6,7,1971,HdBoard,HdBoard,BrkFace,-0.119648555239297,CBlock,504,0,506,1010,GasA,0.268289832918241,SBrkr,-0.785025043886639,-0.886939651867414,1,0,-1.02736282330994,-0.756321032880405,0.169927088600022,-0.207698474525451,-0.287758288825272,-0.924311211315714,Attchd,0.223829527246597,-0.151799352818783,-0.740760408320604,-0.702842766617084,-0.359600750132276,-0.103330530851366,-0.285935458023539,MnPrv,-0.0895919598967582,Normal,0.44693779307133,1,2,2,3,2,3,0,3,3,7,6,1,2,3,3,3,0,1,-0.250997476711292,11.9511803959014,201009
820,120,RL,-0.411242145896396,-0.481522304299613,Pave,NONE,Lvl,Inside,Gtl,NridgHt,Norm,Norm,TwnhsE,1Story,7,5,2009,VinylSd,VinylSd,Stone,0.148771881422113,PConc,733,0,625,1358,GasA,0.268289832918241,SBrkr,-0.785025043886639,-0.282153965454323,1,0,0.781365814350925,-0.756321032880405,-1.04580127322219,-0.207698474525451,-0.287758288825272,0.623631660646747,Attchd,0.310571507704119,0.0523781530315144,0.776967189288753,-0.184814780616865,-0.359600750132276,-0.103330530851366,-0.285935458023539,NONE,-0.0895919598967582,Partial,0.44693779307133,1,2,3,4,3,3,4,3,3,7,6,1,2,3,2,2,0,2,0.297607266471232,12.3194013308372,201009
821,60,RL,0.425180476186576,-0.37309744229011,Pave,NONE,Lvl,CulDSac,Gtl,CollgCr,Norm,Norm,1Fam,2Story,7,5,2003,VinylSd,VinylSd,None,-0.567015949674981,PConc,0,0,798,798,GasA,0.268289832918241,SBrkr,1.17938224632274,0.275197549475389,0,0,0.781365814350925,1.23259887250509,0.169927088600022,-0.207698474525451,-0.287758288825272,-0.924311211315714,Attchd,0.295002434288667,0.567462315517491,-0.740760408320604,-0.0368067846168022,-0.359600750132276,-0.103330530851366,-0.285935458023539,NONE,-0.0895919598967582,Normal,0.44693779307133,1,2,3,4,3,3,0,3,3,7,1,1,2,3,2,1,0,2,0.297607266471232,12.1172414318236,200809
822,20,RM,0.0667136381510165,-0.52856981752245,Pave,Pave,Bnk,Inside,Mod,OldTown,Norm,Norm,2fmCon,1Story,4,4,1953,MetalSd,MetalSd,None,-0.567015949674981,CBlock,0,0,936,936,GasA,-3.72731232161413,SBrkr,-0.785025043886639,-1.11620481403708,0,0,-1.02736282330994,-0.756321032880405,-1.04580127322219,-0.207698474525451,-1.56236594448683,-0.924311211315714,Detchd,0.230501987281791,0.479294756173045,-0.740760408320604,-0.229217179416884,1.38404474760213,-0.103330530851366,-0.285935458023539,NONE,-0.0895919598967582,Normal,0.44693779307133,1,2,1,2,2,3,0,3,3,5,1,1,2,3,3,1,0,1,-0.799602219893816,11.4403547721354,200905
823,60,RL,-1.72562055202678,0.282270612522884,Pave,NONE,Lvl,Corner,Gtl,Gilbert,Norm,Norm,1Fam,2Story,7,5,2003,VinylSd,VinylSd,None,-0.567015949674981,PConc,0,0,847,847,GasA,0.268289832918241,SBrkr,1.28203535887525,0.459004963973485,0,0,0.781365814350925,1.23259887250509,0.169927088600022,-0.207698474525451,0.349545539005509,0.623631660646747,BuiltIn,0.295002434288667,-0.184282137840421,0.0497227154342694,0.00759561418321662,-0.359600750132276,-0.103330530851366,-0.285935458023539,NONE,-0.0895919598967582,Family,-2.23744784062252,1,2,3,4,3,3,4,3,3,7,1,1,2,3,2,4,0,3,0.297607266471232,12.3238556811866,200702
824,50,RL,0.0667136381510165,-0.034000271514192,Pave,NONE,Lvl,Inside,Gtl,SWISU,Norm,Norm,1Fam,1.5Fin,6,7,1940,VinylSd,VinylSd,None,-0.567015949674981,BrkTil,0,0,778,778,GasA,0.268289832918241,SBrkr,0.486473736593305,-0.023242446107542,0,0,0.781365814350925,-0.756321032880405,0.169927088600022,-0.207698474525451,0.349545539005509,0.623631660646747,Detchd,0.154880773549592,-1.07987892486559,1.90735805625822,-0.702842766617084,-0.359600750132276,-0.103330530851366,-0.285935458023539,GdWo,-0.0895919598967582,Normal,0.44693779307133,1,2,2,2,2,3,4,3,3,7,1,1,2,3,3,1,0,1,-0.250997476711292,11.8458198802436,200910
825,20,FV,0.694030604713245,0.132885247087569,Pave,NONE,Lvl,Inside,Gtl,Somerst,Norm,Norm,1Fam,1Story,8,5,2006,VinylSd,VinylSd,None,-0.567015949674981,PConc,0,0,1489,1489,GasA,0.268289832918241,SBrkr,-0.785025043886639,-0.023242446107542,0,0,0.781365814350925,-0.756321032880405,0.169927088600022,-0.207698474525451,0.349545539005509,0.623631660646747,Attchd,0.301674894323861,1.40737432821985,-0.740760408320604,1.36926917738379,-0.359600750132276,-0.103330530851366,-0.285935458023539,NONE,-0.0895919598967582,Partial,0.44693779307133,1,2,3,4,3,4,4,3,3,7,1,1,2,3,3,1,0,2,0.297607266471232,12.3570755190667,200609
826,20,RL,1.67981440931103,0.587762416711062,Pave,NONE,Lvl,Inside,Gtl,NridgHt,PosN,PosN,1Fam,1Story,10,5,2007,CemntBd,CmentBd,BrkFace,3.99613147356899,PConc,1636,0,442,2078,GasA,0.268289832918241,SBrkr,-0.785025043886639,1.15272972191791,1,0,0.781365814350925,-0.756321032880405,-1.04580127322219,-0.207698474525451,0.349545539005509,0.623631660646747,Attchd,0.303899047668925,3.46771097816376,0.745347864338558,-0.0368067846168022,-0.359600750132276,-0.103330530851366,-0.285935458023539,NONE,-0.0895919598967582,Partial,0.44693779307133,1,2,4,4,4,3,4,3,3,7,6,1,2,3,3,3,0,3,1.66911912442754,12.8609986132699,200809
827,45,RM,-0.232008726878616,-0.512084165988841,Pave,NONE,Lvl,Inside,Gtl,BrkSide,Norm,Norm,1Fam,1.5Unf,5,6,1924,MetalSd,MetalSd,None,-0.567015949674981,BrkTil,784,0,0,784,GasA,0.268289832918241,SBrkr,-0.785025043886639,-1.41662123343182,1,0,-1.02736282330994,-0.756321032880405,-1.04580127322219,-0.207698474525451,-0.925062116656053,-0.924311211315714,NONE,-4.15997671587587,-2.19357441132175,-0.740760408320604,-0.702842766617084,1.44631780109265,-0.103330530851366,-0.285935458023539,NONE,-0.0895919598967582,Normal,0.44693779307133,1,2,2,3,3,3,0,0,0,7,5,1,2,3,3,1,0,0,-0.250997476711292,11.6036798282387,200808
828,20,RL,0.216074820665833,-0.20786048884171,Pave,NONE,Lvl,Inside,Gtl,SawyerW,Norm,Norm,1Fam,1Story,7,5,2001,VinylSd,VinylSd,None,-0.567015949674981,PConc,20,0,1434,1454,GasA,0.268289832918241,SBrkr,-0.785025043886639,-0.131945755756954,0,0,0.781365814350925,-0.756321032880405,0.169927088600022,-0.207698474525451,-0.287758288825272,0.623631660646747,Attchd,0.290554127598537,0.251915261021577,1.55164065056853,-0.12561158221684,-0.359600750132276,-0.103330530851366,-0.285935458023539,NONE,-0.0895919598967582,Normal,0.44693779307133,1,2,3,4,3,3,3,3,3,7,6,1,2,3,2,1,0,2,0.297607266471232,12.1495022940418,200907
829,60,RL,-1.72562055202678,2.34982494024561,Pave,NONE,Low,CulDSac,Sev,ClearCr,Norm,Norm,1Fam,2Story,5,5,1967,Plywood,Plywood,None,-0.567015949674981,PConc,249,764,0,1013,GasA,0.268289832918241,SBrkr,1.468677381698,1.23573952201383,0,1,0.781365814350925,1.23259887250509,0.169927088600022,-0.207698474525451,0.349545539005509,-0.924311211315714,Attchd,0.214932913866338,0.302959637484152,3.10098757312808,-0.702842766617084,-0.359600750132276,-0.103330530851366,3.71942350719869,NONE,-0.0895919598967582,Abnorml,-2.23744784062252,1,2,2,2,2,4,0,3,3,5,2,5,2,3,1,4,0,3,-0.250997476711292,12.1281111040605,200909
830,160,FV,-1.00868687595566,-0.966834522908229,Pave,Pave,Lvl,Inside,Gtl,Somerst,Norm,Norm,Twnhs,2Story,7,5,2005,MetalSd,MetalSd,None,-0.567015949674981,PConc,0,0,600,600,GasA,0.268289832918241,SBrkr,0.66844970884548,-0.548971180048334,0,0,0.781365814350925,1.23259887250509,-1.04580127322219,-0.207698474525451,-1.56236594448683,-0.924311211315714,Detchd,0.299450740978796,0.0338165615905783,-0.740760408320604,1.75408996698396,-0.359600750132276,-0.103330530851366,-0.285935458023539,NONE,-0.0895919598967582,Normal,0.44693779307133,1,2,3,4,3,3,0,3,3,7,1,1,2,3,3,1,0,2,0.297607266471232,11.9009052587374,200610
831,20,RL,0.664158368210282,0.219625136695171,Pave,NONE,Lvl,Corner,Gtl,NAmes,Norm,Norm,1Fam,1Story,6,5,1957,HdBoard,HdBoard,BrkFace,1.59712382090764,CBlock,1040,0,352,1392,GasA,0.268289832918241,FuseA,-0.785025043886639,-0.214955555852868,1,0,-1.02736282330994,1.23259887250509,0.169927088600022,-0.207698474525451,-0.287758288825272,2.17157453260921,Attchd,0.192691380415692,-0.0682721913345703,-0.740760408320604,-0.702842766617084,-0.359600750132276,-0.103330530851366,3.1319708589661,NONE,-0.0895919598967582,Normal,0.44693779307133,1,2,2,2,2,3,4,3,3,7,3,1,2,3,2,1,0,2,-0.250997476711292,12.0197430673387,200809
832,160,FV,-0.829453456937881,-0.886181643097652,Pave,Pave,Lvl,Inside,Gtl,Somerst,Norm,Norm,TwnhsE,2Story,7,5,2005,MetalSd,MetalSd,None,-0.567015949674981,PConc,0,0,600,600,GasA,0.268289832918241,SBrkr,0.614790127283942,-0.594428927719906,0,0,0.781365814350925,1.23259887250509,-1.04580127322219,-0.207698474525451,-1.56236594448683,-0.924311211315714,Detchd,0.299450740978796,0.0338165615905783,-0.740760408320604,1.75408996698396,-0.359600750132276,-0.103330530851366,-0.285935458023539,NONE,-0.0895919598967582,Normal,0.44693779307133,1,2,2,4,3,3,0,3,3,7,1,1,2,3,3,1,0,2,0.297607266471232,11.9250351157971,200609
833,60,RL,-0.411242145896396,-0.0786383433590399,Pave,NONE,Lvl,CulDSac,Gtl,CollgCr,Norm,Norm,1Fam,2Story,7,6,2003,VinylSd,VinylSd,BrkFace,0.680020662314488,PConc,483,0,458,941,GasA,0.268289832918241,SBrkr,1.28670140944582,0.648741649907004,1,0,0.781365814350925,1.23259887250509,0.169927088600022,-0.207698474525451,0.349545539005509,0.623631660646747,Attchd,0.295002434288667,0.650989477001704,0.776967189288753,-0.12561158221684,-0.359600750132276,-0.103330530851366,-0.285935458023539,NONE,-0.0895919598967582,Normal,0.44693779307133,1,2,3,4,3,3,3,3,3,7,6,1,2,3,2,1,0,2,0.297607266471232,12.3758154201173,201001
834,20,RL,1.26160309826955,-0.0208117502873051,Pave,NONE,Lvl,Inside,Gtl,NAmes,Norm,Norm,1Fam,1Story,6,6,1964,HdBoard,Plywood,BrkFace,0.439560687805308,CBlock,196,345,975,1516,GasA,0.268289832918241,SBrkr,-0.785025043886639,0.0301209968112601,0,0,-1.02736282330994,1.23259887250509,0.169927088600022,-0.207698474525451,-0.287758288825272,-0.924311211315714,Attchd,0.208260453831144,-0.00330662129129393,-0.740760408320604,-0.702842766617084,-0.359600750132276,-0.103330530851366,2.41990704292659,NONE,-0.0895919598967582,Normal,0.44693779307133,1,2,2,2,2,3,0,3,3,7,3,4,2,3,3,1,0,2,-0.250997476711292,12.0257490913989,200905
835,20,RL,0.514797185695465,-0.290795997326172,Pave,NONE,Lvl,Inside,Gtl,NAmes,Norm,Norm,1Fam,1Story,5,6,1961,VinylSd,VinylSd,BrkFace,0.193508620865682,CBlock,572,0,572,1144,GasA,0.268289832918241,SBrkr,-0.785025043886639,-0.705108661181125,1,0,-1.02736282330994,-0.756321032880405,0.169927088600022,-0.207698474525451,-0.287758288825272,-0.924311211315714,Attchd,0.20158799379595,-0.0775529870550383,-0.740760408320604,-0.702842766617084,-0.359600750132276,-0.103330530851366,-0.285935458023539,GdWo,-0.0895919598967582,Normal,0.44693779307133,1,2,2,3,2,3,0,3,3,7,3,1,2,3,3,1,0,1,-0.250997476711292,11.8490404949436,200812
836,20,RL,0.0667136381510165,-0.0720440827455964,Pave,NONE,Lvl,Inside,Gtl,Sawyer,Norm,Norm,1Fam,1Story,4,7,1950,VinylSd,HdBoard,None,-0.567015949674981,CBlock,442,0,625,1067,GasA,0.268289832918241,SBrkr,-0.785025043886639,-0.857293294690302,0,0,0.781365814350925,-0.756321032880405,-1.04580127322219,-0.207698474525451,-1.56236594448683,-0.924311211315714,Attchd,0.279433360873214,-0.170360944259719,1.55164065056853,-0.702842766617084,-0.359600750132276,-0.103330530851366,-0.285935458023539,NONE,-0.0895919598967582,Normal,0.44693779307133,1,2,2,2,3,3,0,3,3,5,4,1,2,3,3,1,0,1,0.297607266471232,11.7597855429018,201005
837,30,RM,0.962880733239914,-0.262263138902619,Pave,Pave,Lvl,Inside,Gtl,OldTown,Norm,Norm,1Fam,1Story,5,6,1948,VinylSd,VinylSd,None,-0.567015949674981,BrkTil,338,0,1221,1559,GasA,0.268289832918241,SBrkr,-0.785025043886639,0.115107220718982,1,0,-1.02736282330994,-0.756321032880405,-1.04580127322219,-0.207698474525451,-0.925062116656053,-0.924311211315714,Detchd,0.17267400031011,1.57442865118827,-0.740760408320604,1.01404998698364,3.22109982557231,-0.103330530851366,-0.285935458023539,GdWo,-0.0895919598967582,Normal,0.44693779307133,1,2,2,3,2,3,0,3,3,5,3,1,2,3,3,1,0,1,-0.250997476711292,11.9414558460094,200709
838,160,RM,-1.09830358546455,-1.07640069925467,Pave,NONE,Lvl,Inside,Gtl,BrDale,Norm,Norm,Twnhs,2Story,6,5,1973,HdBoard,HdBoard,BrkFace,0.316534654335495,CBlock,330,0,153,483,GasA,0.268289832918241,SBrkr,0.390819699896649,-1.0154071996349,1,0,-1.02736282330994,1.23259887250509,-1.04580127322219,-0.207698474525451,-0.925062116656053,-0.924311211315714,Detchd,0.228277833936727,-0.968509376219971,-0.740760408320604,-0.702842766617084,-0.359600750132276,-0.103330530851366,-0.285935458023539,NONE,-0.0895919598967582,Normal,0.44693779307133,1,2,2,2,2,3,0,3,3,7,4,1,2,3,3,1,0,1,-0.250997476711292,11.5129254649702,200803
839,20,RL,0.514797185695465,-0.0815550355534475,Pave,NONE,Lvl,Inside,Gtl,CollgCr,Norm,Norm,1Fam,1Story,5,6,1995,VinylSd,VinylSd,None,-0.567015949674981,PConc,0,0,1099,1099,GasA,0.268289832918241,SBrkr,-0.785025043886639,-0.794047732712463,0,0,-1.02736282330994,1.23259887250509,0.169927088600022,-0.207698474525451,-0.287758288825272,-0.924311211315714,Attchd,0.286105820908408,-0.560154364519377,1.45678267571794,-0.702842766617084,-0.359600750132276,-0.103330530851366,-0.285935458023539,NONE,-0.0895919598967582,Normal,0.44693779307133,1,2,2,4,3,3,0,3,3,7,1,1,2,3,3,1,0,1,0.297607266471232,11.8775685785581,200809
840,50,RL,0.365436003180649,0.202759047049248,Pave,NONE,Lvl,Inside,Gtl,Edwards,Norm,Norm,1Fam,1.5Fin,5,6,1946,MetalSd,MetalSd,None,-0.567015949674981,CBlock,352,0,416,768,GasA,0.268289832918241,SBrkr,0.222841879356179,-0.594428927719906,0,0,-1.02736282330994,-0.756321032880405,0.169927088600022,-0.207698474525451,-0.287758288825272,-0.924311211315714,Detchd,0.16822569361998,-1.07987892486559,-0.740760408320604,-0.702842766617084,-0.359600750132276,-0.103330530851366,-0.285935458023539,NONE,-0.0895919598967582,Normal,0.44693779307133,1,2,2,4,2,3,0,3,3,7,4,1,2,3,3,1,0,1,-0.250997476711292,11.7791285057449,200808
841,70,RH,-1.72562055202678,0.251962376241865,Pave,NONE,Lvl,Inside,Gtl,SWISU,Norm,Norm,1Fam,2Story,6,8,1925,Wd Sdng,Wd Sdng,None,-0.567015949674981,BrkTil,156,0,516,672,GasA,-3.72731232161413,SBrkr,0.782767947824411,-0.0370774127901945,0,0,0.781365814350925,-0.756321032880405,1.38565545042224,-0.207698474525451,0.349545539005509,-0.924311211315714,Detchd,0.141535853479204,-0.337415267228144,-0.740760408320604,-0.702842766617084,3.5947381465154,-0.103330530851366,-0.285935458023539,NONE,-0.0895919598967582,Normal,-2.23744784062252,1,2,2,2,1,3,0,3,3,7,4,1,1,3,2,1,0,1,-0.250997476711292,11.8493977015914,200806
842,70,RM,0.0667136381510165,0.0344785887023361,Pave,Grvl,Lvl,Inside,Gtl,OldTown,Norm,Norm,1Fam,2Story,5,8,1904,MetalSd,MetalSd,None,-0.567015949674981,PConc,0,0,650,650,GasA,0.268289832918241,SBrkr,0.57046264686354,0.0755787444828324,0,0,0.781365814350925,-0.756321032880405,0.169927088600022,-0.207698474525451,0.98684936683629,0.623631660646747,Detchd,0.250519367387373,0.989738520798787,-0.187422221692193,0.451619602183404,0.699041159206472,-0.103330530851366,-0.285935458023539,NONE,-0.0895919598967582,Normal,0.44693779307133,1,2,2,3,3,3,1,4,3,7,1,1,1,3,3,1,0,1,-0.250997476711292,11.9671807372478,200809
843,80,RL,0.723902841216208,-0.145595451126312,Pave,NONE,Lvl,Inside,Gtl,NAmes,Norm,Norm,1Fam,SLvl,6,7,1966,HdBoard,HdBoard,BrkFace,0.456336965096646,CBlock,312,539,276,1127,GasA,0.268289832918241,SBrkr,-0.785025043886639,-0.663603761133168,1,0,-1.02736282330994,1.23259887250509,0.169927088600022,-0.207698474525451,-0.287758288825272,-0.924311211315714,Attchd,0.212708760521274,0.0802205401929185,-0.740760408320604,1.20646038178372,-0.359600750132276,-0.103330530851366,-0.285935458023539,GdPrv,-0.0895919598967582,Normal,0.44693779307133,1,2,2,2,2,3,0,4,4,7,3,5,2,3,3,4,0,2,-0.250997476711292,12.0719696610067,200808
844,90,RL,0.664158368210282,-0.274944409313087,Pave,NONE,Lvl,Corner,Gtl,NAmes,Artery,Norm,Duplex,1Story,5,4,1961,BrkFace,BrkFace,None,-0.567015949674981,CBlock,0,0,1800,1800,GasA,-3.72731232161413,SBrkr,-0.785025043886639,0.591425359364587,0,0,0.781365814350925,-0.756321032880405,3.81711217406667,4.45593111885755,2.26145702249785,-0.924311211315714,NONE,-4.15997671587587,-2.19357441132175,-0.740760408320604,-0.702842766617084,-0.359600750132276,-0.103330530851366,-0.285935458023539,NONE,-0.0895919598967582,Normal,0.44693779307133,1,2,2,4,2,3,0,0,0,7,1,1,2,3,3,1,0,0,-0.250997476711292,11.8565151693603,200710
845,50,RM,1.26160309826955,0.316636855335252,Pave,Grvl,Lvl,Inside,Gtl,OldTown,Artery,Norm,1Fam,1.5Fin,5,8,1915,Wd Sdng,Wd Sdng,None,-0.567015949674981,BrkTil,0,0,876,876,GasA,0.268289832918241,SBrkr,0.474808610166884,-0.167521384369489,0,0,-1.02736282330994,1.23259887250509,1.38565545042224,-0.207698474525451,0.349545539005509,0.623631660646747,Detchd,0.174898153655174,1.14751204804674,2.56345904897477,-0.702842766617084,2.66064234415768,-0.103330530851366,-0.285935458023539,NONE,-0.0895919598967582,Normal,0.44693779307133,1,2,2,3,2,3,4,3,3,7,1,1,2,3,2,2,0,1,-0.250997476711292,11.944058319827,200809
846,85,RL,-1.72562055202678,0.821605043080094,Pave,NONE,Lvl,CulDSac,Gtl,Sawyer,RRAe,Norm,1Fam,SFoyer,5,5,1975,HdBoard,HdBoard,None,-0.567015949674981,CBlock,1390,0,0,1390,GasA,0.268289832918241,SBrkr,-0.785025043886639,0.395759401995645,1,0,0.781365814350925,-0.756321032880405,0.169927088600022,-0.207698474525451,-0.287758288825272,2.17157453260921,Basment,0.232726140626856,0.641708681281235,-0.740760408320604,-0.702842766617084,-0.359600750132276,-0.103330530851366,-0.285935458023539,NONE,-0.0895919598967582,Normal,-2.23744784062252,1,2,2,2,2,3,3,3,3,5,5,1,2,3,2,4,0,3,0.297607266471232,12.0494188354848,200701
847,60,RL,0.514797185695465,-0.107932078007221,Pave,NONE,Lvl,Inside,Gtl,SawyerW,Norm,Norm,1Fam,2Story,7,5,1993,HdBoard,HdBoard,BrkFace,0.199100713296128,PConc,513,0,227,740,GasA,0.268289832918241,SBrkr,1.00907140049699,0.5420147640694,1,0,0.781365814350925,1.23259887250509,0.169927088600022,-0.207698474525451,0.349545539005509,0.623631660646747,Attchd,0.27276090083802,-0.221405320722293,1.1089701012658,0.362814804583367,2.62950581741242,-0.103330530851366,-0.285935458023539,NONE,-0.0895919598967582,Normal,0.44693779307133,1,2,3,4,3,3,3,3,3,7,5,1,2,3,3,1,0,1,0.297607266471232,12.2690474446916,200910
848,20,RL,-0.650220037920102,0.679067563666432,Pave,NONE,Lvl,CulDSac,Gtl,CollgCr,Norm,Norm,1Fam,1Story,5,6,1972,HdBoard,Plywood,None,-0.567015949674981,CBlock,460,0,404,864,GasA,0.268289832918241,SBrkr,-0.785025043886639,-1.25850732848722,1,0,-1.02736282330994,-0.756321032880405,0.169927088600022,-0.207698474525451,-0.925062116656053,0.623631660646747,Attchd,0.226053680591662,-0.625119934562653,-0.740760408320604,-0.702842766617084,-0.359600750132276,-0.103330530851366,-0.285935458023539,NONE,-0.0895919598967582,Normal,0.44693779307133,1,2,2,4,2,3,2,3,3,7,4,1,2,3,2,3,0,1,-0.250997476711292,11.8018567568224,200911
849,50,RL,0.514797185695465,4.49321326502294,Pave,NONE,Bnk,Inside,Gtl,ClearCr,Norm,Norm,1Fam,1.5Fin,6,8,1908,Wd Sdng,Wd Sdng,None,-0.567015949674981,BrkTil,0,0,907,907,GasA,0.268289832918241,SBrkr,1.66698453094716,1.69426984635317,0,0,2.59009445201179,-0.756321032880405,2.60138381224446,-0.207698474525451,2.26145702249785,0.623631660646747,Detchd,0.083707866507523,-0.523031181637505,3.10098757312808,-0.110810782616833,-0.359600750132276,-0.103330530851366,2.82934373714931,NONE,-0.0895919598967582,Normal,0.44693779307133,1,2,2,2,2,3,4,2,3,7,1,1,2,3,1,1,0,1,-0.250997476711292,12.3883942023241,200812
850,80,RL,0.664158368210282,-0.0720440827455964,Pave,NONE,Lvl,FR2,Gtl,Veenker,Feedr,Norm,1Fam,SLvl,6,7,1976,Plywood,Plywood,BrkFace,1.4461373252856,CBlock,0,0,528,528,GasA,0.268289832918241,SBrkr,0.990407198214714,0.700128669013999,0,0,0.781365814350925,1.23259887250509,0.169927088600022,-0.207698474525451,0.349545539005509,0.623631660646747,Attchd,0.234950293971921,0.182309293118067,0.152485521522403,0.777237193383542,-0.359600750132276,-0.103330530851366,-0.285935458023539,NONE,-0.0895919598967582,Normal,0.44693779307133,1,3,3,4,2,3,3,3,3,7,1,1,2,3,3,1,0,2,-0.250997476711292,12.1388638958367,200711
851,120,RM,-0.650220037920102,-0.727031699446277,Pave,NONE,Lvl,Inside,Gtl,CollgCr,Norm,Norm,TwnhsE,1Story,6,5,2003,VinylSd,VinylSd,BrkFace,0.383639763500847,PConc,659,0,189,848,GasA,0.268289832918241,SBrkr,-0.785025043886639,-1.29013010947614,1,0,-1.02736282330994,-0.756321032880405,-2.26152963504441,-0.207698474525451,-2.19966977231761,-0.924311211315714,Attchd,0.295002434288667,-0.244607310023463,0.365915964936219,-0.702842766617084,-0.359600750132276,-0.103330530851366,-0.285935458023539,NONE,-0.0895919598967582,Normal,0.44693779307133,1,2,3,4,3,3,0,3,3,7,6,1,2,3,3,3,0,3,0.297607266471232,11.7867621306,200703
852,120,RL,-1.72562055202678,-0.884152639831977,Pave,NONE,Lvl,Inside,Gtl,Blmngtn,Norm,Norm,TwnhsE,1Story,8,5,2003,VinylSd,VinylSd,BrkFace,-0.343332252457139,PConc,0,0,1273,1273,GasA,0.268289832918241,SBrkr,-0.785025043886639,-0.0884644318971892,0,0,0.781365814350925,-0.756321032880405,-1.04580127322219,-0.207698474525451,0.349545539005509,0.623631660646747,Attchd,0.295002434288667,-0.337415267228144,0.389630458648865,-0.406826774616959,-0.359600750132276,-0.103330530851366,-0.285935458023539,NONE,-0.0895919598967582,Normal,-2.23744784062252,1,2,3,4,3,3,3,3,3,7,1,1,2,3,3,4,0,3,0.297607266471232,12.2783933071098,200608
853,75,RL,-0.142392017369726,-0.385525087292369,Pave,NONE,Lvl,Inside,Gtl,Crawfor,Norm,Norm,1Fam,2.5Unf,7,5,1941,MetalSd,MetalSd,None,-0.567015949674981,CBlock,364,0,554,918,GasA,0.268289832918241,SBrkr,0.913417363800332,0.287056092346234,0,0,0.781365814350925,-0.756321032880405,1.38565545042224,-0.207698474525451,0.349545539005509,2.17157453260921,Detchd,0.157104926894657,-1.07987892486559,-0.740760408320604,-0.702842766617084,-0.359600750132276,-0.103330530851366,1.95706556250091,MnPrv,-0.0895919598967582,Normal,0.44693779307133,1,3,2,3,2,3,4,3,3,7,3,1,2,3,3,1,0,1,-0.250997476711292,12.0076217068063,200711
854,80,RL,-1.72562055202678,0.244353613995584,Pave,NONE,Lvl,Corner,Gtl,NAmes,Norm,Norm,1Fam,SLvl,6,6,1964,MetalSd,HdBoard,BrkFace,0.0760746798263147,CBlock,564,0,563,1127,GasA,0.268289832918241,SBrkr,-0.785025043886639,-0.110205093827072,0,0,-1.02736282330994,1.23259887250509,0.169927088600022,-0.207698474525451,0.349545539005509,0.623631660646747,Attchd,0.208260453831144,0.799482208529192,0.682109214438168,-0.702842766617084,-0.359600750132276,-0.103330530851366,-0.285935458023539,MnPrv,-0.0895919598967582,Normal,-2.23744784062252,1,3,2,2,2,3,2,3,3,7,3,1,2,3,2,4,0,2,-0.250997476711292,11.9703503120091,200911
855,20,RL,1.32134757127547,0.983037615405354,Pave,NONE,Lvl,Inside,Gtl,Sawyer,Norm,Norm,1Fam,1Story,5,4,1955,Wd Sdng,Plywood,None,-0.567015949674981,CBlock,306,1085,372,1763,GasA,0.268289832918241,SBrkr,-0.785025043886639,0.54992045931663,1,0,-1.02736282330994,1.23259887250509,0.169927088600022,-0.207698474525451,-0.287758288825272,0.623631660646747,Attchd,0.188243073725562,-0.0868337827755064,-0.740760408320604,5.48389146618553,-0.359600750132276,-0.103330530851366,5.26816230708462,NONE,-0.0895919598967582,Abnorml,0.44693779307133,1,2,2,2,2,3,4,3,3,7,5,3,2,3,3,2,0,1,-0.250997476711292,12.0435537160324,200610
856,20,RL,-1.72562055202678,-0.414818821940551,Pave,NONE,Lvl,Corner,Gtl,Sawyer,Norm,Norm,1Fam,1Story,5,8,1962,HdBoard,HdBoard,None,-0.567015949674981,CBlock,659,0,381,1040,GasA,0.268289832918241,SBrkr,-0.785025043886639,-0.910656737609104,1,0,-1.02736282330994,1.23259887250509,0.169927088600022,-0.207698474525451,-0.287758288825272,-0.924311211315714,Detchd,0.203812147141015,-0.987070967660907,-0.740760408320604,0.836440391783567,-0.359600750132276,-0.103330530851366,-0.285935458023539,NONE,-0.0895919598967582,Normal,-2.23744784062252,1,3,2,4,2,3,0,3,3,7,5,1,2,3,2,1,0,1,-0.250997476711292,11.7519423654407,201007
857,80,RL,-1.72562055202678,0.101689321877817,Pave,NONE,Low,Inside,Mod,CollgCr,Norm,Norm,1Fam,SLvl,6,6,1978,Plywood,HdBoard,None,-0.567015949674981,CBlock,505,435,0,940,GasA,0.268289832918241,SBrkr,-0.785025043886639,-0.938326670974409,1,0,-1.02736282330994,-0.756321032880405,0.169927088600022,-0.207698474525451,-0.925062116656053,-0.924311211315714,Detchd,0.246071060697244,0.479294756173045,-0.740760408320604,-0.702842766617084,0.169720204537098,-0.103330530851366,-0.285935458023539,MnPrv,-0.0895919598967582,Normal,-2.23744784062252,1,2,2,2,2,4,0,3,2,7,6,2,2,3,2,4,0,1,0.297607266471232,11.8981878657609,200802
858,60,RL,0.216074820665833,-0.259092821300002,Pave,NONE,Lvl,Inside,Gtl,Gilbert,Norm,Norm,1Fam,2Story,6,5,1994,HdBoard,HdBoard,None,-0.567015949674981,PConc,0,0,702,702,GasA,0.268289832918241,SBrkr,1.03240165334983,-0.039053836602002,0,0,0.781365814350925,1.23259887250509,0.169927088600022,-0.207698474525451,-0.287758288825272,0.623631660646747,Attchd,0.274985054183085,-0.601917945261483,-0.740760408320604,-0.170013981016859,-0.359600750132276,-0.103330530851366,-0.285935458023539,NONE,-0.0895919598967582,Normal,0.44693779307133,1,2,2,3,2,3,3,3,3,7,1,1,2,3,3,1,0,3,0.297607266471232,12.0668105781967,200906
859,20,RL,0.664158368210282,0.0294060805381488,Pave,NONE,Lvl,Inside,Gtl,NWAmes,Norm,Norm,1Fam,1Story,7,5,1976,HdBoard,HdBoard,BrkFace,0.489889519679322,CBlock,0,0,1090,1090,GasA,0.268289832918241,SBrkr,-0.785025043886639,-0.258436879712633,0,0,0.781365814350925,-0.756321032880405,0.169927088600022,-0.207698474525451,-0.287758288825272,0.623631660646747,Attchd,0.234950293971921,0.0291761637303442,-0.740760408320604,-0.702842766617084,-0.359600750132276,-0.103330530851366,-0.285935458023539,MnPrv,-0.0895919598967582,Family,0.44693779307133,1,2,2,2,2,3,3,3,3,7,1,1,2,3,3,1,0,2,0.297607266471232,11.9316357998284,200909
860,60,RL,-1.72562055202678,0.109171271419994,Pave,NONE,Lvl,Corner,Gtl,NWAmes,PosA,Norm,1Fam,2Story,6,7,1968,HdBoard,HdBoard,BrkFace,0.66324438502315,CBlock,619,0,435,1054,GasA,0.268289832918241,SBrkr,1.87928983190803,2.27929129464818,1,0,0.781365814350925,1.23259887250509,1.38565545042224,-0.207698474525451,1.62415319466707,0.623631660646747,Attchd,0.217157067211403,0.678831864163108,-0.740760408320604,0.259209207383323,-0.359600750132276,-0.103330530851366,3.66601872099573,NONE,-0.0895919598967582,Normal,-2.23744784062252,1,2,2,2,3,3,4,3,3,7,4,1,2,3,2,2,0,1,-0.250997476711292,12.4292161968444,200611
861,50,RL,-0.0826475443637997,-0.320343357382563,Pave,NONE,Lvl,Corner,Gtl,Crawfor,Norm,Norm,1Fam,1.5Fin,7,8,1918,Wd Sdng,Wd Sdng,None,-0.567015949674981,BrkTil,0,0,912,912,GasA,0.268289832918241,SBrkr,0.414149952749492,-0.147757146251414,0,0,-1.02736282330994,1.23259887250509,0.169927088600022,-0.207698474525451,0.349545539005509,0.623631660646747,Detchd,0.121518473373622,-1.1912484735112,-0.740760408320604,2.84934913738442,-0.359600750132276,-0.103330530851366,-0.285935458023539,GdPrv,-0.0895919598967582,Normal,0.44693779307133,1,2,3,3,3,3,4,3,3,7,1,1,2,3,3,1,0,1,-0.250997476711292,12.1545161586158,200709
862,190,RL,0.514797185695465,0.184751643066384,Pave,NONE,Lvl,Inside,Gtl,Sawyer,Norm,Norm,2fmCon,1Story,5,4,1965,Plywood,HdBoard,None,-0.567015949674981,PConc,841,0,198,1039,GasA,0.268289832918241,SBrkr,-0.785025043886639,-0.912633161420912,1,0,-1.02736282330994,1.23259887250509,0.169927088600022,-0.207698474525451,-0.287758288825272,-0.924311211315714,Attchd,0.210484607176209,0.145186110236195,-0.740760408320604,-0.702842766617084,-0.359600750132276,-0.103330530851366,-0.285935458023539,NONE,-0.0895919598967582,Normal,0.44693779307133,1,2,2,4,2,3,0,3,3,7,4,1,2,3,3,2,0,1,-0.250997476711292,11.7867621306,201007
863,20,RL,0.694030604713245,-0.0629135680500593,Pave,NONE,Lvl,Corner,Gtl,SawyerW,Norm,Norm,1Fam,1Story,6,5,1984,HdBoard,Plywood,None,-0.567015949674981,PConc,338,0,702,1040,GasA,0.268289832918241,SBrkr,-0.785025043886639,-0.798000580336077,0,0,0.781365814350925,-0.756321032880405,0.169927088600022,-0.207698474525451,-0.287758288825272,-0.924311211315714,Attchd,0.257191827422567,0.0338165615905783,-0.740760408320604,-0.702842766617084,-0.359600750132276,-0.103330530851366,-0.285935458023539,GdPrv,-0.0895919598967582,Normal,0.44693779307133,1,2,2,2,2,3,0,3,3,7,6,1,2,3,3,1,0,1,0.297607266471232,11.9316357998284,201008
864,20,RL,0.365436003180649,-0.28369448589631,Pave,NONE,Lvl,Inside,Gtl,NAmes,Norm,Norm,1Fam,1Story,5,5,1959,BrkFace,Plywood,None,-0.567015949674981,CBlock,1148,0,0,1148,GasA,0.268289832918241,SBrkr,-0.785025043886639,-0.697202965933896,1,0,-1.02736282330994,-0.756321032880405,0.169927088600022,-0.207698474525451,-0.287758288825272,-0.924311211315714,Attchd,0.197139687105821,0.924772950755511,-0.740760408320604,-0.702842766617084,-0.359600750132276,-0.103330530851366,-0.285935458023539,GdPrv,-0.0895919598967582,Normal,0.44693779307133,1,2,2,2,2,3,0,3,3,7,4,1,2,3,3,1,0,1,-0.250997476711292,11.7943379244084,200910
865,20,FV,0.425180476186576,-0.193784278686091,Pave,NONE,Lvl,Inside,Gtl,Somerst,Norm,Norm,1Fam,1Story,7,5,2007,VinylSd,VinylSd,None,-0.567015949674981,PConc,0,0,1372,1372,GasA,0.268289832918241,SBrkr,-0.785025043886639,-0.254484032089018,0,0,0.781365814350925,-0.756321032880405,0.169927088600022,-0.207698474525451,-0.287758288825272,-0.924311211315714,Attchd,0.30612320101399,0.261196056742045,-0.740760408320604,1.36926917738379,-0.359600750132276,-0.103330530851366,-0.285935458023539,NONE,-0.0895919598967582,Partial,0.44693779307133,1,2,3,4,3,3,0,3,3,7,1,1,2,3,3,1,0,3,1.66911912442754,12.4315335097995,200808
866,20,RL,-1.72562055202678,-0.179834881234576,Pave,NONE,Lvl,Inside,Gtl,NAmes,Norm,Norm,1Fam,1Story,5,6,1970,MetalSd,MetalSd,BrkFace,-0.142016924961081,CBlock,828,0,174,1002,GasA,0.268289832918241,SBrkr,-0.785025043886639,-0.985760842457789,1,0,-1.02736282330994,-0.756321032880405,0.169927088600022,-0.207698474525451,-0.925062116656053,-0.924311211315714,Detchd,0.228277833936727,1.99206445860934,-0.740760408320604,-0.702842766617084,-0.359600750132276,-0.103330530851366,-0.285935458023539,MnPrv,-0.0895919598967582,Normal,-2.23744784062252,1,2,2,2,2,3,0,3,3,7,4,1,2,3,2,1,0,1,-0.250997476711292,11.9083402372249,200911
867,20,RL,0.275819293671759,0.0618701327889473,Pave,NONE,HLS,Inside,Gtl,Timber,Norm,Norm,1Fam,1Story,8,5,2006,VinylSd,VinylSd,Stone,0.965217376267236,PConc,0,0,1638,1638,GasA,0.268289832918241,SBrkr,-0.785025043886639,0.287056092346234,0,0,0.781365814350925,-0.756321032880405,0.169927088600022,-0.207698474525451,-0.287758288825272,0.623631660646747,Attchd,0.303899047668925,1.84357172708185,0.776967189288753,0.481221201383417,-0.359600750132276,-0.103330530851366,-0.285935458023539,NONE,-0.0895919598967582,Partial,0.44693779307133,1,2,3,4,3,3,4,3,3,7,1,1,2,3,2,3,0,2,0.297607266471232,12.4248064883557,200703
868,20,RL,0.813519550725098,-0.405561494540909,Pave,NONE,Lvl,Corner,Gtl,Sawyer,Feedr,Norm,1Fam,1Story,4,5,1961,VinylSd,VinylSd,None,-0.567015949674981,CBlock,932,0,108,1040,GasA,0.268289832918241,SBrkr,-0.785025043886639,-0.752542832664505,1,0,-1.02736282330994,1.23259887250509,0.169927088600022,-0.207698474525451,-0.925062116656053,-0.924311211315714,Attchd,0.20158799379595,0.330802024645556,0.587251239587583,-0.702842766617084,-0.359600750132276,-0.103330530851366,-0.285935458023539,NONE,0.615496118341154,Normal,0.44693779307133,1,2,2,2,1,3,0,3,3,7,5,1,2,3,3,1,0,2,-0.250997476711292,11.7675676833438,200708
869,60,RL,-1.72562055202678,0.58256309584277,Pave,NONE,Lvl,Corner,Gtl,Gilbert,Feedr,Norm,1Fam,2Story,5,6,1948,Plywood,Plywood,None,-0.567015949674981,Slab,0,0,0,0,GasA,0.268289832918241,SBrkr,0.894753161518058,1.61916574150448,0,0,0.781365814350925,-0.756321032880405,-1.04580127322219,-0.207698474525451,0.349545539005509,0.623631660646747,Attchd,0.241622754007115,0.924772950755511,0.207819340185244,1.42847237578382,-0.359600750132276,-0.103330530851366,-0.285935458023539,NONE,-0.0895919598967582,Normal,-2.23744784062252,0,2,2,3,2,0,3,3,3,7,0,0,1,3,1,0,0,1,-4.91413779376274,12.0376539939052,200608
870,60,RL,0.664158368210282,-0.0291813887582141,Pave,NONE,Lvl,Inside,Gtl,SawyerW,Norm,Norm,1Fam,2Story,7,5,1993,MetalSd,MetalSd,BrkFace,0.808638788214747,PConc,750,0,300,1050,GasA,0.268289832918241,SBrkr,1.28436838416054,0.885912507323903,1,0,0.781365814350925,1.23259887250509,0.169927088600022,-0.207698474525451,0.98684936683629,0.623631660646747,Attchd,0.27276090083802,0.470013960452577,0.492393264736998,0.62922919738348,-0.359600750132276,-0.103330530851366,-0.285935458023539,GdPrv,-0.0895919598967582,Normal,0.44693779307133,1,2,3,4,3,3,3,3,3,7,6,1,2,3,3,1,0,3,0.297607266471232,12.3715870840077,201009
871,20,RL,0.0667136381510165,-0.452482195059641,Pave,NONE,Lvl,Inside,Gtl,NAmes,PosN,Norm,1Fam,1Story,5,5,1962,MetalSd,MetalSd,None,-0.567015949674981,CBlock,0,0,894,894,GasA,-3.72731232161413,SBrkr,-0.785025043886639,-1.199214614133,0,0,-1.02736282330994,-0.756321032880405,-1.04580127322219,-0.207698474525451,-0.925062116656053,-0.924311211315714,Detchd,0.203812147141015,-0.764331870369674,-0.740760408320604,-0.702842766617084,-0.359600750132276,-0.103330530851366,-0.285935458023539,NONE,-0.0895919598967582,Normal,0.44693779307133,1,2,2,3,2,3,0,3,3,7,1,1,2,3,3,1,0,1,-0.250997476711292,11.6036798282387,200911
872,60,RL,0.365436003180649,-0.179834881234576,Pave,NONE,Lvl,Inside,Gtl,CollgCr,Norm,Norm,1Fam,2Story,6,5,1998,VinylSd,VinylSd,BrkFace,0.0816667722567607,PConc,505,0,299,804,GasA,0.268289832918241,SBrkr,1.26337115659298,0.358207349571303,0,0,0.781365814350925,1.23259887250509,0.169927088600022,-0.207698474525451,0.349545539005509,-0.924311211315714,Attchd,0.283881667563343,0.233353669580641,-0.740760408320604,0.436818802583398,-0.359600750132276,-0.103330530851366,-0.285935458023539,NONE,-0.0895919598967582,Normal,0.44693779307133,1,2,2,4,3,3,0,3,3,7,6,1,2,3,3,1,0,2,0.297607266471232,12.2085695257288,201009
873,20,RL,0.484924949192502,-0.161827477251711,Pave,NONE,Lvl,Corner,Gtl,NAmes,Norm,Norm,1Fam,1Story,5,7,1953,WdShing,Wd Shng,None,-0.567015949674981,Stone,0,0,105,105,GasA,0.268289832918241,SBrkr,-0.785025043886639,-1.16759183314408,0,0,-1.02736282330994,-0.756321032880405,0.169927088600022,-0.207698474525451,-0.925062116656053,-0.924311211315714,Attchd,0.183794767035433,-0.272449697184867,0.808586514238948,-0.702842766617084,1.97563875576202,-0.103330530851366,-0.285935458023539,GdWo,-0.0895919598967582,Normal,0.44693779307133,1,2,3,3,3,3,0,3,3,7,1,1,2,3,3,3,0,1,-0.250997476711292,11.6613454700885,200802
874,40,RL,0.0667136381510165,0.250567436496713,Pave,NONE,Lvl,Inside,Gtl,NAmes,Norm,Norm,1Fam,1Story,5,7,1949,HdBoard,HdBoard,None,-0.567015949674981,CBlock,375,0,457,832,GasA,0.268289832918241,SBrkr,-0.785025043886639,-0.460032108516997,0,0,-1.02736282330994,-0.756321032880405,0.169927088600022,-0.207698474525451,-0.287758288825272,0.623631660646747,Attchd,0.174898153655174,-0.857139827574354,-0.740760408320604,-0.288420377816909,-0.359600750132276,-0.103330530851366,-0.285935458023539,NONE,-0.0895919598967582,Normal,0.44693779307133,1,2,3,3,2,3,4,3,3,7,3,1,2,3,3,1,0,1,-0.250997476711292,11.7981044072039,200912
875,50,RM,-0.172264253872689,-0.564077374671761,Pave,NONE,Lvl,Inside,Gtl,OldTown,Artery,Norm,1Fam,1.5Fin,5,6,1941,Wd Sdng,Wd Sdng,None,-0.567015949674981,CBlock,0,0,676,676,GasA,0.268289832918241,SBrkr,0.276501460917718,-0.730802170734623,0,0,-1.02736282330994,1.23259887250509,0.169927088600022,-0.207698474525451,-0.925062116656053,-0.924311211315714,Detchd,0.157104926894657,-1.26549483927495,-0.535234796144337,-0.702842766617084,-0.359600750132276,-0.103330530851366,-0.285935458023539,NONE,-0.0895919598967582,Abnorml,0.44693779307133,1,2,2,4,2,3,0,3,3,7,1,1,2,3,3,1,0,1,-0.250997476711292,11.1049572266439,200911
876,60,FV,0.514797185695465,-0.148131705208405,Pave,NONE,Lvl,Inside,Gtl,Somerst,Norm,Norm,1Fam,2Story,8,5,2007,CemntBd,CmentBd,None,-0.567015949674981,PConc,64,0,1120,1184,GasA,0.268289832918241,SBrkr,2.54186901292877,2.19232864692865,0,0,0.781365814350925,1.23259887250509,1.38565545042224,-0.207698474525451,2.89876085032863,0.623631660646747,BuiltIn,0.303899047668925,0.35864441180696,0.903444489089533,4.6846482877852,-0.359600750132276,-0.103330530851366,-0.285935458023539,NONE,-0.0895919598967582,Partial,0.44693779307133,1,2,3,4,4,3,4,3,3,7,6,1,2,3,3,3,0,3,0.297607266471232,12.623061104073,200711
877,20,RL,1.08236967925177,1.91713999384044,Pave,NONE,HLS,Inside,Mod,Mitchel,Norm,Norm,1Fam,1Story,4,5,1963,HdBoard,Plywood,None,-0.567015949674981,PConc,633,0,431,1064,GasA,0.268289832918241,SBrkr,-0.785025043886639,-0.910656737609104,1,0,-1.02736282330994,-0.756321032880405,0.169927088600022,-0.207698474525451,-0.925062116656053,-0.924311211315714,Attchd,0.20603630048608,0.813403402109894,-0.740760408320604,-0.702842766617084,-0.359600750132276,-0.103330530851366,-0.285935458023539,NONE,-0.0895919598967582,Normal,0.44693779307133,1,2,2,3,2,3,0,3,3,7,5,1,2,3,3,4,0,1,-0.250997476711292,11.7924493497205,200701
878,60,RL,0.484924949192502,-0.169182614089782,Pave,NONE,Lvl,Inside,Gtl,NridgHt,Norm,Norm,1Fam,2Story,9,5,2004,VinylSd,VinylSd,Stone,0.640876015301365,PConc,1170,0,292,1462,GasA,0.268289832918241,SBrkr,0.992740223499998,1.42942905557096,1,0,0.781365814350925,1.23259887250509,1.38565545042224,-0.207698474525451,2.26145702249785,0.623631660646747,Attchd,0.297226587633731,1.23103920953096,0.713728539388363,-0.702842766617084,-0.359600750132276,-0.103330530851366,-0.285935458023539,NONE,-0.0895919598967582,Normal,0.44693779307133,1,2,3,4,4,3,4,3,3,7,6,1,2,3,3,1,0,3,1.66911912442754,12.7656884334656,200909
879,85,RL,0.903136260233988,0.204661237610819,Pave,NONE,Lvl,Inside,Gtl,Sawyer,Norm,Norm,1Fam,SFoyer,5,7,1961,HdBoard,HdBoard,None,-0.567015949674981,CBlock,899,0,210,1109,GasA,0.268289832918241,SBrkr,-0.785025043886639,-0.683367999251243,1,0,-1.02736282330994,-0.756321032880405,0.169927088600022,-0.207698474525451,-0.287758288825272,-0.924311211315714,Detchd,0.259415980767632,0.479294756173045,0.776967189288753,-0.702842766617084,-0.359600750132276,-0.103330530851366,-0.285935458023539,MnPrv,0.615496118341154,Normal,0.44693779307133,1,2,2,2,3,3,0,3,3,5,5,1,2,3,2,3,0,1,-0.250997476711292,11.9049675527463,201009
880,20,RL,-1.72562055202678,-0.401757113417768,Pave,NONE,Lvl,CulDSac,Gtl,CollgCr,Norm,Norm,1Fam,1Story,5,8,1978,VinylSd,VinylSd,BrkFace,-0.0637276309348365,CBlock,646,0,218,864,GasA,0.268289832918241,SBrkr,-0.785025043886639,-1.25850732848722,1,0,-1.02736282330994,-0.756321032880405,0.169927088600022,-0.207698474525451,-0.287758288825272,-0.924311211315714,Attchd,0.23939860066205,-0.634400730283121,-0.740760408320604,-0.702842766617084,-0.359600750132276,-0.103330530851366,-0.285935458023539,GdWo,-0.0895919598967582,Normal,-2.23744784062252,1,3,3,4,2,3,0,3,3,7,5,1,2,3,2,1,0,1,-0.250997476711292,11.8240798936072,200910
881,20,RL,0.0667136381510165,-0.398713608519256,Pave,NONE,Lvl,Inside,Gtl,Edwards,Norm,Norm,1Fam,1Story,5,5,2005,VinylSd,VinylSd,None,-0.567015949674981,PConc,980,0,110,1090,GasA,0.268289832918241,SBrkr,-0.785025043886639,-0.81183554701873,1,0,-1.02736282330994,1.23259887250509,-1.04580127322219,-0.207698474525451,-0.925062116656053,-0.924311211315714,Attchd,0.299450740978796,-0.105395374216442,-0.740760408320604,0.0223964137832229,-0.359600750132276,-0.103330530851366,-0.285935458023539,NONE,-0.0895919598967582,Normal,0.44693779307133,1,2,2,3,2,4,0,3,3,7,5,1,2,3,3,1,0,3,1.66911912442754,11.9640010843304,200709
882,50,RL,-0.411242145896396,0.455243140921669,Pave,NONE,Lvl,CulDSac,Gtl,Timber,Norm,Norm,1Fam,1.5Fin,7,5,1990,HdBoard,HdBoard,BrkFace,0.0872588646872068,CBlock,902,0,254,1156,GasA,0.268289832918241,SBrkr,0.451478357314041,0.427382182984565,0,0,0.781365814350925,1.23259887250509,0.169927088600022,-0.207698474525451,0.349545539005509,0.623631660646747,Attchd,0.266088440802826,-0.337415267228144,0.587251239587583,-0.170013981016859,-0.359600750132276,-0.103330530851366,-0.285935458023539,NONE,-0.0895919598967582,Normal,0.44693779307133,1,3,3,4,3,3,3,3,3,7,2,1,2,3,2,2,0,2,0.297607266471232,12.1415341243926,200707
883,60,RL,-1.72562055202678,-0.0674788253978279,Pave,NONE,Lvl,Corner,Gtl,Gilbert,Norm,Norm,1Fam,2Story,6,5,1992,VinylSd,VinylSd,None,-0.567015949674981,PConc,0,0,808,808,GasA,0.268289832918241,SBrkr,1.04639980506154,0.182305630320437,0,0,0.781365814350925,1.23259887250509,0.169927088600022,-0.207698474525451,0.349545539005509,0.623631660646747,BuiltIn,0.27276090083802,-0.388459643690718,1.96269187492106,-0.110810782616833,-0.359600750132276,-0.103330530851366,-0.285935458023539,MnPrv,-0.0895919598967582,Normal,-2.23744784062252,1,2,2,3,2,3,3,3,3,7,1,1,2,3,2,1,0,2,0.297607266471232,12.0895388292742,200904
884,75,RL,0.0667136381510165,-0.502700025885095,Pave,NONE,Bnk,Inside,Gtl,SWISU,Norm,Norm,1Fam,2.5Fin,4,5,1912,Wd Sdng,Wd Sdng,None,-0.567015949674981,PConc,0,0,795,795,GasA,-3.72731232161413,SBrkr,1.06973005791438,1.44128759844181,1,0,-1.02736282330994,-0.756321032880405,2.60138381224446,-0.207698474525451,2.26145702249785,-0.924311211315714,Detchd,0.281657514218279,-0.151799352818783,-0.740760408320604,2.07970755818409,-0.359600750132276,-0.103330530851366,-0.285935458023539,NONE,-0.0895919598967582,Normal,0.44693779307133,1,2,3,2,2,2,0,3,4,7,1,1,2,3,3,1,0,1,-0.250997476711292,11.6826682395573,200606
885,20,RL,0.216074820665833,-0.382735207802066,Pave,NONE,Lvl,Inside,Gtl,NAmes,Norm,Norm,1Fam,1Story,5,5,1967,HdBoard,HdBoard,BrkFace,-0.231490403848218,CBlock,432,0,460,892,GasA,0.268289832918241,SBrkr,-0.785025043886639,-1.20316746175661,0,0,-1.02736282330994,-0.756321032880405,0.169927088600022,-0.207698474525451,-0.925062116656053,-0.924311211315714,Attchd,0.214932913866338,-0.857139827574354,-0.740760408320604,-0.702842766617084,-0.359600750132276,-0.103330530851366,-0.285935458023539,GdWo,-0.0895919598967582,Normal,0.44693779307133,1,2,2,2,2,3,0,3,3,7,4,1,2,3,3,1,0,2,-0.250997476711292,11.5129254649702,200910
886,120,FV,-0.232008726878616,-0.640291809838674,Pave,NONE,Lvl,CulDSac,Gtl,Somerst,Norm,Norm,TwnhsE,1Story,9,5,1999,MetalSd,MetalSd,BrkFace,-0.231490403848218,PConc,1238,0,460,1698,GasA,0.268289832918241,SBrkr,-0.785025043886639,0.411570792490105,1,0,0.781365814350925,-0.756321032880405,-1.04580127322219,-0.207698474525451,-0.925062116656053,0.623631660646747,Attchd,0.286105820908408,0.154466905956663,0.0260082217216231,0.259209207383323,-0.359600750132276,-0.103330530851366,-0.285935458023539,NONE,-0.0895919598967582,Abnorml,0.44693779307133,1,2,3,4,3,3,3,3,3,7,6,1,2,3,2,3,0,3,1.66911912442754,12.7035090321771,200801
887,90,RL,0.365436003180649,-0.225107016599947,Pave,NONE,Lvl,Corner,Gtl,NAmes,Norm,Norm,Duplex,1Story,5,5,1959,MetalSd,MetalSd,BrkFace,0.115219326839437,CBlock,528,0,1098,1626,GasA,0.268289832918241,SBrkr,-0.785025043886639,0.417500063925528,0,0,0.781365814350925,-0.756321032880405,1.38565545042224,4.45593111885755,0.98684936683629,-0.924311211315714,Attchd,0.299450740978796,0.534979530495853,1.40935368829265,0.0964004117832542,-0.359600750132276,-0.103330530851366,-0.285935458023539,NONE,-0.0895919598967582,Family,0.44693779307133,1,2,2,4,2,3,0,3,3,7,2,1,2,3,3,1,0,3,-0.250997476711292,11.8844890214027,200609
888,50,RL,0.0368414016480533,0.798651943637147,Pave,NONE,Lvl,Inside,Gtl,Edwards,Norm,Norm,1Fam,1.5Fin,5,7,1955,MetalSd,MetalSd,None,-0.567015949674981,PConc,0,0,816,816,GasA,0.268289832918241,SBrkr,0.430481129746482,-0.212979132041061,0,0,-1.02736282330994,1.23259887250509,0.169927088600022,-0.207698474525451,0.98684936683629,-0.924311211315714,Attchd,0.188243073725562,-0.801455053251546,0.215724171422793,-0.702842766617084,-0.359600750132276,-0.103330530851366,4.4314873232382,NONE,-0.0895919598967582,Normal,0.44693779307133,1,3,2,2,2,3,0,3,3,7,1,1,2,3,2,1,0,1,-0.250997476711292,11.8167269193019,200807
889,20,RL,1.11224191575473,0.722437508470233,Pave,NONE,Lvl,Inside,Mod,NAmes,Norm,Norm,1Fam,1Story,8,6,1970,Wd Sdng,Wd Sdng,None,-0.567015949674981,PConc,351,823,1043,2217,GasA,0.268289832918241,SBrkr,-0.785025043886639,1.41559408888831,1,0,0.781365814350925,-0.756321032880405,1.38565545042224,-0.207698474525451,0.98684936683629,0.623631660646747,Attchd,0.221605373901533,0.688112659883576,-0.100469078079157,2.36092275058421,-0.359600750132276,-0.103330530851366,3.70162191179771,NONE,-0.0895919598967582,Normal,0.44693779307133,1,3,3,4,3,4,3,3,3,7,5,3,2,3,2,4,0,1,-0.250997476711292,12.498742259493,200702
890,20,RL,2.09802572035252,0.252596439762388,Pave,NONE,Lvl,Inside,Gtl,NAmes,Feedr,Norm,1Fam,1Story,6,4,1953,Wd Sdng,Wd Sdng,BrkFace,-0.0637276309348365,CBlock,1024,0,481,1505,GasA,0.268289832918241,SBrkr,-0.785025043886639,0.00838033488137777,1,0,-1.02736282330994,-0.756321032880405,-1.04580127322219,-0.207698474525451,-0.287758288825272,0.623631660646747,Attchd,0.183794767035433,0.149826508096429,-0.740760408320604,-0.702842766617084,-0.359600750132276,6.32936230326296,-0.285935458023539,NONE,-0.0895919598967582,Normal,0.44693779307133,1,2,2,4,2,3,3,3,3,7,4,1,2,3,3,1,0,2,-0.250997476711292,11.9150516718129,200905
891,50,RL,0.0667136381510165,-0.266828396250387,Pave,NONE,Lvl,Corner,Gtl,NAmes,Artery,Norm,1Fam,1.5Fin,5,7,1949,MetalSd,MetalSd,None,-0.567015949674981,CBlock,0,0,672,672,GasA,0.268289832918241,SBrkr,-0.197102671994995,-1.13992189977877,0,0,-1.02736282330994,-0.756321032880405,0.169927088600022,-0.207698474525451,-0.287758288825272,0.623631660646747,Detchd,0.295002434288667,0.479294756173045,-0.740760408320604,-0.702842766617084,-0.359600750132276,-0.103330530851366,-0.285935458023539,MnPrv,3.4358484312928,Normal,0.44693779307133,1,3,2,4,2,3,1,3,3,7,1,1,2,3,3,2,0,1,-0.250997476711292,11.7191262955541,200710
892,60,RL,0.365436003180649,0.128827240556219,Pave,NONE,Lvl,Inside,Gtl,Sawyer,Norm,Norm,1Fam,2Story,6,5,1978,HdBoard,HdBoard,BrkFace,-0.0525434460739444,CBlock,226,500,192,918,GasA,0.268289832918241,SBrkr,0.999739299355851,0.360183773383111,0,0,0.781365814350925,1.23259887250509,0.169927088600022,-0.207698474525451,0.349545539005509,0.623631660646747,Attchd,0.23939860066205,-0.151799352818783,1.18011358240374,-0.702842766617084,-0.359600750132276,-0.103330530851366,-0.285935458023539,NONE,-0.0895919598967582,Normal,0.44693779307133,1,2,2,3,2,3,3,3,3,7,2,3,2,3,3,1,0,2,-0.250997476711292,12.0581525154536,200910
893,20,RL,0.365436003180649,-0.222443949813749,Pave,NONE,Lvl,Inside,Gtl,Sawyer,Norm,Norm,1Fam,1Story,6,8,1963,HdBoard,HdBoard,None,-0.567015949674981,CBlock,663,0,396,1059,GasA,0.268289832918241,SBrkr,-0.785025043886639,-0.855316870878495,0,1,-1.02736282330994,-0.756321032880405,0.169927088600022,-0.207698474525451,-0.287758288825272,-0.924311211315714,Attchd,0.20603630048608,-0.968509376219971,0.776967189288753,-0.702842766617084,-0.359600750132276,-0.103330530851366,-0.285935458023539,MnPrv,-0.0895919598967582,Normal,0.44693779307133,1,2,2,2,2,3,0,3,3,7,6,1,2,3,3,1,0,2,-0.250997476711292,11.9479493753199,200605
894,20,RL,-1.72562055202678,0.39513391917605,Pave,NONE,Lvl,Inside,Gtl,Sawyer,PosN,Norm,1Fam,1Story,5,5,1954,Wd Sdng,Plywood,None,-0.567015949674981,PConc,1064,0,319,1383,GasA,0.268289832918241,SBrkr,-0.785025043886639,-0.232743370159136,1,0,-1.02736282330994,-0.756321032880405,0.169927088600022,-0.207698474525451,-0.287758288825272,0.623631660646747,Attchd,0.186018920380498,-0.550873568798909,3.2986083540668,1.01404998698364,-0.359600750132276,-0.103330530851366,-0.285935458023539,GdPrv,-0.0895919598967582,Normal,-2.23744784062252,1,2,2,2,2,3,4,3,3,7,4,1,2,3,3,2,0,1,0.297607266471232,12.0137007528827,200809
895,90,RL,0.18620258416287,-0.399474484743884,Pave,NONE,Bnk,Inside,Gtl,SawyerW,Norm,Norm,Duplex,1Story,5,5,1979,Plywood,Plywood,None,-0.567015949674981,Slab,0,0,0,0,GasA,0.268289832918241,SBrkr,-0.785025043886639,0.0676730492356024,0,0,0.781365814350925,-0.756321032880405,1.38565545042224,4.45593111885755,0.98684936683629,-0.924311211315714,Attchd,0.241622754007115,-0.337415267228144,-0.740760408320604,-0.702842766617084,-0.359600750132276,-0.103330530851366,-0.285935458023539,NONE,-0.0895919598967582,Alloca,0.44693779307133,0,2,2,2,2,0,0,3,3,7,0,0,2,3,3,0,0,1,-4.91413779376274,11.6856847822605,200909
896,60,RL,0.395308239683612,-0.394655601987906,Pave,NONE,Lvl,Inside,Gtl,NAmes,Norm,Norm,1Fam,2Story,6,5,1963,HdBoard,HdBoard,BrkFace,1.75370240896013,CBlock,400,0,380,780,GasA,0.268289832918241,SBrkr,1.1117245130495,0.583519664117357,1,0,-1.02736282330994,1.23259887250509,1.38565545042224,-0.207698474525451,0.98684936683629,0.623631660646747,Attchd,0.20603630048608,0.0477377551712803,-0.740760408320604,0.0371972133832291,-0.359600750132276,-0.103330530851366,-0.285935458023539,NONE,-0.0895919598967582,Normal,0.44693779307133,1,2,2,2,2,3,3,3,3,7,4,1,2,3,3,1,0,2,-0.250997476711292,11.8493977015914,200802
897,30,RM,-0.232008726878616,-0.177932690673005,Pave,Grvl,Lvl,Inside,Gtl,IDOTRR,Norm,Norm,1Fam,1Story,4,6,1936,Wd Sdng,Wd Sdng,None,-0.567015949674981,BrkTil,285,0,666,951,GasA,-3.72731232161413,SBrkr,-0.785025043886639,-1.08655845685997,0,0,-1.02736282330994,-0.756321032880405,-1.04580127322219,-0.207698474525451,-0.287758288825272,-0.924311211315714,Detchd,0.145984160169334,-0.676164311025227,-0.740760408320604,-0.288420377816909,-0.359600750132276,-0.103330530851366,-0.285935458023539,NONE,-0.0895919598967582,Abnorml,0.44693779307133,1,2,2,4,2,3,0,3,3,7,5,1,2,3,3,1,0,1,-0.250997476711292,11.5759002641316,200607
898,90,RL,0.18620258416287,-0.399474484743884,Pave,NONE,Lvl,Inside,Gtl,SawyerW,Feedr,Norm,Duplex,2Story,5,5,1979,Plywood,Plywood,None,-0.567015949674981,Slab,0,0,0,0,GasA,0.268289832918241,SBrkr,1.82796327563178,1.46105183655988,0,0,0.781365814350925,-0.756321032880405,3.81711217406667,4.45593111885755,3.53606467815941,-0.924311211315714,Detchd,0.241622754007115,0.256555658881811,0.476583602261901,-0.702842766617084,-0.359600750132276,-0.103330530851366,-0.285935458023539,NONE,-0.0895919598967582,Alloca,0.44693779307133,0,2,2,2,2,0,0,3,3,7,0,0,2,3,3,0,0,1,-4.91413779376274,11.8702711838891,200909
899,20,RL,1.26160309826955,0.348847282177842,Pave,NONE,Lvl,Inside,Gtl,NridgHt,Norm,Norm,1Fam,1Story,9,5,2009,VinylSd,VinylSd,Stone,3.68297429746401,PConc,2188,0,142,2330,GasA,0.268289832918241,SBrkr,-0.785025043886639,1.70612838922401,1,0,0.781365814350925,1.23259887250509,-1.04580127322219,-0.207698474525451,2.89876085032863,2.17157453260921,Attchd,0.308347354359055,1.61155183407015,-0.740760408320604,0.288810806583336,-0.359600750132276,-0.103330530851366,-0.285935458023539,NONE,-0.0895919598967582,Partial,0.44693779307133,1,2,4,4,4,3,4,3,3,7,6,1,2,3,2,4,0,3,1.66911912442754,13.3239269468631,201006
900,20,RL,0.216074820665833,-0.402644802346501,Pave,NONE,Lvl,Inside,Gtl,Sawyer,Feedr,Norm,1Fam,1Story,5,7,1961,HdBoard,Plywood,None,-0.567015949674981,CBlock,465,0,447,912,GasA,0.268289832918241,SBrkr,-0.785025043886639,-0.523277670494837,0,0,-1.02736282330994,-0.756321032880405,0.169927088600022,-0.207698474525451,-0.287758288825272,0.623631660646747,Attchd,0.20158799379595,-0.857139827574354,-0.740760408320604,-0.702842766617084,-0.359600750132276,-0.103330530851366,-0.285935458023539,NONE,-0.0895919598967582,Normal,0.44693779307133,1,2,2,2,2,3,3,3,3,7,4,1,2,3,3,1,0,1,-0.250997476711292,11.8130300574206,200609
901,20,RL,-1.72562055202678,-0.358640794022177,Pave,NONE,Lvl,Inside,Gtl,NAmes,Norm,Norm,1Fam,1Story,4,6,1971,HdBoard,HdBoard,None,-0.567015949674981,CBlock,322,0,536,858,GasA,0.268289832918241,SBrkr,-0.785025043886639,-1.27036587135807,0,0,-1.02736282330994,-0.756321032880405,-1.04580127322219,-0.207698474525451,-1.56236594448683,-0.924311211315714,Detchd,0.241622754007115,0.980457725078319,-0.740760408320604,-0.702842766617084,-0.359600750132276,-0.103330530851366,-0.285935458023539,NONE,-0.0895919598967582,Normal,-2.23744784062252,1,2,2,2,2,3,0,3,3,7,5,1,2,3,2,1,0,1,-0.250997476711292,11.6082356447746,200709
902,20,RL,0.18620258416287,-0.184653763990554,Pave,NONE,Lvl,Inside,Gtl,NAmes,Norm,Norm,1Fam,1Story,5,7,1957,MetalSd,MetalSd,None,-0.567015949674981,CBlock,860,0,132,992,GasA,0.268289832918241,SBrkr,-0.785025043886639,-0.384928003668312,1,0,-1.02736282330994,-0.756321032880405,-1.04580127322219,-0.207698474525451,-0.925062116656053,-0.924311211315714,Detchd,0.217157067211403,1.31456637101517,-0.740760408320604,-0.702842766617084,-0.359600750132276,-0.103330530851366,-0.285935458023539,NONE,-0.0895919598967582,Normal,0.44693779307133,1,3,2,2,2,3,0,3,3,7,4,1,2,3,2,2,0,1,-0.250997476711292,11.9381932003746,200908
903,60,RL,0.156330347659906,-0.290795997326172,Pave,NONE,Lvl,Inside,Gtl,Gilbert,Norm,Norm,1Fam,2Story,7,5,2003,VinylSd,VinylSd,None,-0.567015949674981,PConc,0,0,783,783,GasA,0.268289832918241,SBrkr,0.85275870638294,0.0162860301286077,0,0,0.781365814350925,1.23259887250509,0.169927088600022,-0.207698474525451,0.98684936683629,0.623631660646747,Attchd,0.295002434288667,-0.369898052249782,-0.740760408320604,0.407217203383386,-0.359600750132276,-0.103330530851366,-0.285935458023539,NONE,-0.0895919598967582,Normal,0.44693779307133,1,2,3,4,3,3,4,3,3,7,1,1,2,3,3,1,0,3,0.297607266471232,12.1007121298723,200610
904,20,RL,-0.232008726878616,0.594863928140924,Pave,NONE,HLS,CulDSac,Gtl,Gilbert,Norm,Norm,1Fam,1Story,7,5,2006,VinylSd,VinylSd,BrkFace,-0.416029454052937,PConc,0,0,1670,1670,GasA,0.268289832918241,SBrkr,-0.785025043886639,0.334490263829613,0,0,0.781365814350925,-0.756321032880405,0.169927088600022,-0.207698474525451,0.349545539005509,0.623631660646747,Attchd,0.301674894323861,1.00830011223972,0.397535289886414,0.185205209383292,-0.359600750132276,-0.103330530851366,-0.285935458023539,NONE,-0.0895919598967582,Partial,0.44693779307133,1,2,3,4,3,3,4,3,3,7,1,1,2,3,2,1,0,2,0.297607266471232,12.3883942023241,200611
905,20,RL,-1.72562055202678,-0.50663121971234,Pave,NONE,Lvl,Inside,Gtl,Sawyer,Norm,Norm,1Fam,1Story,5,6,1967,HdBoard,Wd Sdng,BrkFace,-0.147609017391527,CBlock,599,0,277,876,GasA,0.268289832918241,SBrkr,-0.785025043886639,-1.18340322363854,0,0,-1.02736282330994,-0.756321032880405,0.169927088600022,-0.207698474525451,-0.287758288825272,-0.924311211315714,Attchd,0.214932913866338,-0.857139827574354,-0.740760408320604,-0.702842766617084,-0.359600750132276,-0.103330530851366,-0.285935458023539,MnPrv,-0.0895919598967582,Normal,-2.23744784062252,1,2,2,2,2,3,0,3,3,7,6,1,2,3,2,1,0,1,-0.250997476711292,11.740061037554,200711
906,20,RL,0.664158368210282,-0.0314640174320983,Pave,NONE,Lvl,Inside,Gtl,NAmes,Norm,Norm,1Fam,1Story,5,5,1954,HdBoard,HdBoard,Stone,0.0481142176740845,CBlock,354,290,412,1056,GasA,0.268289832918241,SBrkr,-0.785025043886639,-0.865198989937532,1,0,-1.02736282330994,-0.756321032880405,0.169927088600022,-0.207698474525451,-0.287758288825272,-0.924311211315714,Attchd,0.186018920380498,-0.894263010456227,-0.740760408320604,-0.702842766617084,2.19359444297882,-0.103330530851366,-0.285935458023539,MnPrv,-0.0895919598967582,Normal,0.44693779307133,1,2,2,2,2,3,0,3,3,7,3,2,2,3,3,1,0,2,-0.250997476711292,11.7597855429018,201005
907,20,RL,1.73955888231696,0.422652275966766,Pave,NONE,Lvl,Corner,Gtl,Somerst,Norm,Norm,1Fam,1Story,8,5,2006,VinylSd,VinylSd,Stone,0.596139275857797,PConc,63,0,1560,1623,GasA,0.268289832918241,SBrkr,-0.785025043886639,0.267291854228159,1,0,0.781365814350925,-0.756321032880405,0.169927088600022,-0.207698474525451,0.98684936683629,0.623631660646747,Attchd,0.301674894323861,1.82036973778068,-0.740760408320604,0.185205209383292,-0.359600750132276,-0.103330530851366,-0.285935458023539,NONE,-0.0895919598967582,Normal,0.44693779307133,1,2,3,4,3,3,4,3,3,7,6,1,2,3,2,1,0,2,0.297607266471232,12.4490188241406,200709
908,50,RL,0.843391787228061,0.168900055053299,Pave,NONE,Lvl,Inside,Gtl,Crawfor,Norm,Norm,1Fam,1.5Fin,7,7,1936,BrkFace,BrkFace,None,-0.567015949674981,CBlock,223,0,794,1017,GasA,0.268289832918241,SBrkr,1.63432217695318,1.09936627899911,0,0,-1.02736282330994,1.23259887250509,0.169927088600022,-0.207698474525451,-0.287758288825272,0.623631660646747,Attchd,0.145984160169334,-1.35830279647963,-0.740760408320604,-0.702842766617084,-0.359600750132276,-0.103330530851366,5.4461782610945,NONE,-0.0895919598967582,Normal,0.44693779307133,1,2,3,3,3,3,4,2,3,7,3,1,2,3,2,1,0,3,0.297607266471232,12.4292161968444,200609
909,20,RL,-1.72562055202678,-0.162715166180444,Pave,NONE,Low,Inside,Mod,Mitchel,Norm,Norm,1Fam,1Story,5,5,1983,HdBoard,HdBoard,None,-0.567015949674981,CBlock,301,324,239,864,GasA,0.268289832918241,SBrkr,-0.785025043886639,-1.18340322363854,1,0,-1.02736282330994,-0.756321032880405,-1.04580127322219,-0.207698474525451,-0.925062116656053,-0.924311211315714,Attchd,0.250519367387373,0.0523781530315144,0.555631914637388,-0.702842766617084,-0.359600750132276,-0.103330530851366,-0.285935458023539,MnPrv,-0.0895919598967582,Normal,-2.23744784062252,1,2,2,2,2,3,0,3,3,7,4,5,2,3,2,3,0,1,0.297607266471232,11.7829526021833,200609
910,60,RL,2.72534268691475,0.306999089823297,Pave,NONE,Lvl,Inside,Gtl,Gilbert,Norm,Norm,1Fam,2Story,6,5,2005,VinylSd,VinylSd,None,-0.567015949674981,PConc,0,0,742,742,GasA,0.268289832918241,SBrkr,0.946079717794312,-0.0331245651665795,0,0,0.781365814350925,1.23259887250509,0.169927088600022,-0.207698474525451,0.98684936683629,0.623631660646747,Attchd,0.299450740978796,-0.383819245830484,-0.45618648376885,-0.347623576216934,-0.359600750132276,-0.103330530851366,-0.285935458023539,NONE,-0.0895919598967582,Normal,0.44693779307133,1,2,3,4,3,3,4,3,3,7,1,1,2,3,1,1,0,3,0.297607266471232,12.0668105781967,200909
911,90,RL,0.664158368210282,0.181581325463767,Pave,NONE,Lvl,Corner,Gtl,NAmes,Feedr,Norm,Duplex,2Story,5,5,1960,MetalSd,MetalSd,BrkFace,1.45172941771604,CBlock,443,0,662,1105,GasA,0.268289832918241,FuseA,1.94228151461071,1.52825024616134,0,0,0.781365814350925,-0.756321032880405,2.60138381224446,4.45593111885755,3.53606467815941,-0.924311211315714,Detchd,0.199363840450886,0.0338165615905783,-0.740760408320604,-0.702842766617084,-0.359600750132276,-0.103330530851366,-0.285935458023539,NONE,-0.0895919598967582,Normal,0.44693779307133,1,2,2,2,2,3,0,3,3,7,3,1,2,3,3,1,0,1,-0.250997476711292,11.9466540383513,201001
912,20,RL,-1.72562055202678,-0.111863271834466,Pave,NONE,Lvl,CulDSac,Mod,CollgCr,Norm,Norm,1Fam,1Story,5,7,1977,HdBoard,Plywood,None,-0.567015949674981,CBlock,196,0,1072,1268,GasA,0.268289832918241,SBrkr,-0.785025043886639,-0.460032108516997,0,0,-1.02736282330994,1.23259887250509,0.169927088600022,-0.207698474525451,-0.925062116656053,-0.924311211315714,Detchd,0.23939860066205,-1.02419415054278,0.626775395775327,-0.702842766617084,-0.359600750132276,-0.103330530851366,-0.285935458023539,NONE,-0.0895919598967582,Normal,-2.23744784062252,1,2,2,2,3,4,0,3,3,7,5,1,2,3,2,3,0,1,0.297607266471232,11.8740903141818,200902
913,30,RM,-0.202136490375653,-0.513352293029888,Pave,NONE,Lvl,Inside,Gtl,BrkSide,Norm,Norm,1Fam,1Story,5,7,1925,MetalSd,MetalSd,None,-0.567015949674981,BrkTil,489,0,279,768,GasA,-3.72731232161413,SBrkr,-0.785025043886639,-0.960067332904291,0,0,-1.02736282330994,-0.756321032880405,0.169927088600022,-0.207698474525451,-0.287758288825272,-0.924311211315714,Detchd,0.121518473373622,-0.105395374216442,-0.740760408320604,-0.702842766617084,1.38404474760213,-0.103330530851366,1.85025599009499,MnPrv,1.00329456137201,Abnorml,0.44693779307133,1,2,2,2,2,3,0,3,3,6,3,1,2,3,3,1,0,1,-0.250997476711292,11.3850920934603,200610
914,90,RH,0.723902841216208,-0.494330387414186,Pave,NONE,HLS,Inside,Gtl,Crawfor,Norm,Norm,Duplex,2Story,5,6,1949,MetalSd,MetalSd,None,-0.567015949674981,CBlock,284,0,717,1001,GasA,-3.72731232161413,FuseA,1.55033326668295,0.990662969349699,0,0,0.781365814350925,-0.756321032880405,1.38565545042224,4.45593111885755,0.98684936683629,-0.924311211315714,2Types,0.174898153655174,1.84821212494208,-0.740760408320604,-0.702842766617084,-0.359600750132276,-0.103330530851366,-0.285935458023539,NONE,-0.0895919598967582,Normal,0.44693779307133,1,2,2,2,2,3,0,3,3,7,4,1,2,3,3,1,0,1,-0.250997476711292,11.8844890214027,200711
915,160,FV,-0.829453456937881,-0.909007929836495,Pave,Pave,Lvl,Inside,Gtl,Somerst,Norm,Norm,TwnhsE,2Story,6,5,2009,VinylSd,VinylSd,Stone,-0.142016924961081,PConc,294,0,318,612,GasA,0.268289832918241,SBrkr,0.642786430707353,-0.546994756236526,0,0,0.781365814350925,1.23259887250509,-1.04580127322219,-0.207698474525451,-1.56236594448683,-0.924311211315714,Detchd,0.308347354359055,0.256555658881811,-0.740760408320604,2.76054433978438,-0.359600750132276,-0.103330530851366,-0.285935458023539,NONE,-0.0895919598967582,Partial,0.44693779307133,1,2,3,4,3,3,0,3,3,7,6,1,2,3,3,3,0,2,0.297607266471232,12.0652749169136,200909
916,160,RM,-1.09830358546455,-1.03569382123707,Pave,NONE,Lvl,Inside,Gtl,MeadowV,Norm,Norm,Twnhs,2Story,4,5,1970,CemntBd,CmentBd,BrkFace,-0.119648555239297,CBlock,0,0,546,546,GasA,0.268289832918241,SBrkr,0.488806761878589,-0.807882699395115,0,0,-1.02736282330994,1.23259887250509,0.169927088600022,-0.207698474525451,-0.287758288825272,-0.924311211315714,Attchd,0.221605373901533,-0.866420623294823,-0.740760408320604,-0.702842766617084,-0.359600750132276,-0.103330530851366,-0.285935458023539,NONE,-0.0895919598967582,Normal,0.44693779307133,1,2,2,1,2,3,0,3,3,7,1,1,2,3,3,1,0,1,-0.250997476711292,11.2252433925184,200701
917,20,C (all),-0.232008726878616,-0.148131705208405,Pave,NONE,Lvl,Inside,Gtl,IDOTRR,Norm,Norm,1Fam,1Story,2,3,1949,AsbShng,AsbShng,None,-0.567015949674981,CBlock,50,0,430,480,GasA,-3.72731232161413,FuseA,-0.785025043886639,-2.0174540722213,1,0,-2.8360914609708,-0.756321032880405,-2.26152963504441,-0.207698474525451,-1.56236594448683,-0.924311211315714,Detchd,0.194915533760756,-0.764331870369674,-0.740760408320604,-0.702842766617084,-0.359600750132276,-0.103330530851366,-0.285935458023539,NONE,-0.0895919598967582,Abnorml,0.44693779307133,1,2,2,2,2,3,0,3,3,7,4,1,2,3,3,3,0,1,-0.250997476711292,10.4719498091105,200602
918,20,RL,-1.72562055202678,0.884123706203702,Pave,NONE,Lvl,Inside,Gtl,Edwards,Norm,Norm,1Fam,1Story,4,6,1956,VinylSd,VinylSd,None,-0.567015949674981,CBlock,1059,0,75,1134,GasA,0.268289832918241,FuseA,-0.785025043886639,-0.537112637177489,0,0,-1.02736282330994,-0.756321032880405,0.169927088600022,-0.207698474525451,-0.287758288825272,-0.924311211315714,Attchd,0.190467227070627,-0.875701419015291,-0.740760408320604,-0.702842766617084,-0.359600750132276,-0.103330530851366,-0.285935458023539,NONE,-0.0895919598967582,Normal,-2.23744784062252,1,2,2,4,2,3,0,3,3,7,5,1,2,3,3,1,0,2,-0.250997476711292,11.8130300574206,200907
919,60,RL,1.35121980777844,0.374970699223406,Pave,NONE,Lvl,Corner,Gtl,SawyerW,Norm,Norm,1Fam,2Story,7,5,1991,HdBoard,HdBoard,None,-0.567015949674981,PConc,48,634,422,1104,GasA,0.268289832918241,SBrkr,2.04960067773379,1.23771594582564,1,0,0.781365814350925,1.23259887250509,1.38565545042224,-0.207698474525451,0.98684936683629,0.623631660646747,Attchd,0.268312594147891,1.67187700625319,-0.171612559217095,2.13891075658412,3.12769024533654,-0.103330530851366,-0.285935458023539,GdPrv,-0.0895919598967582,Normal,0.44693779307133,1,2,3,4,3,3,3,3,3,7,4,6,2,3,2,2,0,2,1.66911912442754,12.3800259526536,200703
920,20,RL,0.873264023731024,0.109171271419994,Pave,NONE,Lvl,Corner,Gtl,NAmes,Norm,Norm,1Fam,1Story,6,8,1958,MetalSd,MetalSd,None,-0.567015949674981,CBlock,528,411,245,1184,GasA,0.268289832918241,SBrkr,-0.785025043886639,-0.171474231993104,1,0,-1.02736282330994,-0.756321032880405,0.169927088600022,-0.207698474525451,-0.287758288825272,0.623631660646747,Attchd,0.266088440802826,0.595304702678895,-0.740760408320604,0.0519980129832354,-0.359600750132276,-0.103330530851366,3.09636766816412,NONE,-0.0895919598967582,Normal,0.44693779307133,1,2,4,4,2,3,3,3,3,6,5,4,2,3,2,1,0,1,0.297607266471232,12.0810761553555,200808
921,60,RL,0.365436003180649,-0.216356940016724,Pave,NONE,Lvl,Inside,Gtl,SawyerW,Norm,Norm,1Fam,2Story,6,5,1994,HdBoard,HdBoard,BrkFace,0.0201537555218542,PConc,814,0,114,928,GasA,0.268289832918241,SBrkr,1.04639980506154,0.435287878231795,0,1,0.781365814350925,1.23259887250509,0.169927088600022,-0.207698474525451,0.349545539005509,-0.924311211315714,Attchd,0.274985054183085,-0.00794701915152796,1.63068896294402,0.584826798583461,-0.359600750132276,-0.103330530851366,-0.285935458023539,NONE,-0.0895919598967582,Normal,0.44693779307133,1,3,3,4,3,4,0,3,3,7,6,1,2,3,2,1,0,2,0.297607266471232,12.2110601870412,200710
922,90,RL,0.275819293671759,-0.176410938223749,Pave,NONE,Lvl,Inside,Gtl,Edwards,Feedr,Norm,Duplex,1.5Fin,5,7,1900,MetalSd,MetalSd,None,-0.567015949674981,CBlock,1084,0,188,1272,GasA,0.268289832918241,SBrkr,1.38002242085719,1.38199488408758,2,0,0.781365814350925,3.22151877789059,1.38565545042224,4.45593111885755,1.62415319466707,-0.924311211315714,NONE,-4.15997671587587,-2.19357441132175,-0.740760408320604,0.333213205383354,-0.359600750132276,-0.103330530851366,-0.285935458023539,GdPrv,-0.0895919598967582,Normal,0.44693779307133,1,2,2,3,2,3,0,0,0,7,5,1,0,3,3,1,0,0,-0.250997476711292,11.8906767345109,200812
923,20,RL,0.216074820665833,0.00873560976908573,Pave,NONE,Lvl,Inside,Gtl,Gilbert,RRAn,Norm,1Fam,1Story,6,5,2005,VinylSd,VinylSd,None,-0.567015949674981,PConc,28,0,1288,1316,GasA,0.268289832918241,SBrkr,-0.785025043886639,-0.365163765550238,0,0,0.781365814350925,-0.756321032880405,0.169927088600022,-0.207698474525451,-0.287758288825272,0.623631660646747,Attchd,0.299450740978796,-0.351336460808846,0.0497227154342694,-0.702842766617084,-0.359600750132276,0.809953019671038,-0.285935458023539,NONE,-0.0895919598967582,Partial,0.44693779307133,1,2,3,4,3,3,4,3,3,7,6,1,2,3,3,1,0,3,0.297607266471232,12.0434948907728,200602
924,120,RL,-0.232008726878616,-0.273422656863831,Pave,NONE,Lvl,Inside,Gtl,SawyerW,Norm,Norm,TwnhsE,1Story,6,5,1993,Plywood,Plywood,None,-0.567015949674981,PConc,165,841,598,1604,GasA,0.268289832918241,SBrkr,-0.785025043886639,0.229739801803816,1,0,0.781365814350925,-0.756321032880405,-1.04580127322219,-0.207698474525451,-0.925062116656053,0.623631660646747,Attchd,0.27276090083802,0.279757648182982,-0.740760408320604,0.318412405783348,-0.359600750132276,-0.103330530851366,-0.285935458023539,NONE,-0.0895919598967582,Normal,0.44693779307133,1,2,3,4,3,3,2,3,3,7,2,6,2,3,3,1,0,2,0.297607266471232,12.170445467887,200810
925,20,RL,0.634286131707318,0.00911604788139977,Pave,NONE,Lvl,Inside,Gtl,NWAmes,Norm,Norm,1Fam,1Story,6,6,1980,Plywood,Plywood,BrkFace,0.310942561905049,CBlock,625,1061,0,1686,GasA,0.268289832918241,SBrkr,-0.785025043886639,0.366113044818533,1,0,0.781365814350925,-0.756321032880405,0.169927088600022,-0.207698474525451,0.349545539005509,0.623631660646747,Attchd,0.243846907352179,0.64634907914147,2.29469478689811,1.23606198098374,-0.359600750132276,-0.103330530851366,-0.285935458023539,NONE,-0.0895919598967582,Normal,0.44693779307133,1,3,2,2,2,3,3,3,3,7,4,2,2,3,3,1,0,1,0.297607266471232,12.2428866186529,200608
926,20,RL,-1.72562055202678,0.690227081627644,Pave,NONE,Lvl,Corner,Gtl,NWAmes,Norm,Norm,1Fam,1Story,5,6,1977,VinylSd,VinylSd,None,-0.567015949674981,PConc,767,93,266,1126,GasA,0.268289832918241,SBrkr,-0.785025043886639,-0.74068428979366,0,1,0.781365814350925,-0.756321032880405,0.169927088600022,-0.207698474525451,-0.287758288825272,-0.924311211315714,Attchd,0.237174447316985,0.31224043320462,0.682109214438168,-0.702842766617084,-0.359600750132276,-0.103330530851366,-0.285935458023539,NONE,-0.0895919598967582,Abnorml,-2.23744784062252,1,2,2,2,4,3,0,3,3,7,5,2,2,3,2,3,0,2,0.297607266471232,12.0725412529057,200806
927,60,RL,1.0524974427488,0.232179594401535,Pave,NONE,Lvl,Inside,Gtl,NridgHt,Norm,Norm,1Fam,2Story,8,5,2003,VinylSd,VinylSd,BrkFace,1.33429547667668,PConc,0,0,1181,1181,GasA,0.268289832918241,SBrkr,1.87462378133746,1.72589262734209,0,0,0.781365814350925,1.23259887250509,1.38565545042224,-0.207698474525451,2.26145702249785,0.623631660646747,BuiltIn,0.295002434288667,0.850526584991767,0.0813420403844643,0.777237193383542,-0.359600750132276,-0.103330530851366,-0.285935458023539,NONE,-0.0895919598967582,Normal,0.44693779307133,1,2,3,4,4,3,4,3,3,7,1,1,2,3,3,1,0,3,0.297607266471232,12.5602444592508,200708
928,60,RL,-1.72562055202678,-0.034000271514192,Pave,NONE,Lvl,Inside,Gtl,NWAmes,Feedr,Norm,1Fam,2Story,7,5,1968,MetalSd,MetalSd,BrkFace,1.34547966153757,CBlock,552,0,280,832,GasA,0.268289832918241,SBrkr,1.26803720716355,0.94322879786632,0,0,0.781365814350925,1.23259887250509,1.38565545042224,-0.207698474525451,1.62415319466707,0.623631660646747,Attchd,0.217157067211403,0.0616589487519824,-0.740760408320604,-0.0664083838168147,-0.359600750132276,-0.103330530851366,-0.285935458023539,GdPrv,-0.0895919598967582,Normal,-2.23744784062252,1,2,2,3,2,3,4,3,3,7,4,1,2,3,3,1,0,2,-0.250997476711292,12.0782392740203,200807
929,20,RL,-1.72562055202678,0.211762749040681,Pave,NONE,Lvl,Inside,Gtl,CollgCr,Norm,Norm,1Fam,1Story,8,5,2001,VinylSd,VinylSd,None,-0.567015949674981,PConc,0,0,1753,1753,GasA,0.268289832918241,SBrkr,-0.785025043886639,0.567708273622897,0,0,0.781365814350925,-0.756321032880405,0.169927088600022,-0.207698474525451,0.349545539005509,0.623631660646747,Attchd,0.290554127598537,0.228713271720407,0.85601550166424,1.53207797298386,-0.359600750132276,-0.103330530851366,-0.285935458023539,NONE,-0.0895919598967582,Normal,-2.23744784062252,1,2,3,4,4,3,3,3,3,7,1,1,2,3,3,3,0,2,0.297607266471232,12.3737034869141,200909
930,60,RL,-1.72562055202678,0.359879987434949,Pave,NONE,Lvl,Corner,Gtl,Gilbert,Norm,Norm,1Fam,2Story,7,5,1997,HdBoard,HdBoard,BrkFace,1.02673039300214,PConc,0,0,964,964,GasA,0.268289832918241,SBrkr,2.11492538572175,1.45314614131265,0,0,0.781365814350925,1.23259887250509,1.38565545042224,-0.207698474525451,0.98684936683629,0.623631660646747,BuiltIn,0.281657514218279,0.78556101494849,-0.740760408320604,-0.702842766617084,-0.359600750132276,-0.103330530851366,-0.285935458023539,NONE,-0.0895919598967582,Normal,-2.23744784062252,1,2,2,3,3,3,3,3,3,7,1,1,2,3,2,1,0,3,0.297607266471232,12.3104326608544,200603
931,20,RL,0.455052712689539,-0.157642658016256,Pave,NONE,HLS,Inside,Gtl,Timber,Norm,Norm,1Fam,1Story,8,5,2007,VinylSd,VinylSd,None,-0.567015949674981,PConc,16,0,1450,1466,GasA,0.268289832918241,SBrkr,-0.785025043886639,-0.0687001937791143,0,0,0.781365814350925,-0.756321032880405,0.169927088600022,-0.207698474525451,0.349545539005509,-0.924311211315714,Attchd,0.303899047668925,0.637068283421001,0.0497227154342694,-0.436428373816971,-0.359600750132276,-0.103330530851366,-0.285935458023539,NONE,-0.0895919598967582,Normal,0.44693779307133,1,2,3,4,3,3,0,3,3,7,6,1,2,3,2,3,0,3,0.297607266471232,12.2110601870412,200910
932,20,RL,0.365436003180649,-0.135450434797937,Pave,NONE,Lvl,Inside,Gtl,NAmes,Norm,Norm,1Fam,1Story,5,6,1965,VinylSd,VinylSd,None,-0.567015949674981,CBlock,338,466,121,925,GasA,0.268289832918241,SBrkr,-0.785025043886639,-1.13794547596697,0,1,-1.02736282330994,-0.756321032880405,-1.04580127322219,-0.207698474525451,-0.925062116656053,-0.924311211315714,Detchd,0.210484607176209,-0.202843729281357,-0.740760408320604,-0.702842766617084,-0.359600750132276,-0.103330530851366,-0.285935458023539,GdWo,-0.0895919598967582,Normal,0.44693779307133,1,2,2,4,2,3,0,3,3,7,4,3,2,3,3,1,0,1,-0.250997476711292,11.6741936125664,200910
933,20,RL,0.783647314222135,0.190458214751094,Pave,NONE,Lvl,Corner,Gtl,Somerst,RRNn,Norm,1Fam,1Story,9,5,2006,VinylSd,ImStucc,Stone,1.12179596431973,PConc,0,0,1905,1905,GasA,0.268289832918241,SBrkr,-0.785025043886639,0.798949859604373,0,0,0.781365814350925,-0.756321032880405,0.169927088600022,-0.207698474525451,0.98684936683629,0.623631660646747,Attchd,0.301674894323861,1.46305910254266,-0.740760408320604,2.12410995698411,-0.359600750132276,-0.103330530851366,-0.285935458023539,NONE,-0.0895919598967582,Normal,0.44693779307133,1,2,4,4,4,4,4,3,3,7,1,1,2,3,2,1,0,3,1.66911912442754,12.6760762747759,200706
934,20,RL,0.156330347659906,-0.213186622414107,Pave,NONE,Lvl,FR2,Gtl,CollgCr,Norm,Norm,1Fam,1Story,7,5,2004,VinylSd,VinylSd,BrkFace,0.607323460718689,PConc,20,0,1480,1500,GasA,0.268289832918241,SBrkr,-0.785025043886639,-0.00150178417765967,0,0,0.781365814350925,-0.756321032880405,0.169927088600022,-0.207698474525451,-0.287758288825272,-0.924311211315714,Attchd,0.297226587633731,0.45145236901164,0.776967189288753,-0.170013981016859,-0.359600750132276,-0.103330530851366,-0.285935458023539,NONE,-0.0895919598967582,Normal,0.44693779307133,1,2,3,4,3,3,0,3,3,7,6,1,2,3,3,3,0,2,0.297607266471232,12.1547793511426,200911
935,20,RL,7.62438947340072,2.21692522634391,Pave,NONE,HLS,Inside,Mod,NAmes,PosA,Norm,1Fam,1Story,7,7,1960,Wd Sdng,Wd Sdng,None,-0.567015949674981,CBlock,425,0,160,585,GasA,0.268289832918241,SBrkr,-0.785025043886639,1.1230833647408,1,0,0.781365814350925,-0.756321032880405,1.38565545042224,-0.207698474525451,1.62415319466707,0.623631660646747,Attchd,0.199363840450886,0.149826508096429,-0.740760408320604,-0.702842766617084,-0.359600750132276,-0.103330530851366,-0.285935458023539,NONE,-0.0895919598967582,Normal,0.44693779307133,1,2,2,4,3,3,4,3,3,7,6,1,2,3,1,4,0,2,0.297607266471232,12.3966930051388,200803
936,30,RL,-0.172264253872689,-0.550762040740769,Pave,NONE,Lvl,Inside,Gtl,BrkSide,Norm,Norm,1Fam,1Story,4,5,1926,MetalSd,MetalSd,BrkFace,0.0369300328131924,PConc,0,0,600,600,GasA,0.268289832918241,SBrkr,-0.785025043886639,-1.4897489144687,0,0,-1.02736282330994,-0.756321032880405,-2.26152963504441,-0.207698474525451,-0.925062116656053,-0.924311211315714,Detchd,0.183794767035433,0.256555658881811,-0.740760408320604,-0.702842766617084,0.138583677791841,-0.103330530851366,-0.285935458023539,NONE,-0.0895919598967582,Normal,0.44693779307133,1,3,2,3,2,3,0,3,3,7,1,1,2,3,2,2,0,1,-0.799602219893816,11.2885311317544,200609
937,20,RL,0.275819293671759,-0.0107935466630352,Pave,NONE,Lvl,Inside,Gtl,SawyerW,Norm,Norm,1Fam,1Story,7,5,2003,VinylSd,VinylSd,NONE,-0.567015949674981,PConc,833,0,343,1176,GasA,0.268289832918241,SBrkr,-0.785025043886639,-0.594428927719906,1,0,0.781365814350925,-0.756321032880405,-1.04580127322219,-0.207698474525451,-0.925062116656053,-0.924311211315714,Attchd,0.295002434288667,0.38184640110813,-0.740760408320604,-0.0960099830168272,-0.359600750132276,-0.103330530851366,-0.285935458023539,NONE,-0.0895919598967582,Normal,0.44693779307133,1,2,3,4,3,3,0,3,3,7,6,1,2,3,3,1,0,2,0.297607266471232,12.1275704173752,200911
938,60,RL,0.514797185695465,-0.0625331299377453,Pave,NONE,Lvl,Inside,Gtl,Somerst,Norm,Norm,1Fam,2Story,7,5,2005,VinylSd,VinylSd,None,-0.567015949674981,PConc,341,0,772,1113,GasA,0.268289832918241,SBrkr,1.21671065088729,0.929393831183667,0,0,0.781365814350925,1.23259887250509,0.169927088600022,-0.207698474525451,0.98684936683629,0.623631660646747,Attchd,0.299450740978796,1.00365971437949,-0.740760408320604,0.00759561418321662,-0.359600750132276,-0.103330530851366,-0.285935458023539,NONE,-0.0895919598967582,Normal,0.44693779307133,1,2,3,4,3,3,4,3,3,7,6,1,2,3,3,2,0,2,0.297607266471232,12.4411447677097,200905
939,60,RL,0.455052712689539,-0.178566754193529,Pave,NONE,Lvl,Inside,Gtl,CollgCr,Norm,Norm,1Fam,2Story,7,5,2006,VinylSd,VinylSd,None,-0.567015949674981,PConc,464,0,927,1391,GasA,0.268289832918241,SBrkr,0.547132394010697,0.9116060168774,0,0,0.781365814350925,1.23259887250509,0.169927088600022,-0.207698474525451,0.349545539005509,-0.924311211315714,Attchd,0.301674894323861,1.83429093136138,-0.740760408320604,0.62922919738348,-0.359600750132276,-0.103330530851366,-0.285935458023539,NONE,-0.0895919598967582,Partial,0.44693779307133,1,2,3,4,3,4,0,3,3,7,6,1,2,3,3,2,0,2,0.297607266471232,12.3875563514251,200611
940,70,RL,-1.72562055202678,1.76547199973124,Pave,NONE,Lvl,Inside,Gtl,ClearCr,Norm,Norm,1Fam,2Story,7,7,1940,MetalSd,MetalSd,None,-0.567015949674981,CBlock,0,0,1032,1032,GasA,0.268289832918241,SBrkr,2.00527319731339,1.7832089178845,0,0,0.781365814350925,-0.756321032880405,1.38565545042224,-0.207698474525451,2.26145702249785,2.17157453260921,Attchd,0.154880773549592,-0.574075558100079,-0.298089859017875,-0.702842766617084,4.59110700236363,-0.103330530851366,-0.285935458023539,NONE,-0.0895919598967582,Normal,-2.23744784062252,1,3,2,4,2,3,3,3,3,7,1,1,2,3,3,2,0,1,-0.250997476711292,12.4065615062796,201009
941,90,RL,-0.0826475443637997,0.313466537732635,Pave,NONE,Lvl,Inside,Gtl,Mitchel,Norm,Norm,Duplex,1Story,6,5,1976,Plywood,Plywood,None,-0.567015949674981,CBlock,936,396,396,1728,GasA,0.268289832918241,SBrkr,-0.785025043886639,0.449122844914448,0,0,0.781365814350925,-0.756321032880405,1.38565545042224,4.45593111885755,0.98684936683629,-0.924311211315714,Attchd,0.234950293971921,0.470013960452577,-0.424567158818655,-0.702842766617084,-0.359600750132276,-0.103330530851366,-0.285935458023539,NONE,-0.0895919598967582,Normal,0.44693779307133,1,2,2,2,2,3,0,3,3,7,3,2,2,3,2,4,0,1,-0.250997476711292,11.9243726447559,200610
942,60,RL,-1.72562055202678,-0.179200817714052,Pave,NONE,Lvl,FR2,Gtl,Gilbert,RRNn,Norm,1Fam,2Story,7,5,1999,VinylSd,VinylSd,BrkFace,1.09942759459794,PConc,772,0,220,992,GasA,0.268289832918241,SBrkr,1.63665520223847,1.10529555043453,1,0,0.781365814350925,1.23259887250509,0.169927088600022,-0.207698474525451,0.98684936683629,0.623631660646747,BuiltIn,0.286105820908408,-0.383819245830484,-0.740760408320604,-0.702842766617084,-0.359600750132276,6.56761018600794,-0.285935458023539,GdPrv,-0.0895919598967582,Normal,-2.23744784062252,1,2,3,4,3,3,3,3,3,7,5,1,2,3,2,1,0,2,0.297607266471232,12.273731294004,200909
943,90,RL,-0.470986618902322,-0.31159328079934,Pave,NONE,Lvl,Inside,Gtl,Edwards,Norm,Norm,Duplex,1Story,4,3,1977,MetalSd,MetalSd,None,-0.567015949674981,PConc,1440,0,0,1440,GasA,0.268289832918241,SBrkr,-0.785025043886639,-0.120087212886109,2,0,0.781365814350925,-0.756321032880405,1.38565545042224,4.45593111885755,0.98684936683629,-0.924311211315714,NONE,-4.15997671587587,-2.19357441132175,1.79669041893254,-0.702842766617084,-0.359600750132276,-0.103330530851366,-0.285935458023539,NONE,-0.0895919598967582,Abnorml,0.44693779307133,1,2,2,2,2,3,0,0,0,7,6,1,0,3,2,4,0,0,0.297607266471232,11.9183905730784,200711
944,90,RL,1.26160309826955,1.8808715604665,Pave,NONE,Low,Inside,Gtl,Mitchel,Norm,Norm,Duplex,1Story,5,4,1967,HdBoard,Plywood,None,-0.567015949674981,CBlock,0,0,1632,1632,GasA,0.268289832918241,SBrkr,-0.785025043886639,0.259386158980929,0,0,0.781365814350925,-0.756321032880405,1.38565545042224,4.45593111885755,0.98684936683629,-0.924311211315714,Attchd,0.214932913866338,0.479294756173045,-0.740760408320604,-0.702842766617084,-0.359600750132276,-0.103330530851366,-0.285935458023539,NONE,-0.0895919598967582,Normal,0.44693779307133,1,2,2,2,2,3,0,3,3,7,1,1,1,3,3,3,0,1,-0.250997476711292,11.870599909242,200709
945,20,RL,-1.72562055202678,0.533486579354258,Pave,NONE,Lvl,CulDSac,Gtl,Timber,Norm,Norm,1Fam,SLvl,6,6,1958,HdBoard,HdBoard,BrkFace,2.45830605519633,CBlock,111,354,354,819,GasA,0.268289832918241,FuseA,-0.785025043886639,-0.309823898819628,0,1,-1.02736282330994,-0.756321032880405,0.169927088600022,-0.207698474525451,0.349545539005509,0.623631660646747,Basment,0.194915533760756,0.242634465301109,-0.740760408320604,1.04365158618365,-0.359600750132276,-0.103330530851366,3.8618362704066,NONE,-0.0895919598967582,Abnorml,-2.23744784062252,1,2,2,3,3,3,4,3,3,7,6,3,2,1,2,1,0,2,-0.250997476711292,11.8313791960888,200901
946,50,RM,1.20185862526362,-0.170957991947248,Pave,NONE,Lvl,Corner,Gtl,OldTown,Norm,Norm,1Fam,1.5Fin,5,6,1890,VinylSd,VinylSd,None,-0.567015949674981,BrkTil,1088,0,0,1088,GasA,0.268289832918241,SBrkr,0.523802141157854,0.727798602379303,0,0,-1.02736282330994,-0.756321032880405,-1.04580127322219,-0.207698474525451,0.349545539005509,-0.924311211315714,Detchd,0.20603630048608,-0.0775529870550383,-0.361328508918265,-0.702842766617084,3.43905551278911,-0.103330530851366,-0.285935458023539,MnWw,-0.0895919598967582,Normal,0.44693779307133,1,2,2,2,2,3,0,3,3,7,2,1,2,3,3,1,0,1,-0.250997476711292,11.7352686961137,200912
947,80,RL,0.365436003180649,-0.254273938544024,Pave,NONE,Lvl,Inside,Gtl,NAmes,Norm,Norm,1Fam,SLvl,5,6,1959,HdBoard,HdBoard,BrkFace,0.148771881422113,CBlock,748,294,102,1144,GasA,0.268289832918241,SBrkr,-0.785025043886639,-0.705108661181125,1,0,-1.02736282330994,-0.756321032880405,0.169927088600022,-0.207698474525451,-0.287758288825272,0.623631660646747,Attchd,0.197139687105821,1.50018228542453,-0.0609449218914129,-0.702842766617084,-0.359600750132276,-0.103330530851366,-0.285935458023539,NONE,-0.0895919598967582,Normal,0.44693779307133,1,3,2,2,2,3,3,3,3,7,5,4,2,3,3,3,0,2,-0.250997476711292,11.870599909242,200606
948,20,RL,0.813519550725098,0.553903424715112,Pave,NONE,Lvl,Inside,Gtl,Timber,Norm,Norm,1Fam,1Story,8,5,2002,VinylSd,VinylSd,BrkFace,0.752717863910286,PConc,1300,0,316,1616,GasA,0.268289832918241,SBrkr,-0.785025043886639,0.253456887545506,1,0,0.781365814350925,-0.756321032880405,0.169927088600022,-0.207698474525451,1.62415319466707,0.623631660646747,Attchd,0.292778280943602,1.55586705974734,-0.740760408320604,3.02695873258449,-0.359600750132276,-0.103330530851366,-0.285935458023539,NONE,-0.0895919598967582,Normal,0.44693779307133,1,2,3,4,3,3,4,3,3,7,6,1,2,3,3,3,0,3,0.297607266471232,12.5061772379805,200703
949,60,RL,0.216074820665833,0.48669269153963,Pave,NONE,Lvl,Inside,Gtl,CollgCr,Norm,Norm,1Fam,2Story,7,5,2002,VinylSd,VinylSd,BrkFace,0.23824536030925,PConc,0,0,936,936,GasA,0.268289832918241,SBrkr,1.17471619575217,0.543991187881207,0,0,0.781365814350925,1.23259887250509,0.169927088600022,-0.207698474525451,0.349545539005509,0.623631660646747,Attchd,0.292778280943602,0.00597417442917412,0.397535289886414,0.718033994983517,-0.359600750132276,-0.103330530851366,-0.285935458023539,NONE,-0.0895919598967582,Normal,0.44693779307133,1,2,3,4,3,3,3,3,3,7,1,1,2,3,2,0,0,2,0.297607266471232,12.16785143271,200605
950,20,RL,0.604413895204355,-0.10247913173072,Pave,NONE,Lvl,Inside,Gtl,NWAmes,Norm,Norm,1Fam,1Story,6,7,1972,Plywood,Plywood,None,-0.567015949674981,CBlock,982,0,179,1161,GasA,0.268289832918241,SBrkr,-0.785025043886639,-0.236696217782751,1,0,-1.02736282330994,1.23259887250509,0.169927088600022,-0.207698474525451,-0.925062116656053,0.623631660646747,Attchd,0.226053680591662,0.943334542196447,-0.740760408320604,-0.702842766617084,-0.359600750132276,-0.103330530851366,-0.285935458023539,NONE,-0.0895919598967582,Normal,0.44693779307133,1,2,2,2,3,3,3,3,3,7,5,1,2,3,3,1,0,2,-0.250997476711292,12.1934938633233,201006
951,20,RL,0.0667136381510165,-0.376394572596832,Pave,NONE,Lvl,Inside,Gtl,NAmes,Norm,Norm,1Fam,1Story,5,8,1950,VinylSd,VinylSd,None,-0.567015949674981,CBlock,398,149,317,864,GasA,0.268289832918241,SBrkr,-0.785025043886639,-1.25850732848722,1,0,-1.02736282330994,-0.756321032880405,0.169927088600022,-0.207698474525451,-0.925062116656053,-0.924311211315714,Detchd,0.243846907352179,1.14751204804674,0.79277685176385,-0.702842766617084,-0.359600750132276,-0.103330530851366,-0.285935458023539,NONE,-0.0895919598967582,Normal,0.44693779307133,1,2,2,3,3,3,0,3,3,7,5,4,2,3,3,1,0,2,-0.250997476711292,11.7675676833438,200710
952,20,RH,0.0667136381510165,-0.300306950134023,Pave,NONE,Lvl,Corner,Gtl,SawyerW,Norm,Norm,1Fam,1Story,5,5,1965,VinylSd,VinylSd,None,-0.567015949674981,CBlock,641,0,187,828,GasA,0.268289832918241,SBrkr,-0.785025043886639,-1.05888852349467,1,0,-1.02736282330994,-0.756321032880405,0.169927088600022,-0.207698474525451,-0.287758288825272,-0.924311211315714,Detchd,0.241622754007115,-0.801455053251546,2.58717354268741,-0.702842766617084,-0.359600750132276,-0.103330530851366,-0.285935458023539,MnPrv,-0.0895919598967582,Abnorml,0.44693779307133,1,2,2,3,2,3,0,3,3,7,4,1,2,3,3,1,0,1,-0.250997476711292,11.6944133410156,200610
953,85,RL,0.0667136381510165,-0.376394572596832,Pave,NONE,Lvl,Inside,Gtl,CollgCr,Norm,Norm,1Fam,SFoyer,5,8,1972,WdShing,HdBoard,None,-0.567015949674981,CBlock,660,0,108,768,GasA,0.268289832918241,SBrkr,-0.785025043886639,-1.44824401442074,0,1,-1.02736282330994,-0.756321032880405,-1.04580127322219,-0.207698474525451,-0.925062116656053,-0.924311211315714,Detchd,0.230501987281791,-0.35597685866908,0.776967189288753,-0.702842766617084,-0.359600750132276,-0.103330530851366,-0.285935458023539,MnPrv,-0.0895919598967582,Normal,0.44693779307133,1,3,2,3,2,3,0,3,3,7,6,1,2,3,3,3,0,3,0.297607266471232,11.8048485316793,200907
954,60,RL,-1.72562055202678,0.115004655808809,Pave,NONE,Lvl,Inside,Mod,Mitchel,Norm,Norm,1Fam,2Story,5,4,1969,HdBoard,HdBoard,BrkFace,0.730349494188502,CBlock,562,193,29,784,GasA,0.268289832918241,SBrkr,1.0813951843408,0.923464559748245,0,1,0.781365814350925,1.23259887250509,1.38565545042224,-0.207698474525451,0.349545539005509,0.623631660646747,Attchd,0.219381220556468,0.26583645460228,1.67021311913176,2.0945083577841,-0.359600750132276,-0.103330530851366,-0.285935458023539,MnPrv,0.615496118341154,Normal,-2.23744784062252,1,2,2,4,2,3,1,3,3,5,5,2,2,3,2,3,0,2,-0.250997476711292,12.0552497557956,200812
955,90,RL,-0.680092274423065,-0.0974066235665327,Pave,NONE,Lvl,CulDSac,Gtl,Edwards,Norm,Norm,Duplex,SFoyer,6,5,1975,WdShing,Plywood,BrkFace,0.831007157936531,CBlock,945,0,0,945,GasA,0.268289832918241,SBrkr,-0.785025043886639,-1.02924216631755,0,2,0.781365814350925,-0.756321032880405,1.38565545042224,-4.87132806790845,-1.56236594448683,-0.924311211315714,NONE,-4.15997671587587,-2.19357441132175,-0.740760408320604,-0.702842766617084,-0.359600750132276,-0.103330530851366,-0.285935458023539,NONE,-0.0895919598967582,AdjLand,0.44693779307133,1,2,2,2,2,4,0,0,0,7,6,1,2,3,2,4,0,0,0.297607266471232,11.7558716435806,200602
956,90,RH,0.723902841216208,-0.384510585659532,Pave,NONE,HLS,Inside,Gtl,Crawfor,Norm,Norm,Duplex,2Story,6,6,1946,MetalSd,MetalSd,BrkFace,1.7984391484037,CBlock,484,0,495,979,GasA,-3.72731232161413,FuseF,1.49900671040669,0.90370032163017,0,0,0.781365814350925,-0.756321032880405,1.38565545042224,4.45593111885755,0.98684936683629,-0.924311211315714,Attchd,0.16822569361998,0.0895013359133866,-0.740760408320604,-0.702842766617084,-0.359600750132276,-0.103330530851366,-0.285935458023539,NONE,-0.0895919598967582,Normal,0.44693779307133,1,2,2,2,2,3,0,3,3,7,3,1,2,3,2,1,0,1,0.297607266471232,11.8844890214027,200711
957,160,RM,-1.00868687595566,-1.12458952681445,Pave,NONE,Lvl,Inside,Gtl,Blueste,Norm,Norm,TwnhsE,2Story,6,6,1980,MetalSd,MetalSd,None,-0.567015949674981,CBlock,285,0,276,561,GasA,0.268289832918241,SBrkr,0.773435846683274,-0.537112637177489,0,0,-1.02736282330994,1.23259887250509,-1.04580127322219,-0.207698474525451,-0.925062116656053,0.623631660646747,Attchd,0.243846907352179,-0.0497105998936342,0.444964277311706,-0.702842766617084,-0.359600750132276,-0.103330530851366,-0.285935458023539,GdPrv,-0.0895919598967582,Normal,0.44693779307133,1,2,2,2,2,3,3,3,3,7,5,1,2,3,3,1,0,3,0.297607266471232,11.7280368445872,200908
958,20,RL,0.365436003180649,-0.348495777693802,Pave,NONE,Lvl,Inside,Gtl,Sawyer,Norm,Norm,1Fam,1Story,5,5,1962,MetalSd,MetalSd,None,-0.567015949674981,CBlock,417,0,640,1057,GasA,0.268289832918241,SBrkr,-0.785025043886639,-0.877057532808377,0,0,-1.02736282330994,-0.756321032880405,0.169927088600022,-0.207698474525451,-0.287758288825272,-0.924311211315714,Detchd,0.237174447316985,0.479294756173045,-0.740760408320604,-0.702842766617084,-0.359600750132276,-0.103330530851366,-0.285935458023539,NONE,-0.0895919598967582,Normal,0.44693779307133,1,2,2,2,2,3,0,3,3,7,3,1,2,3,3,1,0,3,-0.250997476711292,11.7905572015685,200707
959,20,RL,0.216074820665833,-0.21787869246598,Pave,NONE,Lvl,Inside,Gtl,CollgCr,Norm,Norm,1Fam,1Story,7,5,2003,VinylSd,VinylSd,None,-0.567015949674981,PConc,699,0,638,1337,GasA,0.268289832918241,SBrkr,-0.785025043886639,-0.32365886550228,1,0,0.781365814350925,-0.756321032880405,0.169927088600022,-0.207698474525451,-0.287758288825272,-0.924311211315714,Attchd,0.295002434288667,0.270476852462514,-0.740760408320604,-0.12561158221684,-0.359600750132276,-0.103330530851366,-0.285935458023539,NONE,-0.0895919598967582,Normal,0.44693779307133,1,2,3,4,3,3,0,3,3,7,6,1,2,3,3,2,0,2,0.297607266471232,12.1281111040605,200702
960,160,FV,-1.00868687595566,-0.963283767193298,Pave,NONE,Lvl,FR2,Gtl,Somerst,Norm,Norm,Twnhs,2Story,7,5,1999,MetalSd,MetalSd,None,-0.567015949674981,PConc,604,0,92,696,GasA,0.268289832918241,SBrkr,0.894753161518058,-0.167521384369489,1,0,0.781365814350925,1.23259887250509,0.169927088600022,-0.207698474525451,-0.287758288825272,-0.924311211315714,Detchd,0.286105820908408,0.0523781530315144,-0.740760408320604,-0.0516075842168084,-0.359600750132276,-0.103330530851366,-0.285935458023539,NONE,-0.0895919598967582,Normal,0.44693779307133,1,2,3,4,3,3,0,3,3,7,5,1,2,3,3,1,0,1,0.297607266471232,11.9511803959014,201008
961,20,RL,-0.232008726878616,-0.375506883668099,Pave,NONE,Lvl,Inside,Gtl,BrkSide,Norm,Norm,1Fam,1Story,5,7,1958,Wd Sdng,Plywood,None,-0.567015949674981,CBlock,696,0,162,858,GasA,0.268289832918241,SBrkr,-0.785025043886639,-1.27036587135807,1,0,-1.02736282330994,-0.756321032880405,-1.04580127322219,-0.207698474525451,-1.56236594448683,-0.924311211315714,NONE,-4.15997671587587,-2.19357441132175,0.184104846472598,-0.702842766617084,-0.359600750132276,-0.103330530851366,-0.285935458023539,NONE,-0.0895919598967582,Normal,0.44693779307133,1,3,2,3,2,3,0,0,0,7,4,1,2,3,2,4,0,0,-0.250997476711292,11.6656465519879,201005
962,60,RL,-1.72562055202678,0.261092890937402,Pave,NONE,Lvl,Corner,Gtl,NWAmes,PosN,Norm,1Fam,2Story,6,7,1977,HdBoard,HdBoard,BrkFace,1.80403124083414,CBlock,896,0,434,1330,GasA,0.268289832918241,SBrkr,2.31789858554148,2.71015168562221,1,0,0.781365814350925,1.23259887250509,1.38565545042224,-0.207698474525451,2.89876085032863,0.623631660646747,Attchd,0.237174447316985,0.678831864163108,3.6068967723312,3.47098272058468,-0.359600750132276,-0.103330530851366,-0.285935458023539,NONE,-0.0895919598967582,Normal,-2.23744784062252,1,3,2,2,2,4,3,3,3,7,5,1,2,3,2,1,0,3,0.297607266471232,12.5135573452781,200810
963,160,RL,-1.00868687595566,-0.996762321076934,Pave,NONE,Lvl,Corner,Gtl,NPkVill,Norm,Norm,TwnhsE,2Story,6,6,1976,Plywood,Brk Cmn,None,-0.567015949674981,CBlock,556,0,248,804,GasA,0.268289832918241,SBrkr,0.950745768364881,0.0933665587890998,1,0,0.781365814350925,1.23259887250509,0.169927088600022,-0.207698474525451,0.349545539005509,0.623631660646747,Detchd,0.234950293971921,-0.151799352818783,-0.361328508918265,-0.702842766617084,-0.359600750132276,-0.103330530851366,-0.285935458023539,NONE,-0.0895919598967582,Normal,0.44693779307133,1,2,2,2,3,3,3,3,3,7,5,1,2,3,3,1,0,1,0.297607266471232,11.9511803959014,200710
964,20,RL,1.91879230133474,0.222541828889579,Pave,NONE,Lvl,Corner,Gtl,CollgCr,Norm,Norm,1Fam,1Story,9,5,2007,VinylSd,VinylSd,None,-0.567015949674981,PConc,0,0,1800,1800,GasA,0.268289832918241,SBrkr,-0.785025043886639,0.591425359364587,0,0,0.781365814350925,-0.756321032880405,-1.04580127322219,-0.207698474525451,0.349545539005509,-0.924311211315714,Attchd,0.303899047668925,1.06398488656253,1.53583098809343,1.31006597898377,-0.359600750132276,-0.103330530851366,-0.285935458023539,NONE,-0.0895919598967582,Normal,0.44693779307133,1,2,3,4,4,3,0,3,3,7,1,1,2,3,2,1,0,3,1.66911912442754,12.3842188309136,200908
965,60,RL,0.664158368210282,0.145566517498037,Pave,NONE,Lvl,Corner,Gtl,Timber,Norm,Norm,1Fam,2Story,7,5,2002,VinylSd,VinylSd,BrkFace,-0.320963882735355,PConc,624,0,193,817,GasA,0.268289832918241,SBrkr,1.71131201136756,0.777209197674491,1,0,0.781365814350925,1.23259887250509,1.38565545042224,-0.207698474525451,0.98684936683629,0.623631660646747,BuiltIn,0.292778280943602,0.173028497397599,-0.740760408320604,-0.110810782616833,-0.359600750132276,-0.103330530851366,-0.285935458023539,NONE,-0.0895919598967582,Normal,0.44693779307133,1,2,3,4,3,3,4,3,3,7,6,1,2,3,3,1,0,3,0.297607266471232,12.2779280826306,201005
966,60,RL,0.216074820665833,0.00873560976908573,Pave,NONE,Lvl,Inside,Gtl,Gilbert,RRAn,Norm,1Fam,2Story,6,5,2005,VinylSd,VinylSd,None,-0.567015949674981,PConc,0,0,783,783,GasA,0.268289832918241,SBrkr,0.850425681097656,-0.0331245651665795,0,0,0.781365814350925,1.23259887250509,0.169927088600022,-0.207698474525451,0.98684936683629,0.623631660646747,Attchd,0.299450740978796,-0.369898052249782,-0.740760408320604,0.362814804583367,-0.359600750132276,-0.103330530851366,-0.285935458023539,NONE,-0.0895919598967582,Partial,0.44693779307133,1,2,3,4,3,3,4,3,3,7,1,1,2,3,3,1,0,3,0.297607266471232,12.0945822694968,200710
967,50,RL,2.15777019335844,-0.0720440827455964,Pave,NONE,HLS,Inside,Gtl,Crawfor,Norm,Norm,1Fam,1.5Fin,5,7,1940,MetalSd,MetalSd,None,-0.567015949674981,BrkTil,428,0,300,728,GasA,0.268289832918241,SBrkr,-0.0104606491722511,-0.380975156044697,1,0,-1.02736282330994,1.23259887250509,-1.04580127322219,-0.207698474525451,0.349545539005509,2.17157453260921,Detchd,0.154880773549592,-1.00563255910184,-0.740760408320604,0.333213205383354,-0.359600750132276,-0.103330530851366,-0.285935458023539,NONE,-0.0895919598967582,Normal,0.44693779307133,1,3,3,4,2,2,3,3,3,5,3,1,2,3,2,1,0,1,-0.250997476711292,11.982929094216,200909
968,20,RL,-1.72562055202678,-0.352300158816943,Pave,NONE,Lvl,Inside,Gtl,NAmes,Norm,Norm,1Fam,1Story,5,7,1955,Wd Sdng,Wd Sdng,BrkFace,0.277390007322372,CBlock,902,0,196,1098,GasA,0.268289832918241,SBrkr,-0.785025043886639,-0.79602415652427,1,0,-1.02736282330994,-0.756321032880405,0.169927088600022,-0.207698474525451,-0.287758288825272,-0.924311211315714,Attchd,0.188243073725562,-0.987070967660907,-0.740760408320604,-0.702842766617084,-0.359600750132276,-0.103330530851366,-0.285935458023539,NONE,-0.0895919598967582,Normal,-2.23744784062252,1,2,2,2,2,3,0,3,3,7,5,1,2,3,2,1,0,1,-0.250997476711292,11.8130300574206,200810
969,50,RM,-0.232008726878616,-0.538080770330301,Pave,NONE,Lvl,Inside,Gtl,OldTown,Norm,Norm,1Fam,1.5Fin,3,6,1910,VinylSd,VinylSd,None,-0.567015949674981,BrkTil,0,0,600,600,Grav,-3.72731232161413,SBrkr,0.0735282610979837,-1.05295925205924,0,0,-1.02736282330994,-0.756321032880405,-1.04580127322219,-0.207698474525451,-0.287758288825272,-0.924311211315714,NONE,-4.15997671587587,-2.19357441132175,-0.740760408320604,-0.702842766617084,-0.359600750132276,-0.103330530851366,-0.285935458023539,GdWo,-0.0895919598967582,Abnorml,0.44693779307133,1,2,2,1,2,3,0,0,0,7,1,1,2,3,3,1,0,0,-0.250997476711292,10.5427063910705,200908
970,190,RL,0.514797185695465,0.0271234518642645,Pave,NONE,Lvl,Inside,Gtl,NAmes,Norm,Norm,2fmCon,SLvl,6,5,1958,HdBoard,HdBoard,BrkFace,0.0201537555218542,CBlock,513,0,75,588,GasA,0.268289832918241,SBrkr,-0.785025043886639,-0.801953427959692,1,0,-1.02736282330994,-0.756321032880405,-1.04580127322219,-0.207698474525451,-0.287758288825272,-0.924311211315714,Attchd,0.194915533760756,-0.968509376219971,-0.740760408320604,-0.702842766617084,-0.359600750132276,-0.103330530851366,-0.285935458023539,NONE,-0.0895919598967582,Normal,0.44693779307133,1,1,2,2,2,3,0,3,3,7,5,1,2,3,3,4,0,2,-0.250997476711292,11.8493977015914,200606
971,50,RL,0.0667136381510165,0.0801311621800214,Pave,NONE,Lvl,Inside,Gtl,NAmes,Norm,Norm,1Fam,1.5Fin,4,4,1949,AsbShng,AsbShng,None,-0.567015949674981,CBlock,0,0,720,720,GasA,-3.72731232161413,FuseA,0.316162890767551,-0.610240318214366,0,0,-1.02736282330994,1.23259887250509,1.38565545042224,-0.207698474525451,-0.287758288825272,-0.924311211315714,NONE,-4.15997671587587,-2.19357441132175,-0.740760408320604,-0.702842766617084,-0.359600750132276,-0.103330530851366,-0.285935458023539,NONE,-0.0895919598967582,Abnorml,0.44693779307133,1,2,2,2,2,3,0,0,0,7,1,1,2,3,3,1,0,0,-0.250997476711292,11.8130300574206,200604
972,160,RL,-0.650220037920102,-1.00183482924112,Pave,NONE,Lvl,Inside,Gtl,NridgHt,Norm,Norm,Twnhs,2Story,7,5,2003,VinylSd,Wd Shng,Stone,0.0257458479523003,PConc,567,0,197,764,GasA,0.268289832918241,SBrkr,1.22604275202843,0.247527616110084,0,0,0.781365814350925,-0.756321032880405,-1.04580127322219,-0.207698474525451,-0.287758288825272,-0.924311211315714,BuiltIn,0.295002434288667,0.00597417442917412,-0.740760408320604,-0.303221177416915,-0.359600750132276,-0.103330530851366,-0.285935458023539,NONE,-0.0895919598967582,Normal,0.44693779307133,1,2,3,4,3,3,0,3,3,7,6,1,2,3,3,1,0,2,0.297607266471232,12.0610468734799,200910
973,120,RL,-0.0826475443637997,-0.288640181356392,Pave,NONE,Lvl,Inside,Gtl,SawyerW,Norm,Norm,TwnhsE,1Story,6,5,1979,Plywood,Plywood,None,-0.567015949674981,CBlock,0,0,918,918,GasA,0.268289832918241,SBrkr,-0.785025043886639,-1.15178044264962,0,0,0.781365814350925,-0.756321032880405,-1.04580127322219,-0.207698474525451,-0.925062116656053,0.623631660646747,Attchd,0.241622754007115,-0.968509376219971,-0.519425133669239,-0.702842766617084,-0.359600750132276,-0.103330530851366,-0.285935458023539,NONE,-0.0895919598967582,Normal,0.44693779307133,1,2,2,2,2,3,3,3,3,7,1,1,2,3,3,1,0,1,0.297607266471232,11.5079129231467,201007
974,20,FV,1.11224191575473,0.186527020923849,Pave,NONE,Lvl,Corner,Gtl,Somerst,Norm,Norm,1Fam,1Story,7,5,2007,CemntBd,CmentBd,NONE,-0.567015949674981,PConc,0,0,1428,1428,GasA,0.268289832918241,SBrkr,-0.785025043886639,-0.143804298627799,0,0,0.781365814350925,-0.756321032880405,0.169927088600022,-0.207698474525451,-0.287758288825272,-0.924311211315714,Attchd,0.303899047668925,0.0338165615905783,-0.740760408320604,1.07325318538367,-0.359600750132276,-0.103330530851366,-0.285935458023539,NONE,-0.0895919598967582,Partial,0.44693779307133,1,2,3,4,3,3,0,3,3,7,1,1,2,3,3,1,0,3,0.297607266471232,12.1117619660589,200804
975,70,RL,0.0667136381510165,0.157994162500296,Pave,NONE,Lvl,Corner,Gtl,BrkSide,RRAn,Feedr,1Fam,2Story,7,8,1910,HdBoard,HdBoard,None,-0.567015949674981,BrkTil,0,0,728,728,GasA,-3.72731232161413,SBrkr,1.2750362830194,1.02426217415043,0,0,-1.02736282330994,-0.756321032880405,0.169927088600022,-0.207698474525451,0.98684936683629,-0.924311211315714,Detchd,0.281657514218279,0.275117250322748,3.2827986915917,1.29526517938376,-0.359600750132276,-0.103330530851366,-0.285935458023539,GdPrv,-0.0895919598967582,Normal,0.44693779307133,1,3,2,2,3,3,0,3,3,7,1,1,2,3,2,1,0,1,0.297607266471232,12.0287386302473,200902
976,160,FV,-1.72562055202678,-0.953265563569028,Pave,NONE,Lvl,FR2,Gtl,Somerst,Norm,Norm,Twnhs,2Story,7,5,2000,MetalSd,MetalSd,None,-0.567015949674981,PConc,641,0,32,673,GasA,0.268289832918241,SBrkr,0.86908988337993,-0.234719793970943,1,0,0.781365814350925,1.23259887250509,0.169927088600022,-0.207698474525451,-0.287758288825272,-0.924311211315714,Detchd,0.288329974253473,0.0802205401929185,0.468678771024352,0.0371972133832291,-0.359600750132276,-0.103330530851366,-0.285935458023539,NONE,-0.0895919598967582,Normal,-2.23744784062252,1,2,3,4,3,3,0,3,3,7,6,1,2,3,3,1,0,1,0.297607266471232,12.0137007528827,200607
977,30,RL,-0.202136490375653,-0.541251087932918,Pave,NONE,Bnk,Inside,Gtl,BrkSide,Norm,Norm,1Fam,1Story,4,7,1923,Wd Sdng,Wd Sdng,None,-0.567015949674981,PConc,0,0,440,440,GasA,0.268289832918241,FuseA,-0.785025043886639,-1.24862520942818,0,0,-1.02736282330994,-0.756321032880405,-1.04580127322219,-0.207698474525451,-1.56236594448683,-0.924311211315714,NONE,-4.15997671587587,-2.19357441132175,-0.740760408320604,-0.702842766617084,-0.359600750132276,-0.103330530851366,-0.285935458023539,NONE,-0.0895919598967582,Normal,0.44693779307133,1,2,2,2,1,3,0,0,0,7,1,1,2,3,2,1,0,0,0.297607266471232,11.3562716549249,200611
978,120,FV,-0.680092274423065,-0.74744854480713,Pave,Pave,Lvl,Inside,Gtl,Somerst,Norm,Norm,TwnhsE,1Story,7,5,2006,VinylSd,VinylSd,NONE,-0.567015949674981,PConc,1106,0,135,1241,GasA,0.268289832918241,SBrkr,-0.785025043886639,-0.513395551435799,1,0,-1.02736282330994,1.23259887250509,-2.26152963504441,-0.207698474525451,-1.56236594448683,-0.924311211315714,Attchd,0.303899047668925,0.446811971151406,-0.740760408320604,1.01404998698364,-0.359600750132276,-0.103330530851366,-0.285935458023539,NONE,-0.0895919598967582,Partial,0.44693779307133,1,2,3,4,3,3,0,3,3,7,6,1,2,3,2,1,0,3,0.297607266471232,12.2055725204885,200703
979,20,RL,0.305691530174723,-0.0910659883612986,Pave,NONE,Bnk,Inside,Mod,Edwards,Norm,Norm,1Fam,1Story,4,5,1954,MetalSd,MetalSd,None,-0.567015949674981,CBlock,552,0,342,894,GasA,0.268289832918241,SBrkr,-0.785025043886639,-1.199214614133,0,0,-1.02736282330994,-0.756321032880405,0.169927088600022,-0.207698474525451,-0.925062116656053,-0.924311211315714,Detchd,0.286105820908408,-0.337415267228144,-0.740760408320604,-0.702842766617084,-0.359600750132276,-0.103330530851366,-0.285935458023539,NONE,-0.0895919598967582,Abnorml,0.44693779307133,1,2,2,4,2,3,0,3,3,7,2,1,2,3,3,1,0,1,-0.250997476711292,11.6082356447746,200708
980,20,RL,0.664158368210282,-0.171465242763667,Pave,NONE,Lvl,Corner,Gtl,Sawyer,Feedr,Norm,1Fam,1Story,5,6,1963,VinylSd,VinylSd,None,-0.567015949674981,PConc,651,0,470,1121,GasA,0.268289832918241,SBrkr,-0.785025043886639,-0.750566408852698,1,0,-1.02736282330994,-0.756321032880405,0.169927088600022,-0.207698474525451,-0.925062116656053,-0.924311211315714,Detchd,0.20603630048608,0.0338165615905783,-0.740760408320604,0.481221201383417,-0.359600750132276,-0.103330530851366,-0.285935458023539,MnPrv,-0.0895919598967582,Normal,0.44693779307133,1,2,2,2,2,3,0,3,3,7,3,1,2,3,3,1,0,1,-0.250997476711292,11.8422292121128,200909
981,85,RL,-1.72562055202678,0.24777755700641,Pave,NONE,Lvl,Corner,Gtl,NAmes,Norm,Norm,1Fam,SFoyer,7,9,1961,CemntBd,CmentBd,Stone,0.607323460718689,CBlock,867,0,77,944,GasA,0.268289832918241,SBrkr,-0.785025043886639,-0.991690113893211,1,0,-1.02736282330994,-0.756321032880405,0.169927088600022,-0.207698474525451,-0.287758288825272,-0.924311211315714,Attchd,0.20158799379595,0.534979530495853,0.397535289886414,0.422018002983392,-0.359600750132276,-0.103330530851366,-0.285935458023539,NONE,-0.0895919598967582,Normal,-2.23744784062252,1,2,4,3,4,3,0,3,3,7,5,1,2,3,2,3,0,2,-0.250997476711292,12.091783499128,200810
982,60,RL,1.20185862526362,0.25804938603889,Pave,NONE,Lvl,Corner,Gtl,NoRidge,Norm,Norm,1Fam,2Story,8,5,1998,VinylSd,VinylSd,BrkFace,4.88527417000991,PConc,854,0,371,1225,GasA,0.268289832918241,SBrkr,2.33189673725319,2.19628149455227,1,0,0.781365814350925,1.23259887250509,1.38565545042224,-0.207698474525451,0.98684936683629,0.623631660646747,Attchd,0.283881667563343,0.943334542196447,1.23544740106658,-0.702842766617084,-0.359600750132276,-0.103330530851366,-0.285935458023539,NONE,-0.0895919598967582,Normal,0.44693779307133,1,2,3,4,3,3,3,3,3,7,6,1,2,3,2,1,0,3,0.297607266471232,12.7248664389453,200910
983,20,RL,-0.441114382399359,-0.885928017689443,Pave,NONE,Lvl,Inside,Gtl,Blmngtn,Norm,Norm,1Fam,1Story,7,5,2007,VinylSd,VinylSd,BrkFace,-0.477542470787844,PConc,0,0,1266,1266,GasA,0.268289832918241,SBrkr,-0.785025043886639,-0.463984956140612,0,0,0.781365814350925,-0.756321032880405,-1.04580127322219,-0.207698474525451,-0.287758288825272,0.623631660646747,Attchd,0.303899047668925,-0.393100041550952,0.0497227154342694,-0.466029973016984,-0.359600750132276,-0.103330530851366,-0.285935458023539,NONE,-0.0895919598967582,Normal,0.44693779307133,1,2,3,4,3,3,4,3,3,7,1,1,2,3,3,3,0,3,0.297607266471232,11.9822726287897,200806
984,60,RL,-1.72562055202678,0.137196879027128,Pave,NONE,Lvl,Corner,Gtl,CollgCr,Norm,Norm,1Fam,2Story,8,5,2002,CemntBd,CmentBd,None,-0.567015949674981,PConc,0,0,1128,1128,GasA,0.268289832918241,SBrkr,1.87695680662275,1.55987302715026,0,0,0.781365814350925,1.23259887250509,1.38565545042224,-0.207698474525451,1.62415319466707,0.623631660646747,Attchd,0.292778280943602,1.42129552180055,-0.740760408320604,-0.702842766617084,-0.359600750132276,-0.103330530851366,-0.285935458023539,NONE,-0.0895919598967582,Normal,-2.23744784062252,1,2,3,4,3,3,4,3,3,7,1,1,2,3,3,2,0,1,0.297607266471232,12.4525420221479,200808
985,90,RL,0.514797185695465,-0.00546741309063861,Pave,NONE,Lvl,Inside,Gtl,Mitchel,Norm,Norm,Duplex,1.5Fin,5,5,1977,Plywood,Plywood,None,-0.567015949674981,CBlock,0,0,0,0,GasA,0.268289832918241,SBrkr,0.222841879356179,0.460981387785293,0,0,0.781365814350925,-0.756321032880405,1.38565545042224,4.45593111885755,0.98684936683629,-0.924311211315714,Attchd,0.237174447316985,0.307600035344386,-0.740760408320604,-0.702842766617084,-0.359600750132276,-0.103330530851366,-0.285935458023539,NONE,-0.0895919598967582,Normal,0.44693779307133,0,2,2,2,3,0,0,3,3,7,0,0,2,3,3,0,0,1,-4.91413779376274,11.7440371859336,200911
986,190,RL,0.305691530174723,0.0902761785083959,Pave,NONE,Lvl,Inside,Gtl,Edwards,Norm,Norm,2fmCon,1Story,5,5,1950,MetalSd,MetalSd,None,-0.567015949674981,CBlock,1040,0,124,1164,GasW,-3.72731232161413,SBrkr,-0.785025043886639,-0.665580184944976,1,0,-1.02736282330994,-0.756321032880405,0.169927088600022,-0.207698474525451,-0.925062116656053,-0.924311211315714,Detchd,0.177122307000239,-1.07987892486559,-0.740760408320604,0.00759561418321662,-0.359600750132276,-0.103330530851366,-0.285935458023539,NONE,-0.0895919598967582,Normal,0.44693779307133,1,2,2,2,2,3,0,3,3,7,5,1,2,3,3,1,0,1,-0.250997476711292,11.7360690162844,200811
987,50,RM,0.0368414016480533,-0.61607058335468,Pave,NONE,Lvl,Corner,Gtl,OldTown,Feedr,Norm,1Fam,1.5Fin,6,8,1910,VinylSd,VinylSd,None,-0.567015949674981,CBlock,0,0,485,485,GasA,0.268289832918241,SBrkr,0.694112986983608,0.265315430416351,0,0,-1.02736282330994,-0.756321032880405,-1.04580127322219,-0.207698474525451,-0.925062116656053,-0.924311211315714,Attchd,0.177122307000239,-1.01027295696208,2.3737430992736,-0.702842766617084,-0.359600750132276,-0.103330530851366,-0.285935458023539,NONE,-0.0895919598967582,Normal,0.44693779307133,1,3,2,3,3,2,0,2,3,7,1,1,2,3,3,1,0,1,-0.250997476711292,11.6699292137799,200609
988,20,RL,0.753775077719171,-0.00115578115107943,Pave,NONE,Lvl,Inside,Gtl,NridgHt,Norm,Norm,1Fam,1Story,9,5,2009,VinylSd,VinylSd,Stone,1.94942564402574,PConc,1646,0,284,1930,GasA,0.268289832918241,SBrkr,-0.785025043886639,0.868124693017635,1,0,0.781365814350925,1.23259887250509,0.169927088600022,-0.207698474525451,0.98684936683629,0.623631660646747,Attchd,0.310571507704119,0.618506691980065,0.587251239587583,0.703233195383511,-0.359600750132276,-0.103330530851366,-0.285935458023539,NONE,-0.0895919598967582,Partial,0.44693779307133,1,2,4,4,4,3,4,3,3,7,6,1,2,3,2,3,0,3,1.66911912442754,12.887127001736,201007
989,60,RL,-1.72562055202678,0.238139791494455,Pave,NONE,Lvl,Inside,Gtl,NWAmes,Norm,Norm,1Fam,2Story,6,6,1976,Plywood,Plywood,BrkFace,1.09942759459794,CBlock,156,0,692,848,GasA,0.268289832918241,SBrkr,1.34269401629264,1.04600283608031,0,0,0.781365814350925,1.23259887250509,1.38565545042224,-0.207698474525451,0.98684936683629,0.623631660646747,Attchd,0.234950293971921,0.363284809667194,-0.740760408320604,2.61253634378432,-0.359600750132276,-0.103330530851366,-0.285935458023539,NONE,-0.0895919598967582,Normal,-2.23744784062252,1,2,2,2,3,3,3,3,3,7,2,1,2,3,2,1,0,3,-0.250997476711292,12.1807548375459,200709
990,60,FV,0.216074820665833,-0.259092821300002,Pave,NONE,Lvl,Inside,Gtl,Somerst,Norm,Norm,1Fam,2Story,7,5,2006,VinylSd,VinylSd,None,-0.567015949674981,PConc,0,0,770,770,GasA,0.268289832918241,SBrkr,1.07672913377023,0.148706425519709,0,0,0.781365814350925,1.23259887250509,0.169927088600022,-0.207698474525451,-0.287758288825272,-0.924311211315714,Attchd,0.301674894323861,0.655629874861938,-0.740760408320604,0.0371972133832291,-0.359600750132276,-0.103330530851366,-0.285935458023539,NONE,-0.0895919598967582,Partial,0.44693779307133,1,2,3,4,3,4,0,3,3,7,1,1,2,3,3,1,0,2,0.297607266471232,12.1909590077201,200611
991,60,RL,0.723902841216208,-0.0908123629530893,Pave,NONE,Lvl,Inside,Gtl,NoRidge,Norm,Norm,1Fam,2Story,8,5,1997,VinylSd,VinylSd,BrkFace,1.7984391484037,PConc,1074,0,322,1396,GasA,0.268289832918241,SBrkr,1.5130048621184,1.76146825595462,1,0,0.781365814350925,1.23259887250509,0.169927088600022,-0.207698474525451,0.349545539005509,0.623631660646747,Attchd,0.281657514218279,1.84357172708185,-0.740760408320604,0.333213205383354,-0.359600750132276,-0.103330530851366,-0.285935458023539,NONE,-0.0895919598967582,Normal,0.44693779307133,1,2,3,4,3,3,3,3,3,7,6,1,2,3,3,1,0,3,0.297607266471232,12.7599577587566,200609
992,70,RM,1.88892006483177,0.951461252083288,Pave,Grvl,Lvl,Corner,Gtl,OldTown,Artery,Norm,1Fam,2Story,8,9,1882,Wd Sdng,Wd Sdng,None,-0.567015949674981,BrkTil,216,0,700,916,GasA,0.268289832918241,SBrkr,1.14205384175819,0.476792778279753,0,0,-1.02736282330994,1.23259887250509,1.38565545042224,-0.207698474525451,0.98684936683629,0.623631660646747,Attchd,0.121518473373622,-0.226045718582527,-0.740760408320604,1.79849236578397,-0.359600750132276,-0.103330530851366,-0.285935458023539,NONE,-0.0895919598967582,Normal,0.44693779307133,1,3,3,3,3,3,4,3,3,7,4,1,1,3,3,1,0,1,-0.250997476711292,12.0317192583854,200903
993,60,RL,0.664158368210282,-0.0517540500888474,Pave,NONE,Lvl,Inside,Mod,NAmes,Norm,Norm,1Fam,2Story,6,8,1964,Wd Sdng,Wd Sdng,BrkFace,1.33429547667668,CBlock,536,117,169,822,GasA,0.268289832918241,SBrkr,1.15371896818462,0.692222973766769,0,0,0.781365814350925,1.23259887250509,0.169927088600022,-0.207698474525451,0.349545539005509,0.623631660646747,Attchd,0.208260453831144,-0.151799352818783,1.14849425745354,-0.0812091834168209,-0.359600750132276,-0.103330530851366,-0.285935458023539,MnWw,-0.0895919598967582,Normal,0.44693779307133,1,2,2,3,3,3,2,3,3,7,4,3,2,3,3,4,0,2,-0.250997476711292,12.1388638958367,200710
994,60,RL,0.305691530174723,-0.167660861640526,Pave,NONE,Lvl,Inside,Gtl,CollgCr,Norm,Norm,1Fam,2Story,6,5,2005,VinylSd,VinylSd,None,-0.567015949674981,PConc,0,0,750,750,GasA,0.268289832918241,SBrkr,0.964743920076587,-0.00150178417765967,0,0,0.781365814350925,1.23259887250509,0.169927088600022,-0.207698474525451,-0.287758288825272,-0.924311211315714,Attchd,0.299450740978796,0.423609981850236,-0.740760408320604,-0.184814780616865,-0.359600750132276,-0.103330530851366,-0.285935458023539,NONE,-0.0895919598967582,Partial,0.44693779307133,1,2,2,4,3,3,0,3,3,7,1,1,2,3,3,1,0,2,0.297607266471232,12.0662357003424,200611
995,20,RL,1.14211415225769,0.290133000177374,Pave,NONE,Lvl,FR2,Gtl,NridgHt,Norm,Norm,1Fam,1Story,10,5,2006,CemntBd,CmentBd,Stone,0.71916530932761,PConc,1172,0,528,1700,GasA,0.268289832918241,SBrkr,-0.785025043886639,0.429358606796373,1,0,0.781365814350925,-0.756321032880405,0.169927088600022,-0.207698474525451,0.349545539005509,0.623631660646747,Attchd,0.30612320101399,1.45377830682219,0.966683138989922,0.00759561418321662,-0.359600750132276,-0.103330530851366,-0.285935458023539,NONE,-0.0895919598967582,Normal,0.44693779307133,1,2,4,4,4,3,4,3,3,7,6,1,2,3,3,4,0,3,1.66911912442754,12.7293207892947,200910
996,50,RL,-0.202136490375653,-0.69190458040928,Pave,NONE,Lvl,Inside,Mod,BrkSide,Feedr,Norm,1Fam,1.5Fin,4,7,1946,MetalSd,MetalSd,None,-0.567015949674981,CBlock,384,0,363,747,GasA,0.268289832918241,SBrkr,0.278834486203002,-0.535136213365682,1,0,-1.02736282330994,1.23259887250509,0.169927088600022,-0.207698474525451,-0.925062116656053,-0.924311211315714,Detchd,0.16822569361998,-0.778253063950376,-0.740760408320604,0.140802810583273,-0.359600750132276,-0.103330530851366,0.835565052238686,MnPrv,-0.0895919598967582,Abnorml,0.44693779307133,1,2,2,2,2,3,0,3,3,7,5,1,2,3,2,1,0,1,-0.250997476711292,11.7084922485142,200611
997,20,RL,-1.72562055202678,0.0622505709012613,Pave,NONE,Lvl,Inside,Gtl,NAmes,Norm,Norm,1Fam,1Story,5,6,1961,Wd Sdng,Wd Sdng,None,-0.567015949674981,CBlock,915,0,135,1050,GasA,0.268289832918241,SBrkr,-0.785025043886639,-0.890892499491029,1,0,-1.02736282330994,-0.756321032880405,0.169927088600022,-0.207698474525451,-0.287758288825272,-0.924311211315714,Attchd,0.20158799379595,-0.485907998755633,-0.740760408320604,4.01861230578491,-0.359600750132276,-0.103330530851366,-0.285935458023539,NONE,-0.0895919598967582,Normal,-2.23744784062252,1,2,2,2,2,3,0,3,3,7,3,1,2,3,2,1,0,1,-0.250997476711292,11.8240798936072,200601
998,20,RL,-1.72562055202678,0.196418411844014,Pave,NONE,Lvl,Inside,Gtl,NWAmes,PosA,Norm,1Fam,1Story,6,6,1970,HdBoard,HdBoard,BrkFace,2.62606882810971,CBlock,0,0,1442,1442,GasA,0.268289832918241,SBrkr,-0.785025043886639,-0.116134365262494,0,0,0.781365814350925,-0.756321032880405,-1.04580127322219,-0.207698474525451,-0.287758288825272,0.623631660646747,Attchd,0.221605373901533,0.660270272722172,2.19193198080998,-0.702842766617084,-0.359600750132276,-0.103330530851366,-0.285935458023539,NONE,-0.0895919598967582,Normal,-2.23744784062252,1,2,2,2,2,3,3,3,3,7,1,1,2,3,2,1,0,2,-0.250997476711292,12.1281111040605,200905
999,30,RM,0.0667136381510165,-0.0484569197821257,Pave,NONE,Lvl,Inside,Gtl,IDOTRR,Norm,Norm,1Fam,1Story,3,4,1922,Wd Sdng,Wd Sdng,None,-0.567015949674981,BrkTil,0,0,1007,1007,GasA,-3.72731232161413,SBrkr,-0.785025043886639,-0.837529056572227,0,0,-1.02736282330994,-0.756321032880405,0.169927088600022,-0.207698474525451,-0.287758288825272,0.623631660646747,Detchd,0.114846013338428,-1.21909086067261,-0.740760408320604,0.777237193383542,0.387675891753899,-0.103330530851366,-0.285935458023539,NONE,-0.0895919598967582,Normal,0.44693779307133,1,2,2,1,2,2,4,3,2,7,1,1,1,3,3,1,0,1,-0.250997476711292,11.418614785499,200608
1000,20,RL,0.18620258416287,-0.431938536994683,Pave,NONE,Lvl,Inside,Gtl,CollgCr,Norm,Norm,1Fam,1Story,7,5,2006,VinylSd,VinylSd,Stone,-0.432805731344275,PConc,686,0,501,1187,GasA,0.268289832918241,SBrkr,-0.785025043886639,-0.578617537225446,1,0,0.781365814350925,-0.756321032880405,-1.04580127322219,-0.207698474525451,-0.287758288825272,-0.924311211315714,Attchd,0.301674894323861,0.73915703634615,0.089246871622013,0.200006008983298,-0.359600750132276,-0.103330530851366,-0.285935458023539,NONE,-0.0895919598967582,Normal,0.44693779307133,1,2,3,4,3,3,0,3,3,7,6,1,2,3,3,3,0,2,0.297607266471232,12.2356314477717,201005
1001,20,RL,0.484924949192502,0.0048044159418406,Pave,NONE,Lvl,Corner,Gtl,Edwards,Norm,Norm,1Fam,1Story,3,3,1952,BrkComm,Brk Cmn,None,-0.567015949674981,Slab,0,0,0,0,GasW,-3.72731232161413,FuseF,-0.785025043886639,-1.10039342354262,0,0,-1.02736282330994,-0.756321032880405,-1.04580127322219,-0.207698474525451,-1.56236594448683,-0.924311211315714,Detchd,0.190467227070627,0.256555658881811,-0.740760408320604,-0.702842766617084,-0.359600750132276,-0.103330530851366,-0.285935458023539,NONE,-0.0895919598967582,Normal,0.44693779307133,0,2,2,1,1,0,0,3,2,6,0,0,2,3,3,0,0,1,-4.91413779376274,11.3144745262464,200910
1002,30,RL,0.0667136381510165,-0.604657439985259,Pave,NONE,Lvl,Corner,Gtl,OldTown,Norm,Norm,1Fam,1Story,5,6,1920,Wd Sdng,Wd Sdng,None,-0.567015949674981,BrkTil,0,0,691,691,GasA,0.268289832918241,FuseA,-0.785025043886639,-1.60042864792992,0,0,-1.02736282330994,-0.756321032880405,-1.04580127322219,-0.207698474525451,-1.56236594448683,-0.924311211315714,Detchd,0.110397706648299,-1.1912484735112,-0.740760408320604,-0.406826774616959,1.10381600689482,-0.103330530851366,-0.285935458023539,NONE,-0.0895919598967582,Abnorml,0.44693779307133,1,2,2,4,4,3,0,2,3,7,1,1,0,3,3,1,0,1,-0.799602219893816,11.3621025752356,200701
1003,20,RL,0.514797185695465,0.226853460829138,Pave,NONE,Lvl,Inside,Gtl,Somerst,RRAn,Norm,1Fam,1Story,8,5,2006,VinylSd,VinylSd,BrkFace,-0.27063505086134,PConc,24,0,1550,1574,GasA,0.268289832918241,SBrkr,-0.785025043886639,0.144753577896094,0,0,0.781365814350925,-0.756321032880405,0.169927088600022,-0.207698474525451,0.349545539005509,0.623631660646747,Attchd,0.301674894323861,1.63011342551108,0.397535289886414,0.836440391783567,-0.359600750132276,-0.103330530851366,-0.285935458023539,NONE,-0.0895919598967582,Normal,0.44693779307133,1,2,3,4,3,3,4,3,3,7,6,1,2,3,2,1,0,2,0.297607266471232,12.3544926506484,200810
1004,90,RL,-1.72562055202678,0.168900055053299,Pave,NONE,Lvl,Corner,Gtl,NWAmes,Feedr,RRAn,Duplex,1Story,5,6,1976,VinylSd,VinylSd,BrkFace,0.350087208918171,CBlock,0,0,1680,1680,GasA,0.268289832918241,SBrkr,-0.785025043886639,0.354254501947688,0,0,0.781365814350925,-0.756321032880405,1.38565545042224,4.45593111885755,0.98684936683629,-0.924311211315714,Detchd,0.234950293971921,0.256555658881811,-0.740760408320604,-0.702842766617084,-0.359600750132276,-0.103330530851366,-0.285935458023539,NONE,-0.0895919598967582,Normal,-2.23744784062252,1,2,2,1,2,3,0,3,3,7,1,1,2,3,2,1,0,1,-0.250997476711292,11.8270425336191,200709
1005,120,RL,-0.441114382399359,-0.885928017689443,Pave,NONE,Lvl,Inside,Gtl,Blmngtn,Norm,Norm,TwnhsE,1Story,7,5,2005,VinylSd,VinylSd,BrkFace,-0.477542470787844,PConc,16,0,1330,1346,GasA,0.268289832918241,SBrkr,-0.785025043886639,0.00640391106957028,0,0,0.781365814350925,-0.756321032880405,-2.26152963504441,-0.207698474525451,0.349545539005509,0.623631660646747,Attchd,0.299450740978796,-0.0729125891948043,0.492393264736998,-0.702842766617084,-0.359600750132276,-0.103330530851366,-0.285935458023539,NONE,-0.0895919598967582,Normal,0.44693779307133,1,2,3,4,3,3,4,3,3,7,6,1,2,3,3,1,0,3,0.297607266471232,12.106252310248,200908
1006,80,RL,0.216074820665833,-0.226121518232784,Pave,NONE,Lvl,Inside,Gtl,CollgCr,Norm,Norm,1Fam,SLvl,5,8,1977,HdBoard,HdBoard,BrkFace,0.66324438502315,CBlock,595,0,390,985,GasA,0.268289832918241,SBrkr,-0.785025043886639,-1.01936004725852,0,0,0.781365814350925,-0.756321032880405,0.169927088600022,-0.207698474525451,-0.287758288825272,-0.924311211315714,Attchd,0.237174447316985,-0.671523913164993,0.91925415156463,-0.702842766617084,-0.359600750132276,-0.103330530851366,-0.285935458023539,NONE,-0.0895919598967582,Normal,0.44693779307133,1,2,3,2,2,4,0,3,3,7,6,1,2,3,3,3,0,1,0.297607266471232,11.9177236840907,200803
1007,20,RL,-1.72562055202678,0.251962376241865,Pave,NONE,Lvl,Inside,Gtl,NAmes,PosN,Norm,1Fam,1Story,6,3,1970,Plywood,Plywood,None,-0.567015949674981,CBlock,1237,0,420,1657,GasA,0.268289832918241,SBrkr,-0.785025043886639,0.308796754276116,0,1,0.781365814350925,-0.756321032880405,0.169927088600022,-0.207698474525451,0.349545539005509,0.623631660646747,Attchd,0.221605373901533,0.0523781530315144,-0.740760408320604,-0.702842766617084,-0.359600750132276,-0.103330530851366,2.33089906592165,NONE,-0.0895919598967582,Normal,-2.23744784062252,1,2,2,3,2,3,3,3,3,7,2,1,2,3,0,1,0,1,0.297607266471232,12.0045682693194,200706
1008,160,RM,-1.09830358546455,-1.00830227715046,Pave,NONE,Lvl,Inside,Gtl,MeadowV,Norm,Norm,TwnhsE,2Story,4,4,1970,CemntBd,CmentBd,None,-0.567015949674981,CBlock,273,273,0,546,GasA,0.268289832918241,SBrkr,0.488806761878589,-0.807882699395115,0,0,-1.02736282330994,1.23259887250509,0.169927088600022,-0.207698474525451,-0.287758288825272,-0.924311211315714,Attchd,0.221605373901533,-0.866420623294823,1.14058942621599,-0.702842766617084,-0.359600750132276,-0.103330530851366,-0.285935458023539,NONE,-0.0895919598967582,Normal,0.44693779307133,1,2,2,2,2,3,0,3,3,7,4,2,2,3,3,1,0,2,-0.250997476711292,11.3850920934603,200911
1009,20,RL,-0.441114382399359,0.247270306189992,Pave,NONE,Lvl,CulDSac,Gtl,Mitchel,Norm,Norm,1Fam,1Story,7,5,2004,VinylSd,VinylSd,Stone,0.0369300328131924,PConc,0,0,1710,1710,GasA,0.268289832918241,SBrkr,-0.785025043886639,0.413547216301913,0,0,0.781365814350925,-0.756321032880405,0.169927088600022,-0.207698474525451,0.349545539005509,0.623631660646747,Attchd,0.297226587633731,0.35864441180696,0.0497227154342694,0.00759561418321662,-0.359600750132276,-0.103330530851366,2.91835171415425,NONE,-0.0895919598967582,Normal,0.44693779307133,1,2,3,4,3,3,4,3,3,7,1,1,2,3,2,2,0,3,1.66911912442754,12.3883942023241,200907
1010,50,RL,0.0667136381510165,-0.52856981752245,Pave,NONE,Lvl,Inside,Gtl,SWISU,Norm,Norm,1Fam,1.5Fin,5,5,1926,Wd Sdng,Wd Sdng,None,-0.567015949674981,BrkTil,0,0,1008,1008,GasA,0.268289832918241,SBrkr,-0.785025043886639,0.0419795396821051,0,0,0.781365814350925,-0.756321032880405,1.38565545042224,-0.207698474525451,0.349545539005509,-0.924311211315714,NONE,-4.15997671587587,-2.19357441132175,-0.740760408320604,-0.702842766617084,1.78881959529048,-0.103330530851366,-0.285935458023539,NONE,-0.0895919598967582,Normal,0.44693779307133,1,1,2,4,2,3,0,0,0,7,1,1,1,3,3,1,0,0,-0.250997476711292,11.5327280922664,200609
1011,50,RL,1.709686645814,1.40988917742171,Pave,NONE,Lvl,Inside,Gtl,Sawyer,Norm,Norm,1Fam,1.5Fin,5,5,1948,Wd Sdng,Wd Sdng,None,-0.567015949674981,CBlock,0,0,720,720,GasA,0.268289832918241,SBrkr,0.500471888305011,-0.454102837081575,0,0,0.781365814350925,-0.756321032880405,1.38565545042224,-0.207698474525451,0.349545539005509,0.623631660646747,Attchd,0.17267400031011,-0.745770278928738,-0.740760408320604,-0.702842766617084,1.32177169411162,-0.103330530851366,-0.285935458023539,NONE,-0.0895919598967582,Normal,0.44693779307133,1,2,2,2,2,3,4,3,3,7,1,1,2,3,3,1,0,1,-0.250997476711292,11.8130300574206,200811
1012,90,RL,0.514797185695465,-0.0435112243220431,Pave,NONE,Lvl,Inside,Gtl,Edwards,Norm,Norm,Duplex,1Story,5,5,1965,AsphShn,AsphShn,None,-0.567015949674981,CBlock,0,0,0,0,GasA,-3.72731232161413,SBrkr,-0.785025043886639,0.322631720958768,0,0,0.781365814350925,-0.756321032880405,1.38565545042224,4.45593111885755,0.98684936683629,-0.924311211315714,NONE,-4.15997671587587,-2.19357441132175,-0.740760408320604,-0.702842766617084,-0.359600750132276,-0.103330530851366,-0.285935458023539,NONE,-0.0895919598967582,Normal,0.44693779307133,0,2,2,2,2,0,0,0,0,7,0,0,2,3,3,0,0,0,-4.91413779376274,11.5129254649702,201008
1013,70,RL,-0.0826475443637997,0.0537541197262477,Pave,NONE,Lvl,Inside,Gtl,Crawfor,Norm,Norm,1Fam,2Story,6,7,1923,Wd Sdng,Wd Sdng,None,-0.567015949674981,PConc,0,0,602,602,GasA,0.268289832918241,SBrkr,0.61945617785451,0.0024510634459553,0,0,-1.02736282330994,1.23259887250509,0.169927088600022,-0.207698474525451,0.349545539005509,2.17157453260921,Detchd,0.117070166683493,-1.35830279647963,0.0181033904840744,-0.702842766617084,1.38404474760213,-0.103330530851366,0.657549098228809,NONE,-0.0895919598967582,Normal,0.44693779307133,1,3,2,2,3,2,3,3,3,7,1,1,2,3,3,1,0,1,-0.250997476711292,12.0137007528827,200711
1014,30,RM,0.0667136381510165,-0.376394572596832,Pave,NONE,Lvl,Inside,Gtl,OldTown,Norm,Norm,1Fam,1Story,5,4,1910,MetalSd,Stucco,None,-0.567015949674981,BrkTil,247,465,310,1022,GasW,-3.72731232161413,SBrkr,-0.785025043886639,-0.946232366221639,1,0,-1.02736282330994,-0.756321032880405,-1.04580127322219,-0.207698474525451,-1.56236594448683,-0.924311211315714,Detchd,0.190467227070627,-0.894263010456227,-0.740760408320604,-0.258818778616896,3.1588267720818,-0.103330530851366,-0.285935458023539,NONE,-0.0895919598967582,Normal,0.44693779307133,1,2,2,2,2,3,0,3,3,2,5,3,2,3,3,1,0,1,-0.250997476711292,11.3504065354725,200909
1015,20,RL,0.0667136381510165,0.189697338526466,Pave,NONE,Lvl,Inside,Gtl,NAmes,Artery,Norm,1Fam,1Story,6,5,1948,MetalSd,MetalSd,BrkFace,0.584955090996905,CBlock,336,0,746,1082,GasA,0.268289832918241,SBrkr,-0.785025043886639,-0.82764693751319,0,0,-1.02736282330994,-0.756321032880405,-1.04580127322219,-0.207698474525451,-0.925062116656053,0.623631660646747,Detchd,0.17267400031011,-1.07987892486559,-0.740760408320604,1.22126118138373,-0.359600750132276,-0.103330530851366,-0.285935458023539,NONE,-0.0895919598967582,Normal,0.44693779307133,1,2,2,2,2,2,4,3,3,7,4,1,2,3,3,1,0,1,-0.250997476711292,11.6885580336134,200703
1016,60,RL,0.365436003180649,-0.224219327671214,Pave,NONE,Lvl,Inside,Gtl,NWAmes,Norm,Norm,1Fam,2Story,8,6,2001,VinylSd,VinylSd,None,-0.567015949674981,PConc,643,0,167,810,GasA,0.268289832918241,SBrkr,1.20971157503144,0.324608144770576,1,0,0.781365814350925,1.23259887250509,0.169927088600022,-0.207698474525451,-0.287758288825272,-0.924311211315714,Attchd,0.290554127598537,0.256555658881811,-0.740760408320604,-0.0368067846168022,-0.359600750132276,-0.103330530851366,-0.285935458023539,NONE,-0.0895919598967582,Normal,0.44693779307133,1,2,3,4,3,3,0,3,3,7,6,1,2,3,3,1,0,3,0.297607266471232,12.3327052964635,200903
1017,20,RL,0.455052712689539,0.217469320725392,Pave,NONE,Lvl,Inside,Gtl,CollgCr,Norm,Norm,1Fam,1Story,7,5,1996,VinylSd,VinylSd,BrkFace,0.529034166692444,PConc,690,0,814,1504,GasA,0.268289832918241,SBrkr,-0.785025043886639,0.00640391106957028,1,0,0.781365814350925,-0.756321032880405,0.169927088600022,-0.207698474525451,-0.287758288825272,0.623631660646747,Attchd,0.279433360873214,0.0245357658701102,0.1682951839975,0.274010006983329,-0.359600750132276,-0.103330530851366,-0.285935458023539,NONE,-0.0895919598967582,Normal,0.44693779307133,1,2,3,4,3,3,3,3,3,7,6,1,2,3,3,4,0,3,0.297607266471232,12.2209612580239,200909
1018,120,RL,-1.72562055202678,-0.552156980485921,Pave,NONE,Lvl,CulDSac,Gtl,StoneBr,Norm,Norm,TwnhsE,1Story,8,5,1984,HdBoard,HdBoard,None,-0.567015949674981,CBlock,1036,0,184,1220,GasA,0.268289832918241,SBrkr,-0.785025043886639,-0.278201117830708,1,0,-1.02736282330994,-0.756321032880405,-2.26152963504441,-0.207698474525451,-1.56236594448683,0.623631660646747,Attchd,0.252743520732438,0.42825037971047,-0.242756040355034,-0.702842766617084,-0.359600750132276,-0.103330530851366,-0.285935458023539,NONE,-0.0895919598967582,Abnorml,-2.23744784062252,1,2,3,3,3,3,5,3,3,7,6,1,2,3,2,3,0,2,0.297607266471232,12.1415341243926,200911
1019,80,RL,-1.72562055202678,0.0781021589143465,Pave,NONE,Lvl,FR2,Gtl,Gilbert,Norm,Norm,1Fam,SLvl,7,5,1991,HdBoard,HdBoard,BrkFace,-0.142016924961081,PConc,0,0,384,384,GasA,0.268289832918241,SBrkr,0.778101897253843,-0.0568416509082693,0,0,0.781365814350925,1.23259887250509,0.169927088600022,-0.207698474525451,0.349545539005509,0.623631660646747,Attchd,0.268312594147891,-0.328134471507676,0.555631914637388,-0.702842766617084,-0.359600750132276,-0.103330530851366,-0.285935458023539,NONE,-0.0895919598967582,Normal,-2.23744784062252,1,2,3,3,3,3,3,3,3,7,1,1,2,3,2,1,0,2,0.297607266471232,11.982929094216,200708
1020,120,RL,-0.441114382399359,-0.907359364683134,Pave,NONE,Lvl,Inside,Gtl,Blmngtn,Norm,Norm,TwnhsE,1Story,7,5,2005,VinylSd,VinylSd,BrkFace,0.243837452739696,PConc,16,0,1346,1362,GasA,0.268289832918241,SBrkr,-0.785025043886639,0.0103567586931853,0,0,0.781365814350925,-0.756321032880405,-1.04580127322219,-0.207698474525451,-0.287758288825272,0.623631660646747,Attchd,0.299450740978796,-0.151799352818783,0.381725627411316,-0.406826774616959,-0.359600750132276,-0.103330530851366,-0.285935458023539,NONE,-0.0895919598967582,Normal,0.44693779307133,1,2,3,4,3,3,4,3,3,7,6,1,2,3,3,4,0,3,0.297607266471232,12.2713452721464,200607
1021,20,RL,0.0667136381510165,-0.398713608519256,Pave,NONE,Lvl,Inside,Gtl,Edwards,Norm,Norm,1Fam,1Story,4,5,2005,VinylSd,VinylSd,None,-0.567015949674981,PConc,1024,0,108,1132,GasA,0.268289832918241,SBrkr,-0.785025043886639,-0.728825746922815,1,0,-1.02736282330994,1.23259887250509,-1.04580127322219,-0.207698474525451,-0.925062116656053,-0.924311211315714,Attchd,0.299450740978796,-0.100754976356208,1.25125706354168,0.244408407783317,-0.359600750132276,-0.103330530851366,-0.285935458023539,NONE,-0.0895919598967582,Normal,0.44693779307133,1,2,2,4,3,3,0,3,3,7,6,1,2,3,3,1,0,3,0.297607266471232,12.0782392740203,200809
1022,20,RL,0.18620258416287,-0.350271155551268,Pave,NONE,Lvl,Inside,Gtl,CollgCr,Norm,Norm,1Fam,1Story,7,5,2006,VinylSd,VinylSd,Stone,-0.0972801855175127,PConc,684,0,515,1199,GasA,0.268289832918241,SBrkr,-0.785025043886639,-0.554900451483756,1,0,0.781365814350925,-0.756321032880405,-1.04580127322219,-0.207698474525451,-0.287758288825272,-0.924311211315714,Attchd,0.301674894323861,0.73915703634615,0.089246871622013,0.0964004117832542,-0.359600750132276,-0.103330530851366,-0.285935458023539,NONE,-0.0895919598967582,Partial,0.44693779307133,1,2,3,4,3,3,0,3,3,7,6,1,2,3,3,3,0,2,0.297607266471232,12.1756134380455,200610
1023,50,RM,-0.172264253872689,-0.0924609281064501,Pave,NONE,Lvl,Inside,Gtl,OldTown,Norm,Norm,1Fam,1.5Fin,5,5,1930,Wd Sdng,Wd Sdng,None,-0.567015949674981,CBlock,324,0,588,912,GasA,0.268289832918241,FuseA,-0.00112854803111393,-0.499560584753147,0,0,-1.02736282330994,-0.756321032880405,-1.04580127322219,-0.207698474525451,-0.287758288825272,-0.924311211315714,Detchd,0.192691380415692,-1.45111075368431,-0.740760408320604,-0.702842766617084,2.62950581741242,-0.103330530851366,-0.285935458023539,NONE,-0.0895919598967582,Normal,0.44693779307133,1,2,2,3,2,3,0,2,2,7,2,1,2,3,3,1,0,1,-0.250997476711292,11.3736633976367,200706
1024,120,RL,-0.441114382399359,-0.885928017689443,Pave,NONE,Lvl,Inside,Gtl,Blmngtn,Norm,Norm,TwnhsE,1Story,7,5,2005,VinylSd,VinylSd,BrkFace,-0.488726655648736,PConc,16,0,1330,1346,GasA,0.268289832918241,SBrkr,-0.785025043886639,0.00640391106957028,0,0,0.781365814350925,-0.756321032880405,-1.04580127322219,-0.207698474525451,0.349545539005509,0.623631660646747,Attchd,0.299450740978796,-0.165720546399485,0.492393264736998,-0.406826774616959,-0.359600750132276,-0.103330530851366,-0.285935458023539,NONE,-0.0895919598967582,Normal,0.44693779307133,1,2,3,4,3,4,4,3,3,7,6,1,2,3,3,1,0,3,0.297607266471232,12.1600287070288,200808
1025,20,RL,-1.72562055202678,0.675897246063815,Pave,NONE,Lvl,Corner,Gtl,Timber,Norm,Norm,1Fam,1Story,8,6,1976,Stone,HdBoard,None,-0.567015949674981,CBlock,1165,400,0,1565,GasA,0.268289832918241,SBrkr,-0.785025043886639,2.76153870472921,1,0,0.781365814350925,-0.756321032880405,-1.04580127322219,-0.207698474525451,2.26145702249785,0.623631660646747,Attchd,0.234950293971921,0.892290165733873,-0.740760408320604,0.362814804583367,2.34927707670511,-0.103330530851366,-0.285935458023539,NONE,-0.0895919598967582,Abnorml,-2.23744784062252,1,2,3,2,3,3,4,3,3,7,5,2,2,3,2,3,0,3,0.297607266471232,12.5672374947418,200808
1026,20,RL,0.365436003180649,-0.312988220544491,Pave,NONE,Lvl,Corner,Gtl,CollgCr,Norm,Norm,1Fam,1Story,5,5,1972,VinylSd,VinylSd,None,-0.567015949674981,CBlock,138,468,276,882,GasA,0.268289832918241,SBrkr,-0.785025043886639,-1.22293169987469,1,0,-1.02736282330994,-0.756321032880405,0.169927088600022,-0.207698474525451,-0.925062116656053,-0.924311211315714,Detchd,0.243846907352179,-0.0543509977538682,0.0181033904840744,-0.702842766617084,-0.359600750132276,-0.103330530851366,-0.285935458023539,MnPrv,-0.0895919598967582,Normal,0.44693779307133,1,2,2,2,2,3,0,3,3,7,2,3,2,3,3,1,0,1,-0.250997476711292,11.6307085006266,200706
1027,20,RL,0.455052712689539,-0.110087893977001,Pave,NONE,Lvl,Inside,Gtl,NAmes,Feedr,Norm,1Fam,1Story,5,5,1960,MetalSd,HdBoard,BrkFace,1.24482199778954,CBlock,697,0,571,1268,GasA,0.268289832918241,SBrkr,-0.785025043886639,-0.467937803764227,1,0,-1.02736282330994,-0.756321032880405,0.169927088600022,-0.207698474525451,-0.287758288825272,2.17157453260921,Attchd,0.199363840450886,-0.0543509977538682,-0.740760408320604,-0.702842766617084,-0.359600750132276,-0.103330530851366,2.2596926843177,NONE,-0.0895919598967582,Normal,0.44693779307133,1,2,2,2,2,3,4,3,3,7,3,1,2,3,3,1,0,1,-0.250997476711292,12.0287386302473,201007
1028,20,RL,0.395308239683612,-0.0821890990739709,Pave,NONE,HLS,Inside,Gtl,Timber,Norm,Norm,1Fam,1Story,8,5,2007,VinylSd,VinylSd,Stone,1.32311129181578,PConc,1513,0,125,1638,GasA,0.268289832918241,SBrkr,-0.785025043886639,0.287056092346234,1,0,0.781365814350925,-0.756321032880405,0.169927088600022,-0.207698474525451,0.349545539005509,0.623631660646747,Attchd,0.30612320101399,1.51874387686547,0.776967189288753,-0.0516075842168084,-0.359600750132276,-0.103330530851366,-0.285935458023539,NONE,-0.0895919598967582,Partial,0.44693779307133,1,2,3,4,3,3,4,3,3,7,6,1,2,3,2,4,0,2,0.297607266471232,12.5881906521085,200807
1029,50,RL,0.634286131707318,-0.085739854788902,Pave,NONE,Lvl,Inside,Gtl,NAmes,Artery,Norm,1Fam,1.5Fin,5,5,1941,WdShing,Wd Shng,None,-0.567015949674981,CBlock,368,41,359,768,GasA,0.268289832918241,SBrkr,0.166849272509356,-0.246578336841788,1,0,-1.02736282330994,-0.756321032880405,0.169927088600022,-0.207698474525451,-0.287758288825272,0.623631660646747,Attchd,0.157104926894657,-1.07987892486559,-0.740760408320604,-0.702842766617084,-0.359600750132276,-0.103330530851366,-0.285935458023539,NONE,-0.0895919598967582,Normal,0.44693779307133,1,2,2,2,2,3,4,3,3,7,3,4,2,3,3,1,0,1,-0.250997476711292,11.5617156291397,200707
1030,160,RM,-1.09830358546455,-1.07640069925467,Pave,NONE,Lvl,Inside,Gtl,BrDale,Norm,Norm,Twnhs,2Story,6,7,1972,HdBoard,HdBoard,BrkFace,1.00436202328036,CBlock,317,0,355,672,GasA,0.268289832918241,SBrkr,0.488806761878589,-0.558853299107371,0,1,-1.02736282330994,1.23259887250509,0.169927088600022,-0.207698474525451,0.349545539005509,-0.924311211315714,Detchd,0.226053680591662,-0.968509376219971,-0.740760408320604,-0.288420377816909,-0.359600750132276,-0.103330530851366,-0.285935458023539,NONE,-0.0895919598967582,Normal,0.44693779307133,1,2,2,3,2,3,0,3,3,7,4,1,2,3,3,1,0,1,-0.250997476711292,11.6784399034478,200608
1031,190,RH,-1.72562055202678,-0.391358471681185,Pave,NONE,Lvl,Inside,Gtl,SWISU,Norm,Norm,2fmCon,2Story,5,8,1916,VinylSd,VinylSd,None,-0.567015949674981,PConc,0,0,686,686,GasA,0.268289832918241,SBrkr,1.50133973569198,0.844407607275945,0,0,0.781365814350925,-0.756321032880405,2.60138381224446,4.45593111885755,2.26145702249785,-0.924311211315714,NONE,-4.15997671587587,-2.19357441132175,-0.740760408320604,-0.702842766617084,3.18996329882706,-0.103330530851366,-0.285935458023539,NONE,-0.0895919598967582,Normal,-2.23744784062252,1,2,2,3,2,3,0,0,0,7,1,1,0,3,3,2,0,0,-0.250997476711292,11.982929094216,200610
1032,75,RL,1.32134757127547,0.722183883062024,Pave,NONE,Lvl,Corner,Gtl,SWISU,Norm,Norm,1Fam,2.5Fin,7,3,1920,Wd Sdng,Plywood,None,-0.567015949674981,BrkTil,523,0,301,824,GasA,0.268289832918241,SBrkr,1.54333419082709,3.12520068610179,1,0,0.781365814350925,1.23259887250509,2.60138381224446,-0.207698474525451,3.53606467815941,2.17157453260921,Basment,0.221605373901533,0.924772950755511,0.334296639986024,0.229607608183311,-0.359600750132276,-0.103330530851366,-0.285935458023539,NONE,-0.0895919598967582,Normal,0.44693779307133,1,2,2,4,2,3,3,3,3,7,6,1,2,3,3,1,0,3,-0.250997476711292,12.1909590077201,200911
1033,60,RL,-1.72562055202678,0.554537488235635,Pave,NONE,Lvl,Corner,Gtl,NoRidge,Norm,Norm,1Fam,2Story,8,7,1993,MetalSd,MetalSd,None,-0.567015949674981,PConc,1012,0,326,1338,GasA,0.268289832918241,SBrkr,1.93994848932542,2.01445050386598,1,0,0.781365814350925,1.23259887250509,2.60138381224446,-0.207698474525451,2.26145702249785,0.623631660646747,Attchd,0.27276090083802,1.50018228542453,0.911349320327081,0.11120121138326,-0.359600750132276,-0.103330530851366,-0.285935458023539,NONE,-0.0895919598967582,Abnorml,-2.23744784062252,1,3,3,4,3,4,3,3,3,7,6,1,2,3,2,1,0,2,0.297607266471232,12.6443275764613,200603
1034,20,RL,-1.72562055202678,-0.259092821300002,Pave,NONE,Lvl,Inside,Gtl,CollgCr,Norm,Norm,1Fam,1Story,7,5,2002,VinylSd,VinylSd,Stone,1.0826513173066,PConc,986,0,668,1654,GasA,0.268289832918241,SBrkr,-0.785025043886639,0.302867482840694,1,0,0.781365814350925,-0.756321032880405,0.169927088600022,-0.207698474525451,-0.287758288825272,-0.924311211315714,Attchd,0.292778280943602,1.98278366288887,-0.740760408320604,1.31006597898377,-0.359600750132276,-0.103330530851366,-0.285935458023539,NONE,-0.0895919598967582,Normal,-2.23744784062252,1,2,3,4,3,3,0,3,3,7,6,1,2,3,3,1,0,1,0.297607266471232,12.3458345879053,200605
1035,30,RL,-0.232008726878616,-0.489891942770522,Pave,NONE,Bnk,Inside,Gtl,Crawfor,Norm,Norm,1Fam,1Story,5,7,1938,MetalSd,MetalSd,None,-0.567015949674981,PConc,0,0,920,920,GasA,0.268289832918241,SBrkr,-0.785025043886639,-1.08062918542455,0,0,-1.02736282330994,-0.756321032880405,-1.04580127322219,-0.207698474525451,-0.925062116656053,0.623631660646747,Basment,0.150432466859463,-1.07987892486559,-0.740760408320604,-0.702842766617084,-0.359600750132276,-0.103330530851366,-0.285935458023539,MnPrv,-0.0895919598967582,Normal,0.44693779307133,1,3,2,4,1,2,4,2,3,7,1,1,2,3,3,1,0,1,-0.799602219893816,11.6931615152732,200709
1036,20,RL,-1.72562055202678,0.168900055053299,Pave,NONE,Lvl,CulDSac,Gtl,Edwards,Norm,Norm,1Fam,1Story,4,3,1957,Wd Sdng,Wd Sdng,None,-0.567015949674981,Slab,0,0,0,0,GasA,-3.72731232161413,SBrkr,-0.785025043886639,-1.29605938091156,0,0,-1.02736282330994,-0.756321032880405,0.169927088600022,-0.207698474525451,-0.925062116656053,-0.924311211315714,Detchd,0.192691380415692,-0.847859031853886,0.72953820186346,-0.702842766617084,-0.359600750132276,-0.103330530851366,-0.285935458023539,NONE,-0.0895919598967582,Normal,-2.23744784062252,0,3,2,4,2,0,0,3,3,7,0,0,0,3,2,0,0,1,-4.91413779376274,11.3385720778255,200901
1037,20,RL,0.933008496736951,0.346184215391643,Pave,NONE,HLS,Inside,Gtl,Timber,Norm,Norm,1Fam,1Story,9,5,2007,VinylSd,VinylSd,Stone,-0.175569479543757,PConc,1022,0,598,1620,GasA,0.268289832918241,SBrkr,-0.785025043886639,0.235669073239239,1,0,0.781365814350925,-0.756321032880405,-1.04580127322219,-0.207698474525451,-0.287758288825272,0.623631660646747,Attchd,0.30612320101399,2.03846843721168,1.06154111384051,-0.702842766617084,-0.359600750132276,-0.103330530851366,-0.285935458023539,NONE,-0.0895919598967582,Normal,0.44693779307133,1,2,3,4,4,3,5,3,3,7,6,1,2,3,2,4,0,3,1.66911912442754,12.6619139609634,200912
1038,60,RL,-1.72562055202678,-0.117696656223282,Pave,NONE,Lvl,Inside,Gtl,CollgCr,Norm,Norm,1Fam,2Story,8,5,2001,VinylSd,VinylSd,BrkFace,1.64745265278165,PConc,0,0,1055,1055,GasA,0.268289832918241,SBrkr,2.0332695007368,1.50650958423145,0,0,0.781365814350925,1.23259887250509,0.169927088600022,-0.207698474525451,0.349545539005509,0.623631660646747,BuiltIn,0.290554127598537,2.00598565219004,-0.740760408320604,-0.0368067846168022,-0.359600750132276,-0.103330530851366,3.07856607276314,NONE,-0.0895919598967582,Normal,-2.23744784062252,1,2,3,4,3,3,3,3,3,7,1,1,2,3,3,1,0,3,0.297607266471232,12.5672374947418,200812
1039,160,RM,-1.09830358546455,-1.09504216675806,Pave,NONE,Lvl,Inside,Gtl,MeadowV,Norm,Norm,Twnhs,2Story,4,6,1970,CemntBd,CmentBd,None,-0.567015949674981,CBlock,0,0,546,546,GasA,0.268289832918241,SBrkr,0.488806761878589,-0.309823898819628,0,0,-1.02736282330994,1.23259887250509,0.169927088600022,-0.207698474525451,-0.287758288825272,0.623631660646747,NONE,-4.15997671587587,-2.19357441132175,-0.740760408320604,-0.702842766617084,-0.359600750132276,-0.103330530851366,-0.285935458023539,NONE,-0.0895919598967582,Normal,0.44693779307133,1,2,2,2,2,3,3,0,0,7,1,1,2,3,3,1,0,0,-0.250997476711292,11.4824662574855,200908
1040,180,RM,-1.09830358546455,-1.10214367818792,Pave,NONE,Lvl,Inside,Gtl,MeadowV,Norm,Norm,TwnhsE,SFoyer,4,4,1970,CemntBd,CmentBd,None,-0.567015949674981,CBlock,509,0,121,630,GasA,0.268289832918241,SBrkr,-0.785025043886639,-1.72099050045017,1,0,-1.02736282330994,-0.756321032880405,-2.26152963504441,-0.207698474525451,-2.19966977231761,-0.924311211315714,Attchd,0.221605373901533,-0.866420623294823,-0.740760408320604,-0.702842766617084,-0.359600750132276,-0.103330530851366,-0.285935458023539,NONE,-0.0895919598967582,Normal,0.44693779307133,1,2,2,2,2,3,0,3,3,7,6,1,2,3,3,3,0,1,0.297607266471232,11.289781913656,200907
1041,20,RL,0.903136260233988,0.374970699223406,Pave,NONE,Lvl,Corner,Gtl,Sawyer,Norm,Norm,1Fam,1Story,5,4,1957,Wd Sdng,Wd Sdng,BrkCmn,-0.192345756835096,CBlock,168,682,284,1134,GasA,0.268289832918241,SBrkr,-0.785025043886639,0.597354630800009,1,0,0.781365814350925,-0.756321032880405,0.169927088600022,-0.207698474525451,0.98684936683629,0.623631660646747,Attchd,0.192691380415692,0.0523781530315144,-0.740760408320604,-0.702842766617084,-0.359600750132276,-0.103330530851366,-0.285935458023539,GdPrv,-0.0895919598967582,Normal,0.44693779307133,1,2,2,4,2,3,3,3,3,3,3,4,2,3,3,1,0,2,-0.250997476711292,11.9511803959014,200601
1042,60,RL,-1.72562055202678,-0.131646053674797,Pave,NONE,Lvl,Inside,Gtl,NWAmes,Feedr,Norm,1Fam,2Story,6,8,1966,HdBoard,HdBoard,BrkFace,0.842191342797423,CBlock,400,64,336,800,GasA,0.268289832918241,SBrkr,1.1560519934699,0.259386158980929,0,1,-1.02736282330994,1.23259887250509,1.38565545042224,-0.207698474525451,0.349545539005509,-0.924311211315714,Attchd,0.212708760521274,0.0523781530315144,-0.740760408320604,-0.110810782616833,-0.359600750132276,-0.103330530851366,-0.285935458023539,NONE,-0.0895919598967582,Normal,-2.23744784062252,1,2,2,3,3,3,0,3,3,7,6,3,2,3,3,1,0,1,-0.250997476711292,12.0610468734799,200810
1043,120,RL,-0.709964510926028,-0.607066881363248,Pave,NONE,Lvl,Inside,Gtl,NridgHt,Norm,Norm,Twnhs,1Story,6,5,2005,VinylSd,VinylSd,Stone,0.187916528435236,PConc,900,0,406,1306,GasA,0.268289832918241,SBrkr,-0.785025043886639,-0.384928003668312,1,0,0.781365814350925,-0.756321032880405,-2.26152963504441,-0.207698474525451,-0.925062116656053,0.623631660646747,Attchd,0.299450740978796,0.702033853464278,0.603060902062681,0.229607608183311,-0.359600750132276,-0.103330530851366,-0.285935458023539,NONE,-0.0895919598967582,Normal,0.44693779307133,1,2,3,4,3,3,4,3,3,7,5,1,2,3,2,3,0,2,0.297607266471232,12.1858699382127,200911
1044,60,RL,0.843391787228061,0.211889561744786,Pave,NONE,Lvl,Inside,Gtl,SawyerW,Norm,Norm,1Fam,2Story,7,5,1990,HdBoard,HdBoard,BrkFace,-0.013398799060822,PConc,1085,0,390,1475,GasA,0.268289832918241,SBrkr,1.07439610848495,1.63695355581075,1,0,0.781365814350925,1.23259887250509,1.38565545042224,-0.207698474525451,2.26145702249785,0.623631660646747,Attchd,0.266088440802826,0.191590088838535,0.776967189288753,1.08805398498367,-0.359600750132276,-0.103330530851366,-0.285935458023539,NONE,-0.0895919598967582,Normal,0.44693779307133,1,2,2,4,3,3,5,3,3,7,6,1,2,3,3,1,0,1,0.297607266471232,12.4771679143776,200808
1045,20,RL,0.664158368210282,-0.0720440827455964,Pave,NONE,Lvl,Inside,Gtl,NWAmes,PosN,Norm,1Fam,1Story,8,5,1981,BrkFace,BrkFace,None,-0.567015949674981,PConc,1104,0,1420,2524,GasA,0.268289832918241,SBrkr,-0.785025043886639,2.02235619911321,1,0,0.781365814350925,1.23259887250509,1.38565545042224,-0.207698474525451,1.62415319466707,0.623631660646747,Attchd,0.246071060697244,0.321521228925088,3.0061295982775,1.07325318538367,-0.359600750132276,-0.103330530851366,-0.285935458023539,MnPrv,-0.0895919598967582,Normal,0.44693779307133,1,2,3,2,3,3,4,3,3,7,5,1,2,3,3,1,0,3,0.297607266471232,12.5353763926728,200910
1046,20,RL,-1.72562055202678,0.445351750001504,Pave,NONE,Lvl,CulDSac,Gtl,Edwards,Norm,Norm,1Fam,1Story,3,5,1955,BrkFace,Wd Sdng,None,-0.567015949674981,Slab,0,0,0,0,GasA,0.268289832918241,FuseA,-0.785025043886639,0.459004963973485,0,0,0.781365814350925,-0.756321032880405,1.38565545042224,-0.207698474525451,0.98684936683629,0.623631660646747,Attchd,0.188243073725562,-0.0961145784959744,-0.740760408320604,-0.702842766617084,-0.359600750132276,-0.103330530851366,-0.285935458023539,NONE,-0.0895919598967582,Normal,-2.23744784062252,0,2,2,4,2,0,4,3,3,5,0,0,2,3,2,0,0,1,-4.91413779376274,11.8465364693104,200909
1047,60,RL,0.813519550725098,0.746658734954228,Pave,NONE,Lvl,Inside,Gtl,StoneBr,Norm,Norm,1Fam,2Story,9,5,2005,CemntBd,CmentBd,Stone,0.596139275857797,PConc,240,0,1752,1992,GasA,0.268289832918241,SBrkr,1.25870510602241,2.70224599037498,0,0,2.59009445201179,1.23259887250509,1.38565545042224,-0.207698474525451,2.89876085032863,0.623631660646747,BuiltIn,0.299450740978796,1.12895045660581,0.950873476514825,0.895643590183592,-0.359600750132276,-0.103330530851366,-0.285935458023539,NONE,-0.0895919598967582,Partial,0.44693779307133,1,2,3,4,4,3,4,3,3,7,6,1,2,3,2,3,0,3,1.66911912442754,13.2295679916666,200610
1048,20,RL,-0.0229030713578732,-0.117062592702758,Pave,NONE,Lvl,Inside,Gtl,CollgCr,Norm,Norm,1Fam,1Story,5,5,1994,VinylSd,VinylSd,None,-0.567015949674981,PConc,686,0,304,990,GasA,0.268289832918241,SBrkr,-0.785025043886639,-1.00947792819948,0,1,-1.02736282330994,-0.756321032880405,0.169927088600022,-0.207698474525451,-0.925062116656053,-0.924311211315714,Detchd,0.279433360873214,0.924772950755511,-0.740760408320604,-0.702842766617084,-0.359600750132276,-0.103330530851366,-0.285935458023539,NONE,-0.0895919598967582,Normal,0.44693779307133,1,2,2,4,2,3,0,3,3,7,6,1,2,3,1,1,0,1,0.297607266471232,11.8844890214027,200805
1049,20,RL,1.26160309826955,1.46873027212628,Pave,NONE,Lvl,Inside,Gtl,Mitchel,Norm,Norm,1Fam,1Story,5,4,1960,HdBoard,HdBoard,BrkFace,-0.147609017391527,Slab,0,0,0,0,GasA,0.268289832918241,SBrkr,-0.785025043886639,0.53410906882217,0,0,-1.02736282330994,-0.756321032880405,0.169927088600022,-0.207698474525451,1.62415319466707,0.623631660646747,Attchd,0.199363840450886,-0.634400730283121,-0.740760408320604,-0.702842766617084,-0.359600750132276,-0.103330530851366,-0.285935458023539,GdPrv,-0.0895919598967582,Normal,0.44693779307133,0,1,2,2,2,0,3,3,3,6,0,0,2,3,3,0,0,1,-4.91413779376274,11.6526874073454,200903
1050,20,RL,0.0667136381510165,0.118174973411426,Pave,NONE,Low,Inside,Gtl,Edwards,Norm,Norm,1Fam,1Story,4,7,1946,MetalSd,MetalSd,None,-0.567015949674981,CBlock,0,0,0,0,GasA,0.268289832918241,SBrkr,-0.785025043886639,-1.12806335690793,0,0,-1.02736282330994,-0.756321032880405,-1.04580127322219,-0.207698474525451,-0.287758288825272,-0.924311211315714,Detchd,0.16822569361998,-0.764331870369674,-0.740760408320604,-0.702842766617084,-0.359600750132276,-0.103330530851366,-0.285935458023539,NONE,-0.0895919598967582,Abnorml,0.44693779307133,0,2,2,4,3,0,0,3,3,7,0,0,2,3,3,0,0,1,-4.91413779376274,11.3492293722994,201007
1051,20,RL,0.455052712689539,-0.149019394137138,Pave,NONE,Lvl,Inside,Gtl,Gilbert,Norm,Norm,1Fam,1Story,7,5,2007,VinylSd,VinylSd,None,-0.567015949674981,PConc,0,0,1302,1302,GasA,0.268289832918241,SBrkr,-0.785025043886639,-0.392833698915542,0,0,0.781365814350925,-0.756321032880405,0.169927088600022,-0.207698474525451,-0.287758288825272,-0.924311211315714,Attchd,0.303899047668925,-0.170360944259719,-0.740760408320604,-0.377225175416946,-0.359600750132276,-0.103330530851366,-0.285935458023539,NONE,-0.0895919598967582,Partial,0.44693779307133,1,2,3,4,3,3,0,3,3,7,1,1,2,3,2,3,0,3,0.297607266471232,12.0809911659083,200711
1052,20,RL,1.35121980777844,0.127685926219277,Pave,NONE,Lvl,Corner,Gtl,CollgCr,Norm,Norm,1Fam,1Story,7,5,2007,VinylSd,VinylSd,None,-0.567015949674981,PConc,0,0,1316,1316,GasA,0.268289832918241,SBrkr,-0.785025043886639,-0.365163765550238,0,0,0.781365814350925,-0.756321032880405,0.169927088600022,-0.207698474525451,-0.287758288825272,0.623631660646747,Attchd,0.303899047668925,-0.151799352818783,-0.740760408320604,-0.406826774616959,-0.359600750132276,-0.103330530851366,-0.285935458023539,NONE,-0.0895919598967582,Partial,0.44693779307133,1,2,3,4,3,3,4,3,3,7,1,1,2,3,2,3,0,3,0.297607266471232,12.2067773971344,200702
1053,60,RL,1.26160309826955,-0.0847253531560646,Pave,NONE,Lvl,Corner,Gtl,NAmes,Artery,Norm,1Fam,2Story,6,6,1964,VinylSd,VinylSd,BrkCmn,0.954033191406344,CBlock,442,0,374,816,GasA,0.268289832918241,SBrkr,1.19804644860502,0.941252374054512,0,1,-1.02736282330994,1.23259887250509,1.38565545042224,-0.207698474525451,1.62415319466707,0.623631660646747,Attchd,0.208260453831144,0.31224043320462,-0.740760408320604,0.0667988125832417,-0.359600750132276,-0.103330530851366,-0.285935458023539,GdPrv,-0.0895919598967582,Normal,0.44693779307133,1,2,2,2,2,3,3,3,3,7,3,1,2,3,3,1,0,2,-0.250997476711292,12.0137007528827,200709
1054,20,RL,0.305691530174723,-0.203675669606256,Pave,NONE,Lvl,Inside,Mod,Edwards,Norm,Norm,1Fam,1Story,5,6,1957,HdBoard,HdBoard,Stone,0.243837452739696,CBlock,383,0,833,1216,GasA,0.268289832918241,FuseA,-0.785025043886639,0.049885234929335,0,0,-1.02736282330994,-0.756321032880405,1.38565545042224,-0.207698474525451,0.349545539005509,0.623631660646747,Basment,0.192691380415692,-0.504469590196569,0.176200015235049,0.451619602183404,-0.359600750132276,-0.103330530851366,-0.285935458023539,NONE,-0.0895919598967582,Normal,0.44693779307133,1,2,2,4,2,3,4,3,3,5,3,1,2,3,3,3,0,1,-0.250997476711292,11.8810347865346,201008
1055,60,RL,0.962880733239914,0.152033965407376,Pave,NONE,Lvl,Corner,Gtl,CollgCr,Norm,Norm,1Fam,2Story,8,5,2002,VinylSd,VinylSd,BrkFace,0.607323460718689,PConc,932,0,133,1065,GasA,0.268289832918241,SBrkr,1.31003166229866,0.964969459796202,1,0,0.781365814350925,1.23259887250509,0.169927088600022,-0.207698474525451,0.349545539005509,0.623631660646747,Attchd,0.292778280943602,0.525698734775385,0.832301007951594,0.185205209383292,-0.359600750132276,-0.103330530851366,-0.285935458023539,NONE,-0.0895919598967582,Normal,0.44693779307133,1,2,3,4,3,3,4,3,3,7,6,1,2,3,3,2,0,3,0.297607266471232,12.4490188241406,200603
1056,20,RL,1.3810920442814,0.151273089182748,Pave,NONE,Lvl,Inside,Gtl,NWAmes,Norm,Norm,1Fam,1Story,6,5,1976,Plywood,Plywood,BrkFace,0.327718839196387,CBlock,644,0,549,1193,GasA,0.268289832918241,SBrkr,-0.785025043886639,0.0439559634939126,0,1,0.781365814350925,-0.756321032880405,0.169927088600022,-0.207698474525451,0.349545539005509,0.623631660646747,Attchd,0.234950293971921,0.0245357658701102,-0.740760408320604,-0.702842766617084,-0.359600750132276,-0.103330530851366,3.07856607276314,MnPrv,-0.0895919598967582,Abnorml,0.44693779307133,1,2,2,2,2,3,3,3,3,7,5,1,2,3,3,1,0,3,0.297607266471232,12.1007121298723,200808
1057,120,RL,-0.441114382399359,-0.395162852804325,Pave,NONE,Lvl,Inside,Gtl,NridgHt,Norm,Norm,TwnhsE,1Story,7,5,2005,VinylSd,VinylSd,Stone,0.77508623363207,PConc,659,0,705,1364,GasA,0.268289832918241,SBrkr,-0.785025043886639,-0.270295422583478,1,0,0.781365814350925,-0.756321032880405,-1.04580127322219,-0.207698474525451,-0.287758288825272,0.623631660646747,Attchd,0.299450740978796,0.0523781530315144,0.776967189288753,-0.170013981016859,-0.359600750132276,-0.103330530851366,-0.285935458023539,NONE,-0.0895919598967582,Normal,0.44693779307133,1,2,3,4,3,3,4,3,3,7,6,1,2,3,2,3,0,2,0.297607266471232,12.1326951757254,200609
1058,60,RL,-1.72562055202678,2.50973576012162,Pave,NONE,Lvl,FR2,Gtl,NoRidge,Norm,Norm,1Fam,2Story,7,6,1994,HdBoard,HdBoard,None,-0.567015949674981,PConc,595,0,378,973,GasA,0.268289832918241,SBrkr,1.24703997959599,0.690246549954961,0,0,0.781365814350925,1.23259887250509,0.169927088600022,-0.207698474525451,0.349545539005509,0.623631660646747,BuiltIn,0.274985054183085,-0.0265086105924641,0.587251239587583,0.74763559418353,-0.359600750132276,-0.103330530851366,-0.285935458023539,NONE,-0.0895919598967582,Normal,-2.23744784062252,1,2,3,4,3,3,4,3,3,7,6,1,2,3,1,1,0,3,0.297607266471232,12.4211840251471,200901
1059,60,RL,1.14211415225769,0.1445520158652,Pave,NONE,Lvl,Inside,Gtl,NridgHt,Norm,Norm,1Fam,2Story,9,5,2008,VinylSd,VinylSd,Stone,0.29416628461371,PConc,936,0,168,1104,GasA,0.268289832918241,SBrkr,1.67398360680301,1.35037210309866,1,0,0.781365814350925,1.23259887250509,0.169927088600022,-0.207698474525451,2.26145702249785,0.623631660646747,Attchd,0.30612320101399,1.68579819983389,-0.740760408320604,0.806838792583555,-0.359600750132276,-0.103330530851366,-0.285935458023539,NONE,-0.0895919598967582,Normal,0.44693779307133,1,2,4,4,4,3,4,3,3,7,6,1,2,3,2,3,0,3,1.66911912442754,12.7218858108072,200910
1060,50,RL,-1.72562055202678,0.140367196629745,Pave,NONE,HLS,Corner,Mod,Crawfor,Norm,Norm,1Fam,1.5Fin,6,7,1932,MetalSd,MetalSd,BrkFace,2.11718841693912,CBlock,297,557,0,854,GasA,0.268289832918241,SBrkr,1.30303258644281,0.968922307419817,0,0,-1.02736282330994,1.23259887250509,0.169927088600022,-0.207698474525451,0.349545539005509,0.623631660646747,Detchd,0.237174447316985,-0.188922535700655,-0.740760408320604,-0.702842766617084,-0.0638037460523318,-0.103330530851366,-0.285935458023539,NONE,-0.0895919598967582,Normal,-2.23744784062252,1,2,2,2,2,3,4,3,2,7,3,2,2,3,2,2,0,1,-0.250997476711292,12.3013828253345,200706
1061,120,RL,-0.500858855405285,-0.665527537955506,Pave,NONE,Lvl,Inside,Gtl,StoneBr,Norm,Norm,TwnhsE,1Story,8,5,2001,CemntBd,CmentBd,None,-0.567015949674981,PConc,616,0,722,1338,GasA,0.268289832918241,SBrkr,-0.785025043886639,-0.321682441690473,1,0,0.781365814350925,-0.756321032880405,-1.04580127322219,-0.207698474525451,-0.287758288825272,-0.924311211315714,Attchd,0.290554127598537,0.507137143334449,-0.740760408320604,-0.702842766617084,2.28700402321459,-0.103330530851366,-0.285935458023539,NONE,-0.0895919598967582,Normal,0.44693779307133,1,2,3,4,3,3,0,3,3,7,6,1,2,3,3,2,0,3,0.297607266471232,12.2713921116508,201007
1062,30,C (all),1.85904782832881,0.993182631733729,Grvl,NONE,Low,Inside,Gtl,IDOTRR,Norm,Norm,1Fam,1Story,3,4,1935,MetalSd,MetalSd,None,-0.567015949674981,CBlock,0,0,894,894,GasA,0.268289832918241,SBrkr,-0.785025043886639,-1.199214614133,0,0,-1.02736282330994,-0.756321032880405,-1.04580127322219,-0.207698474525451,-0.287758288825272,-0.924311211315714,Detchd,0.274985054183085,3.59764211825031,-0.740760408320604,-0.406826774616959,-0.359600750132276,-0.103330530851366,-0.285935458023539,NONE,0.897531349636318,Normal,0.44693779307133,1,2,1,2,2,3,0,3,3,7,1,1,2,3,3,1,0,2,-0.250997476711292,11.3022044336546,200811
1063,190,RM,0.813519550725098,0.43520673367313,Pave,Grvl,Lvl,Inside,Gtl,OldTown,Norm,Norm,2fmCon,2Story,5,5,1900,Wd Sdng,Wd Sdng,None,-0.567015949674981,BrkTil,0,0,662,662,GasA,-3.72731232161413,SBrkr,1.3496930921485,1.65276494630521,0,0,0.781365814350925,-0.756321032880405,2.60138381224446,4.45593111885755,2.26145702249785,-0.924311211315714,Detchd,0.166001540274916,0.4050483904093,-0.740760408320604,0.140802810583273,-0.359600750132276,-0.103330530851366,-0.285935458023539,NONE,-0.0895919598967582,Normal,0.44693779307133,1,2,2,2,2,3,0,3,3,5,1,1,2,3,3,1,0,1,-0.250997476711292,11.4075649493124,200712
1064,30,RM,-0.232008726878616,-0.52856981752245,Pave,NONE,Lvl,Inside,Gtl,OldTown,Artery,Norm,1Fam,1Story,6,6,1925,MetalSd,MetalSd,None,-0.567015949674981,BrkTil,397,0,706,1103,GasA,0.268289832918241,SBrkr,-0.785025043886639,-0.786142037465233,0,0,-1.02736282330994,-0.756321032880405,-1.04580127322219,-0.207698474525451,-0.925062116656053,0.623631660646747,Detchd,0.234950293971921,-0.151799352818783,0.571441577112486,1.07325318538367,-0.359600750132276,-0.103330530851366,-0.285935458023539,MnPrv,-0.0895919598967582,Normal,0.44693779307133,1,3,2,3,3,3,4,3,3,7,4,1,2,3,3,1,0,1,-0.250997476711292,11.6127707999399,200610
1065,20,RL,-1.72562055202678,0.105493703000958,Pave,NONE,Lvl,CulDSac,Gtl,NAmes,Norm,Norm,1Fam,1Story,5,6,1966,Plywood,Plywood,BrkFace,0.551402536414229,CBlock,740,230,184,1154,GasA,0.268289832918241,SBrkr,-0.785025043886639,-0.685344423063051,0,0,-1.02736282330994,1.23259887250509,0.169927088600022,-0.207698474525451,-0.287758288825272,0.623631660646747,Attchd,0.212708760521274,0.0338165615905783,-0.740760408320604,0.155603610183279,-0.359600750132276,-0.103330530851366,-0.285935458023539,MnPrv,-0.0895919598967582,Normal,-2.23744784062252,1,2,2,4,2,3,1,3,3,7,4,3,2,3,2,2,0,2,-0.250997476711292,11.9447078813958,200903
1066,60,RL,0.664158368210282,0.485931815315002,Pave,NONE,Lvl,Inside,Mod,ClearCr,Norm,Norm,1Fam,2Story,7,5,1996,Wd Sdng,Wd Sdng,None,-0.567015949674981,PConc,1201,0,105,1306,GasA,0.268289832918241,SBrkr,1.44068107827458,1.50058031279603,1,0,0.781365814350925,1.23259887250509,0.169927088600022,-0.207698474525451,0.349545539005509,-0.924311211315714,Attchd,0.279433360873214,0.279757648182982,1.59906963799382,-0.0516075842168084,-0.359600750132276,-0.103330530851366,-0.285935458023539,NONE,-0.0895919598967582,Normal,0.44693779307133,1,2,3,4,3,3,0,3,3,7,6,1,2,3,3,4,0,2,1.66911912442754,12.7007688873663,201007
1067,60,RL,0.0368414016480533,-0.29561488008215,Pave,NONE,Lvl,Inside,Gtl,Gilbert,Norm,Norm,1Fam,2Story,6,7,1993,VinylSd,VinylSd,None,-0.567015949674981,PConc,0,0,799,799,GasA,0.268289832918241,SBrkr,1.01607047635284,0.138824306460672,0,0,0.781365814350925,1.23259887250509,0.169927088600022,-0.207698474525451,0.349545539005509,0.623631660646747,Attchd,0.27276090083802,-0.430223224432824,-0.740760408320604,-0.110810782616833,-0.359600750132276,-0.103330530851366,-0.285935458023539,NONE,-0.0895919598967582,Normal,0.44693779307133,1,2,3,3,2,3,3,3,3,7,1,1,2,3,2,1,0,2,0.297607266471232,12.0895388292742,200908
1068,60,RL,0.664158368210282,-0.0517540500888474,Pave,NONE,Lvl,Inside,Mod,NAmes,Norm,Norm,1Fam,2Story,6,6,1964,HdBoard,HdBoard,BrkFace,1.4461373252856,CBlock,674,106,0,780,GasA,0.268289832918241,SBrkr,1.1117245130495,0.217881258932972,1,0,-1.02736282330994,1.23259887250509,1.38565545042224,-0.207698474525451,0.349545539005509,-0.924311211315714,Attchd,0.208260453831144,-0.142518557098315,1.85202423759538,1.19165958218372,-0.359600750132276,-0.103330530851366,3.07856607276314,NONE,-0.0895919598967582,Normal,0.44693779307133,1,2,2,2,2,3,0,3,3,7,6,2,2,3,3,4,0,2,-0.250997476711292,12.0311238430656,200809
1069,160,RM,-0.470986618902322,-0.786760483079582,Pave,NONE,Lvl,Inside,Gtl,MeadowV,Norm,Norm,TwnhsE,2Story,6,4,1973,CemntBd,CmentBd,None,-0.567015949674981,CBlock,837,0,105,942,GasA,0.268289832918241,SBrkr,2.08459605701305,2.01642692767779,1,0,0.781365814350925,1.23259887250509,2.60138381224446,-0.207698474525451,2.26145702249785,0.623631660646747,Attchd,0.228277833936727,0.479294756173045,5.01395673261487,-0.406826774616959,-0.359600750132276,-0.103330530851366,-0.285935458023539,GdPrv,-0.0895919598967582,Normal,0.44693779307133,1,2,2,3,2,3,4,3,3,3,5,1,2,3,3,1,0,3,0.297607266471232,11.9276806199855,200609
1070,45,RL,0.0667136381510165,-0.0720440827455964,Pave,NONE,Lvl,Inside,Gtl,NAmes,Norm,Norm,1Fam,1.5Unf,5,7,1949,MetalSd,MetalSd,None,-0.567015949674981,CBlock,220,0,625,845,GasA,0.268289832918241,SBrkr,-0.785025043886639,-1.20119103794481,0,1,-1.02736282330994,-0.756321032880405,-1.04580127322219,-0.207698474525451,-1.56236594448683,-0.924311211315714,Detchd,0.254967674077503,0.479294756173045,-0.740760408320604,-0.702842766617084,-0.359600750132276,-0.103330530851366,-0.285935458023539,NONE,-0.0895919598967582,Normal,0.44693779307133,1,2,2,2,3,3,0,3,3,7,5,1,2,3,3,1,0,1,-0.250997476711292,11.8130300574206,200708
1071,20,RL,0.425180476186576,-0.0020434700798122,Pave,NONE,Lvl,Inside,Gtl,NAmes,Norm,Norm,1Fam,1Story,5,5,1956,MetalSd,MetalSd,BrkFace,0.104035141978545,CBlock,586,0,462,1048,GasA,0.268289832918241,SBrkr,-0.785025043886639,-0.894845347114644,1,0,-1.02736282330994,-0.756321032880405,0.169927088600022,-0.207698474525451,-0.287758288825272,-0.924311211315714,Attchd,0.190467227070627,-0.866420623294823,-0.740760408320604,-0.406826774616959,-0.359600750132276,-0.103330530851366,3.1319708589661,NONE,-0.0895919598967582,Normal,0.44693779307133,1,2,2,2,2,3,0,3,3,7,4,1,2,3,3,1,0,1,-0.250997476711292,11.8130300574206,200709
1072,60,RL,0.604413895204355,0.194262595874235,Pave,NONE,Lvl,Inside,Gtl,NWAmes,RRAn,Norm,1Fam,2Story,6,6,1968,MetalSd,MetalSd,None,-0.567015949674981,CBlock,298,0,429,727,GasA,0.268289832918241,SBrkr,0.911084338515048,0.10917794928356,0,0,-1.02736282330994,1.23259887250509,1.38565545042224,-0.207698474525451,0.98684936683629,-0.924311211315714,Attchd,0.217157067211403,-0.147158954958549,-0.740760408320604,-0.702842766617084,-0.359600750132276,-0.103330530851366,-0.285935458023539,NONE,-0.0895919598967582,Normal,0.44693779307133,1,2,2,4,2,3,0,3,3,7,3,1,2,3,3,1,0,1,-0.250997476711292,11.9447078813958,200908
1073,50,RL,-0.232008726878616,-0.32757168151653,Pave,NONE,Lvl,Inside,Gtl,Edwards,Artery,Norm,1Fam,1.5Fin,5,3,1948,MetalSd,MetalSd,None,-0.567015949674981,CBlock,0,0,810,810,GasA,0.268289832918241,FuseA,0.274168435632434,-0.0884644318971892,1,1,-1.02736282330994,-0.756321032880405,1.38565545042224,-0.207698474525451,0.349545539005509,0.623631660646747,Detchd,0.186018920380498,-0.894263010456227,-0.740760408320604,-0.702842766617084,-0.359600750132276,-0.103330530851366,-0.285935458023539,NONE,-0.0895919598967582,Normal,0.44693779307133,1,2,2,1,2,2,3,3,3,7,1,1,1,3,3,2,0,1,-0.799602219893816,11.4240942512636,200611
1074,60,RL,0.514797185695465,-0.281285044518321,Pave,NONE,Bnk,Corner,Gtl,Edwards,Norm,Norm,1Fam,2Story,6,6,1977,HdBoard,Plywood,BrkFace,0.215876990587466,CBlock,535,0,155,690,GasA,0.268289832918241,SBrkr,0.913417363800332,-0.147757146251414,0,0,-1.02736282330994,1.23259887250509,0.169927088600022,-0.207698474525451,-0.287758288825272,-0.924311211315714,Attchd,0.237174447316985,-0.151799352818783,1.25125706354168,-0.702842766617084,-0.359600750132276,-0.103330530851366,-0.285935458023539,MnPrv,-0.0895919598967582,Normal,0.44693779307133,1,2,2,2,2,3,0,3,3,7,4,1,2,3,2,1,0,3,-0.250997476711292,11.979799201207,200910
1075,20,RL,0.484924949192502,-0.204436545830884,Pave,NONE,Lvl,Inside,Gtl,CollgCr,Norm,Norm,1Fam,1Story,7,5,2006,VinylSd,VinylSd,None,-0.567015949674981,PConc,0,0,1240,1240,GasA,0.268289832918241,SBrkr,-0.785025043886639,-0.515371975247607,0,0,0.781365814350925,-0.756321032880405,-1.04580127322219,-0.207698474525451,-0.925062116656053,-0.924311211315714,Attchd,0.301674894323861,1.63939422123155,0.365915964936219,0.673631596183498,-0.359600750132276,-0.103330530851366,-0.285935458023539,NONE,-0.0895919598967582,Normal,0.44693779307133,1,2,3,4,3,3,0,3,3,7,1,1,2,3,3,3,0,2,0.297607266471232,12.1756134380455,200708
1076,70,RL,0.514797185695465,0.374970699223406,Pave,NONE,Lvl,Inside,Gtl,Crawfor,Norm,Norm,1Fam,2Story,7,6,1940,Wd Sdng,Wd Sdng,None,-0.567015949674981,CBlock,410,0,390,800,GasA,0.268289832918241,SBrkr,1.03473467863512,0.472839930656138,0,0,-1.02736282330994,1.23259887250509,0.169927088600022,-0.207698474525451,-0.287758288825272,2.17157453260921,Attchd,0.154880773549592,-1.07987892486559,-0.740760408320604,-0.702842766617084,-0.359600750132276,-0.103330530851366,-0.285935458023539,NONE,-0.0895919598967582,Normal,0.44693779307133,1,2,2,2,2,3,4,3,3,7,4,1,2,3,3,1,0,1,-0.250997476711292,12.2991075114974,200710
1077,50,RL,0.0667136381510165,0.0801311621800214,Pave,Grvl,Lvl,Inside,Gtl,OldTown,Norm,Norm,1Fam,1.5Fin,5,8,1936,Wd Sdng,Wd Sdng,None,-0.567015949674981,CBlock,626,0,170,796,GasA,0.268289832918241,SBrkr,0.0781943116685523,-0.0687001937791143,0,1,0.781365814350925,-0.756321032880405,0.169927088600022,-0.207698474525451,0.349545539005509,0.623631660646747,Attchd,0.177122307000239,0.432890777570704,2.70574601125064,-0.392025975016952,-0.359600750132276,-0.103330530851366,-0.285935458023539,NONE,0.791768137900632,Normal,0.44693779307133,1,2,2,3,3,3,3,3,3,6,5,1,2,3,3,1,0,1,-0.799602219893816,12.0435537160324,200607
1078,20,RL,-1.72562055202678,0.723071571990757,Pave,NONE,Lvl,Corner,Gtl,NAmes,Norm,Norm,1Fam,1Story,5,5,1969,VinylSd,Plywood,None,-0.567015949674981,CBlock,75,791,230,1096,GasA,0.268289832918241,SBrkr,-0.785025043886639,-0.799977004147885,1,0,-1.02736282330994,-0.756321032880405,0.169927088600022,-0.207698474525451,-0.287758288825272,-0.924311211315714,Attchd,0.219381220556468,-0.80609545111178,1.15639908869109,-0.229217179416884,-0.359600750132276,-0.103330530851366,-0.285935458023539,NONE,-0.0895919598967582,Abnorml,-2.23744784062252,1,2,2,4,2,3,0,3,3,7,4,3,2,3,2,2,0,3,-0.250997476711292,11.8407893270548,200606
1079,120,RM,-0.620347801417138,-0.727031699446277,Pave,NONE,Lvl,Inside,Gtl,CollgCr,Norm,Norm,TwnhsE,1Story,6,5,2004,VinylSd,VinylSd,BrkFace,0.378047671070401,PConc,662,0,186,848,GasA,0.268289832918241,SBrkr,-0.785025043886639,-1.29013010947614,1,0,-1.02736282330994,-0.756321032880405,-2.26152963504441,-0.207698474525451,-2.19966977231761,0.623631660646747,Attchd,0.297226587633731,-0.244607310023463,0.365915964936219,-0.702842766617084,-0.359600750132276,-0.103330530851366,-0.285935458023539,NONE,-0.0895919598967582,Normal,0.44693779307133,1,2,3,4,3,3,4,3,3,7,6,1,2,3,3,2,0,2,0.297607266471232,11.9569700550459,200608
1080,20,RL,0.216074820665833,-0.176664563631959,Pave,NONE,Lvl,Inside,Gtl,CollgCr,Norm,Norm,1Fam,1Story,5,5,1994,VinylSd,VinylSd,None,-0.567015949674981,PConc,495,0,495,990,GasA,0.268289832918241,SBrkr,-0.785025043886639,-1.00947792819948,0,0,-1.02736282330994,-0.756321032880405,0.169927088600022,-0.207698474525451,-0.925062116656053,-0.924311211315714,Attchd,0.279433360873214,-0.80609545111178,-0.740760408320604,0.244408407783317,-0.359600750132276,-0.103330530851366,-0.285935458023539,NONE,-0.0895919598967582,Normal,0.44693779307133,1,2,2,3,2,3,0,3,3,7,6,1,2,3,3,1,0,1,0.297607266471232,11.7440371859336,200707
1081,20,RL,0.664158368210282,0.110566211165145,Pave,NONE,Lvl,Inside,Gtl,NWAmes,Norm,Norm,1Fam,1Story,6,7,1971,VinylSd,VinylSd,BrkFace,0.23824536030925,CBlock,656,0,602,1258,GasA,0.268289832918241,SBrkr,-0.785025043886639,-0.479796346635072,0,1,0.781365814350925,-0.756321032880405,0.169927088600022,-0.207698474525451,-0.925062116656053,-0.924311211315714,Attchd,0.223829527246597,0.256555658881811,-0.305994690255424,-0.702842766617084,-0.359600750132276,8.47359324796774,-0.285935458023539,NONE,-0.0895919598967582,Abnorml,0.44693779307133,1,3,3,4,3,3,0,3,3,7,5,1,2,3,3,1,0,2,-0.250997476711292,11.8844890214027,200802
1082,20,RL,0.514797185695465,-0.338350761365428,Pave,NONE,Lvl,Corner,Gtl,Sawyer,Feedr,Norm,1Fam,1Story,5,5,1963,HdBoard,HdBoard,None,-0.567015949674981,CBlock,824,0,216,1040,GasA,0.268289832918241,SBrkr,-0.785025043886639,-0.910656737609104,1,0,-1.02736282330994,1.23259887250509,0.169927088600022,-0.207698474525451,-0.925062116656053,-0.924311211315714,Attchd,0.20603630048608,-0.764331870369674,-0.740760408320604,-0.702842766617084,3.06541719184603,-0.103330530851366,-0.285935458023539,MnPrv,-0.0895919598967582,Normal,0.44693779307133,1,2,2,1,2,3,0,3,3,7,5,1,2,3,3,1,0,3,-0.250997476711292,11.7981044072039,201009
1083,20,RL,0.365436003180649,-0.17996169393868,Pave,NONE,Lvl,Inside,Gtl,CollgCr,Norm,Norm,1Fam,1Story,7,5,2002,VinylSd,VinylSd,BrkFace,-0.00780670663037599,PConc,0,0,1459,1459,GasA,0.268289832918241,SBrkr,-0.785025043886639,-0.0825351604617667,0,0,0.781365814350925,-0.756321032880405,0.169927088600022,-0.207698474525451,-0.287758288825272,0.623631660646747,Attchd,0.292778280943602,0.251915261021577,0.776967189288753,-0.12561158221684,-0.359600750132276,-0.103330530851366,-0.285935458023539,NONE,-0.0895919598967582,Normal,0.44693779307133,1,2,3,4,3,3,4,3,3,7,1,1,2,3,3,1,0,2,0.297607266471232,12.1652506510099,200712
1084,20,RL,0.664158368210282,-0.173494246029342,Pave,NONE,Lvl,Inside,Gtl,NAmes,Norm,Norm,1Fam,1Story,6,6,1964,HdBoard,HdBoard,BrkFace,1.80962333326459,CBlock,553,0,698,1251,GasA,0.268289832918241,SBrkr,-0.785025043886639,-0.493631313317724,1,0,-1.02736282330994,-0.756321032880405,0.169927088600022,-0.207698474525451,-0.287758288825272,2.17157453260921,Attchd,0.208260453831144,-0.0543509977538682,-0.740760408320604,1.01404998698364,-0.359600750132276,-0.103330530851366,-0.285935458023539,MnPrv,1.14431217701959,Normal,0.44693779307133,1,2,2,2,2,3,4,3,3,7,4,1,2,3,3,1,0,2,-0.250997476711292,11.982929094216,200606
1085,60,RL,-1.72562055202678,0.363050305037566,Pave,NONE,Lvl,Corner,Gtl,Gilbert,Norm,Norm,1Fam,2Story,6,5,1995,HdBoard,HdBoard,None,-0.567015949674981,PConc,592,0,99,691,GasA,0.268289832918241,SBrkr,1.09772636133779,-0.00545463180127465,0,0,0.781365814350925,1.23259887250509,0.169927088600022,-0.207698474525451,-0.287758288825272,0.623631660646747,Attchd,0.277209207528149,-0.295651686486037,1.74926143150725,-0.0516075842168084,-0.359600750132276,-0.103330530851366,-0.285935458023539,NONE,-0.0895919598967582,Normal,-2.23744784062252,1,2,2,3,2,3,3,3,3,7,5,1,2,3,1,1,0,3,0.297607266471232,12.1415341243926,200610
1086,85,RL,0.455052712689539,-0.139381628625182,Pave,NONE,Lvl,Inside,Gtl,SawyerW,Norm,Norm,1Fam,SFoyer,6,6,1992,HdBoard,HdBoard,None,-0.567015949674981,PConc,747,0,189,936,GasA,0.268289832918241,SBrkr,-0.785025043886639,-0.997619385328634,1,0,-1.02736282330994,-0.756321032880405,-1.04580127322219,-0.207698474525451,-0.925062116656053,-0.924311211315714,Attchd,0.270536747492955,0.423609981850236,0.207819340185244,-0.702842766617084,-0.359600750132276,-0.103330530851366,-0.285935458023539,NONE,-0.0895919598967582,Normal,0.44693779307133,1,2,2,4,3,3,0,3,3,7,6,1,2,3,3,3,0,1,0.297607266471232,11.8981878657609,201007
1087,160,RM,-1.72562055202678,-1.0391177642479,Pave,NONE,Lvl,Inside,Gtl,MeadowV,Norm,Norm,TwnhsE,2Story,4,5,1973,CemntBd,CmentBd,None,-0.567015949674981,CBlock,334,0,212,546,GasA,0.268289832918241,SBrkr,0.488806761878589,-0.807882699395115,0,0,-1.02736282330994,1.23259887250509,0.169927088600022,-0.207698474525451,-0.287758288825272,-0.924311211315714,Attchd,0.228277833936727,-0.866420623294823,0.207819340185244,0.718033994983517,-0.359600750132276,-0.103330530851366,-0.285935458023539,NONE,-0.0895919598967582,Normal,-2.23744784062252,1,2,2,2,2,3,0,3,3,7,4,1,2,3,3,1,0,2,-0.250997476711292,11.3326019108389,201008
1088,60,FV,0.813519550725098,0.0514714910523634,Pave,NONE,Lvl,Inside,Gtl,Somerst,Norm,Norm,1Fam,2Story,8,5,2005,VinylSd,VinylSd,None,-0.567015949674981,PConc,0,0,1082,1082,GasA,0.268289832918241,SBrkr,1.24703997959599,0.893818202571133,0,0,0.781365814350925,1.23259887250509,0.169927088600022,-0.207698474525451,1.62415319466707,0.623631660646747,Attchd,0.299450740978796,2.64636055690233,0.524012589687193,0.0371972133832291,-0.359600750132276,-0.103330530851366,-0.285935458023539,NONE,-0.0895919598967582,Normal,0.44693779307133,1,2,3,4,3,3,4,3,3,7,1,1,2,3,3,2,0,2,0.297607266471232,12.4371843664936,200908
1089,160,RM,-1.00868687595566,-0.969624402398532,Pave,NONE,Lvl,Inside,Gtl,Edwards,Norm,Norm,Twnhs,2Story,7,5,2004,VinylSd,VinylSd,Stone,-0.287411328152678,PConc,0,0,970,970,GasA,0.268289832918241,SBrkr,0.939080641938459,0.411570792490105,0,0,0.781365814350925,-0.756321032880405,0.169927088600022,-0.207698474525451,0.349545539005509,-0.924311211315714,Detchd,0.297226587633731,-0.430223224432824,-0.740760408320604,-0.110810782616833,-0.359600750132276,-0.103330530851366,-0.285935458023539,NONE,-0.0895919598967582,Normal,0.44693779307133,1,2,3,4,3,3,0,3,3,3,1,1,2,3,3,1,0,1,0.297607266471232,11.8313791960888,200607
1090,120,FV,-0.620347801417138,-0.868935115339415,Pave,Pave,Lvl,Inside,Gtl,Somerst,Norm,Norm,TwnhsE,1Story,8,5,2005,MetalSd,MetalSd,None,-0.567015949674981,PConc,1039,0,208,1247,GasA,0.268289832918241,SBrkr,-0.785025043886639,-0.501537008564954,1,0,-1.02736282330994,1.23259887250509,-2.26152963504441,-0.207698474525451,-1.56236594448683,0.623631660646747,Attchd,0.299450740978796,0.35864441180696,-0.740760408320604,0.540424399783442,-0.359600750132276,-0.103330530851366,-0.285935458023539,NONE,-0.0895919598967582,Normal,0.44693779307133,1,2,3,4,3,3,4,3,3,7,6,1,2,3,2,1,0,3,0.297607266471232,12.1909590077201,200607
1091,90,RL,0.0667136381510165,-0.20595829828014,Pave,NONE,Lvl,Corner,Gtl,NAmes,Norm,Norm,Duplex,1Story,3,4,1950,BrkFace,BrkFace,None,-0.567015949674981,Slab,0,0,0,0,Wall,-3.72731232161413,FuseA,-0.785025043886639,-0.910656737609104,0,0,0.781365814350925,-0.756321032880405,-1.04580127322219,4.45593111885755,-0.287758288825272,-0.924311211315714,Detchd,0.259415980767632,-0.337415267228144,-0.740760408320604,-0.702842766617084,-0.359600750132276,-0.103330530851366,-0.285935458023539,NONE,-0.0895919598967582,Normal,0.44693779307133,0,2,2,1,2,0,0,3,3,7,0,0,2,3,3,0,0,1,-4.91413779376274,11.4392789248019,200909
1092,160,FV,-1.00868687595566,-1.01553060128443,Pave,Pave,Lvl,Inside,Gtl,Somerst,Norm,Norm,Twnhs,2Story,7,5,1999,MetalSd,MetalSd,BrkFace,0.618507645579581,PConc,510,0,90,600,GasA,0.268289832918241,SBrkr,0.680114835271902,-0.491654889505917,1,0,0.781365814350925,1.23259887250509,-1.04580127322219,-0.207698474525451,-1.56236594448683,-0.924311211315714,Detchd,0.286105820908408,-0.0497105998936342,-0.740760408320604,0.00759561418321662,-0.359600750132276,-0.103330530851366,-0.285935458023539,NONE,-0.0895919598967582,Normal,0.44693779307133,1,2,3,4,3,3,0,3,3,7,4,1,2,3,3,1,0,1,0.297607266471232,11.982929094216,200806
1093,50,RL,0.0667136381510165,-0.224219327671214,Pave,NONE,Bnk,Inside,Gtl,SWISU,Norm,Norm,1Fam,1.5Fin,6,5,1925,MetalSd,MetalSd,None,-0.567015949674981,PConc,423,0,758,1181,GasA,0.268289832918241,SBrkr,-0.0757853571602116,0.381924435312993,0,0,0.781365814350925,-0.756321032880405,1.38565545042224,-0.207698474525451,0.349545539005509,0.623631660646747,Detchd,0.121518473373622,0.479294756173045,1.96269187492106,-0.702842766617084,1.63313696156419,-0.103330530851366,-0.285935458023539,NONE,-0.0895919598967582,Normal,0.44693779307133,1,2,2,1,2,3,4,3,3,7,3,1,2,3,3,1,0,1,-0.250997476711292,11.8240798936072,200809
1094,20,RL,0.395308239683612,-0.118964783264329,Pave,NONE,Lvl,Corner,Gtl,NAmes,Feedr,Norm,1Fam,1Story,5,8,1965,MetalSd,MetalSd,BrkFace,0.361271393779063,CBlock,661,0,203,864,GasA,0.268289832918241,SBrkr,-0.785025043886639,-0.594428927719906,1,0,-1.02736282330994,1.23259887250509,-2.26152963504441,-0.207698474525451,-0.287758288825272,-0.924311211315714,Detchd,0.237174447316985,1.90853729712512,-0.740760408320604,0.244408407783317,-0.359600750132276,-0.103330530851366,-0.285935458023539,MnPrv,-0.0895919598967582,Normal,0.44693779307133,1,2,2,3,3,3,0,3,3,7,6,1,2,3,3,2,0,1,-0.250997476711292,11.8913619006905,200602
1095,20,RL,0.484924949192502,-0.545309094464268,Pave,NONE,Lvl,Inside,Gtl,NAmes,Norm,Norm,1Fam,1Story,5,7,1956,MetalSd,MetalSd,None,-0.567015949674981,CBlock,248,240,448,936,GasA,0.268289832918241,SBrkr,-0.785025043886639,-1.11620481403708,1,0,-1.02736282330994,-0.756321032880405,-1.04580127322219,-0.207698474525451,-1.56236594448683,-0.924311211315714,Attchd,0.190467227070627,-0.764331870369674,-0.740760408320604,-0.702842766617084,0.885860319678016,-0.103330530851366,2.56231980613449,NONE,-0.0895919598967582,Normal,0.44693779307133,1,2,2,4,2,3,0,3,3,7,4,3,2,3,3,1,0,3,-0.250997476711292,11.7675676833438,201008
1096,20,RL,0.604413895204355,-0.107932078007221,Pave,NONE,Lvl,Inside,Gtl,CollgCr,Norm,Norm,1Fam,1Story,6,5,2006,VinylSd,VinylSd,None,-0.567015949674981,PConc,24,0,1290,1314,GasA,0.268289832918241,SBrkr,-0.785025043886639,-0.369116613173853,0,0,0.781365814350925,-0.756321032880405,0.169927088600022,-0.207698474525451,-0.287758288825272,0.623631660646747,Attchd,0.301674894323861,-0.151799352818783,-0.740760408320604,-0.377225175416946,-0.359600750132276,-0.103330530851366,-0.285935458023539,NONE,-0.0895919598967582,Normal,0.44693779307133,1,2,3,3,3,3,4,3,3,7,6,1,2,3,2,1,0,2,0.297607266471232,12.0806908119985,200706
1097,70,RM,0.0667136381510165,-0.416721012502121,Pave,NONE,Lvl,Inside,Gtl,IDOTRR,Norm,Norm,1Fam,2Story,6,7,1914,Wd Sdng,Wd Sdng,None,-0.567015949674981,PConc,0,0,684,684,GasA,0.268289832918241,SBrkr,0.572795672148824,-0.288083236889745,0,0,-1.02736282330994,1.23259887250509,0.169927088600022,-0.207698474525451,0.349545539005509,-0.924311211315714,NONE,-4.15997671587587,-2.19357441132175,0.334296639986024,-0.702842766617084,1.43074953772002,-0.103330530851366,-0.285935458023539,NONE,-0.0895919598967582,Normal,0.44693779307133,1,2,2,2,3,3,0,0,0,7,1,1,2,3,3,1,0,0,-0.250997476711292,11.7519423654407,200706
1098,120,RL,-1.72562055202678,-0.820746287779636,Pave,NONE,Lvl,Inside,Gtl,StoneBr,Norm,Norm,TwnhsE,1Story,8,5,1986,HdBoard,HdBoard,None,-0.567015949674981,CBlock,0,0,1074,1074,GasA,0.268289832918241,SBrkr,-0.785025043886639,-0.815788394642345,0,0,-1.02736282330994,1.23259887250509,-1.04580127322219,-0.207698474525451,-0.925062116656053,-0.924311211315714,Attchd,0.259415980767632,-0.0543509977538682,-0.740760408320604,0.392416403783379,1.77325133191785,-0.103330530851366,-0.285935458023539,NONE,-0.0895919598967582,Normal,-2.23744784062252,1,2,3,4,3,3,0,3,3,7,1,1,2,3,3,1,0,2,0.297607266471232,12.0435537160324,200702
1099,50,RM,-0.232008726878616,-0.52856981752245,Pave,NONE,Lvl,Inside,Gtl,BrkSide,Norm,Norm,1Fam,1.5Fin,4,6,1936,MetalSd,MetalSd,None,-0.567015949674981,BrkTil,672,0,0,672,GasA,0.268289832918241,SBrkr,0.53780029286956,-0.349352375055778,0,0,-1.02736282330994,-0.756321032880405,0.169927088600022,-0.207698474525451,-0.287758288825272,-0.924311211315714,Detchd,0.145984160169334,-1.07987892486559,-0.740760408320604,-0.702842766617084,-0.359600750132276,-0.103330530851366,-0.285935458023539,NONE,-0.0895919598967582,Normal,0.44693779307133,1,2,2,2,2,3,0,3,3,7,4,1,2,3,3,1,0,1,-0.250997476711292,11.7597855429018,200910
1100,20,RL,0.723902841216208,0.217088882613077,Pave,NONE,Lvl,Inside,Gtl,NWAmes,RRAn,Norm,1Fam,1Story,7,5,1978,Plywood,Plywood,BrkFace,0.584955090996905,CBlock,704,0,567,1271,GasA,0.268289832918241,SBrkr,-0.785025043886639,0.198117020814897,0,0,0.781365814350925,-0.756321032880405,0.169927088600022,-0.207698474525451,0.349545539005509,0.623631660646747,Attchd,0.23939860066205,0.0245357658701102,-0.740760408320604,-0.702842766617084,-0.359600750132276,-0.103330530851366,-0.285935458023539,NONE,-0.0895919598967582,Abnorml,0.44693779307133,1,2,2,2,2,3,3,3,3,7,5,1,2,3,2,1,0,2,0.297607266471232,11.9640010843304,200907
1101,30,RL,0.0667136381510165,-0.224219327671214,Pave,NONE,Bnk,Inside,Gtl,SWISU,Norm,Norm,1Fam,1Story,2,5,1920,Wd Sdng,Wd Sdng,None,-0.567015949674981,CBlock,290,0,0,290,GasA,-3.72731232161413,FuseF,-0.785025043886639,-2.10046387231721,0,0,-1.02736282330994,-0.756321032880405,-2.26152963504441,-0.207698474525451,-2.19966977231761,-0.924311211315714,Detchd,0.132639240098946,-1.05203653770418,-0.740760408320604,-0.702842766617084,-0.359600750132276,-0.103330530851366,-0.285935458023539,NONE,-0.0895919598967582,Normal,0.44693779307133,1,2,2,2,1,2,0,3,3,7,3,1,0,3,3,1,0,1,-0.250997476711292,11.0020998412042,200901
1102,20,RL,0.0965858746539798,-0.0520076754970567,Pave,NONE,Lvl,Inside,Gtl,NAmes,Norm,Norm,1Fam,1Story,5,5,1971,HdBoard,MetalSd,None,-0.567015949674981,CBlock,412,287,251,950,GasA,0.268289832918241,SBrkr,-0.785025043886639,-1.08853488067178,0,0,-1.02736282330994,-0.756321032880405,0.169927088600022,-0.207698474525451,-0.925062116656053,-0.924311211315714,Detchd,0.246071060697244,-0.894263010456227,-0.740760408320604,-0.702842766617084,-0.359600750132276,-0.103330530851366,-0.285935458023539,NONE,-0.0895919598967582,Normal,0.44693779307133,1,2,2,2,2,3,0,3,3,7,4,2,2,3,2,1,0,1,-0.250997476711292,11.6910716503537,200710
1103,20,RL,0.365436003180649,-0.401757113417768,Pave,NONE,Lvl,Inside,Gtl,NAmes,Norm,Norm,1Fam,1Story,5,7,1960,Wd Sdng,Wd Sdng,BrkFace,-0.315371790304909,CBlock,588,0,422,1010,GasA,0.268289832918241,SBrkr,-0.785025043886639,-0.7248728992992,0,0,-1.02736282330994,-0.756321032880405,-1.04580127322219,-0.207698474525451,-0.287758288825272,-0.924311211315714,Attchd,0.199363840450886,-1.01491335482231,-0.740760408320604,-0.466029973016984,-0.359600750132276,-0.103330530851366,-0.285935458023539,MnWw,-0.0895919598967582,Family,0.44693779307133,1,2,2,4,2,3,0,3,3,7,3,1,2,3,3,1,0,2,-0.250997476711292,11.8130300574206,200707
1104,20,RL,0.634286131707318,-0.159544848577827,Pave,NONE,Lvl,Corner,Gtl,NAmes,Norm,Norm,1Fam,1Story,6,6,1959,BrkFace,BrkFace,None,-0.567015949674981,CBlock,655,0,0,655,GasA,0.268289832918241,SBrkr,-0.785025043886639,-0.606287470590751,0,1,-1.02736282330994,-0.756321032880405,0.169927088600022,-0.207698474525451,-0.287758288825272,0.623631660646747,BuiltIn,0.186018920380498,0.307600035344386,-0.740760408320604,-0.702842766617084,2.62950581741242,-0.103330530851366,-0.285935458023539,NONE,-0.0895919598967582,Normal,0.44693779307133,1,2,2,4,2,3,2,3,3,7,5,1,2,3,3,2,0,3,-0.250997476711292,11.979799201207,200610
1105,160,RM,-1.00868687595566,-1.0337916306755,Pave,NONE,Lvl,Inside,Gtl,BrDale,Norm,Norm,TwnhsE,2Story,5,5,1970,HdBoard,HdBoard,BrkFace,1.13298014918062,CBlock,0,0,630,630,GasA,0.268289832918241,SBrkr,0.782767947824411,-0.392833698915542,0,0,0.781365814350925,1.23259887250509,0.169927088600022,-0.207698474525451,-0.287758288825272,-0.924311211315714,Detchd,0.221605373901533,-0.151799352818783,-0.740760408320604,-0.702842766617084,-0.359600750132276,-0.103330530851366,-0.285935458023539,NONE,-0.0895919598967582,Normal,0.44693779307133,1,2,2,2,2,3,0,3,3,7,1,1,2,3,3,1,0,1,-0.250997476711292,11.5711943730942,200707
1106,60,RL,1.20185862526362,0.264770459356438,Pave,NONE,Lvl,Corner,Gtl,NoRidge,Norm,Norm,1Fam,2Story,8,5,1994,HdBoard,HdBoard,BrkFace,1.45732151014649,PConc,1032,0,431,1463,GasA,0.268289832918241,SBrkr,1.83262932620235,2.21604573267034,1,0,0.781365814350925,1.23259887250509,0.169927088600022,-0.207698474525451,1.62415319466707,2.17157453260921,Attchd,0.274985054183085,1.11038886516487,0.72953820186346,-0.229217179416884,-0.359600750132276,-0.103330530851366,-0.285935458023539,NONE,-0.0895919598967582,Normal,0.44693779307133,1,2,3,4,3,3,3,3,3,7,6,1,2,3,2,3,0,2,1.66911912442754,12.6915804613119,201007
1107,20,RL,1.67981440931103,0.0239531342616475,Pave,NONE,Lvl,Corner,Gtl,SawyerW,Feedr,Norm,1Fam,1Story,7,5,1990,HdBoard,HdBoard,None,-0.567015949674981,PConc,738,0,172,910,GasA,0.268289832918241,SBrkr,-0.785025043886639,-0.116134365262494,1,0,0.781365814350925,-0.756321032880405,0.169927088600022,-0.207698474525451,-0.287758288825272,0.623631660646747,Attchd,0.266088440802826,1.14287165018651,-0.740760408320604,2.90855233578444,-0.359600750132276,-0.103330530851366,-0.285935458023539,NONE,-0.0895919598967582,Normal,0.44693779307133,1,2,3,3,3,3,3,3,3,7,6,1,2,3,2,2,0,3,0.297607266471232,12.1001564199386,200708
1108,60,RL,3.29291518047105,1.65983701721204,Pave,NONE,HLS,CulDSac,Gtl,Gilbert,Norm,Norm,1Fam,2Story,7,5,2006,VinylSd,VinylSd,None,-0.567015949674981,PConc,0,0,868,868,GasA,0.268289832918241,SBrkr,1.86062562962576,1.02821502177404,0,0,0.781365814350925,1.23259887250509,0.169927088600022,-0.207698474525451,1.62415319466707,0.623631660646747,BuiltIn,0.301674894323861,-0.235326514302995,-0.740760408320604,0.777237193383542,-0.359600750132276,-0.103330530851366,-0.285935458023539,NONE,-0.0895919598967582,Partial,0.44693779307133,1,2,3,4,3,4,4,3,3,7,1,1,2,3,0,1,0,2,1.66911912442754,12.5235258763151,200612
1109,60,RL,-1.72562055202678,-0.266955208954492,Pave,NONE,Lvl,Inside,Gtl,Gilbert,Norm,Norm,1Fam,2Story,6,5,2000,VinylSd,VinylSd,None,-0.567015949674981,PConc,0,0,924,924,GasA,0.268289832918241,SBrkr,0.946079717794312,0.374018740065763,0,0,0.781365814350925,1.23259887250509,0.169927088600022,-0.207698474525451,0.349545539005509,0.623631660646747,Attchd,0.288329974253473,-0.0450702020334002,0.0497227154342694,0.00759561418321662,-0.359600750132276,-0.103330530851366,-0.285935458023539,NONE,-0.0895919598967582,Abnorml,-2.23744784062252,1,2,2,4,2,3,3,3,3,7,1,1,2,3,3,1,0,2,0.297607266471232,12.106252310248,200703
1110,20,RL,1.47070875379029,0.151399901886852,Pave,NONE,Lvl,Inside,Gtl,NridgHt,Norm,Norm,1Fam,1Story,8,5,2004,MetalSd,MetalSd,Stone,-0.332148067596247,PConc,1039,0,797,1836,GasA,0.268289832918241,SBrkr,-0.785025043886639,0.662576616589656,1,0,0.781365814350925,-0.756321032880405,0.169927088600022,-0.207698474525451,0.349545539005509,0.623631660646747,Attchd,0.297226587633731,1.80644854419998,0.247343496372988,2.03530515938407,-0.359600750132276,-0.103330530851366,-0.285935458023539,NONE,-0.0895919598967582,Normal,0.44693779307133,1,2,3,4,3,3,4,3,3,7,6,1,2,3,2,2,0,3,1.66911912442754,12.5425448821514,200906
1111,60,RL,-1.72562055202678,-0.274944409313087,Pave,NONE,Lvl,Inside,Gtl,Gilbert,Norm,Norm,1Fam,2Story,6,5,1995,HdBoard,HdBoard,None,-0.567015949674981,PConc,219,0,554,773,GasA,0.268289832918241,SBrkr,1.27970233358997,0.310773178087923,1,0,0.781365814350925,1.23259887250509,0.169927088600022,-0.207698474525451,0.98684936683629,0.623631660646747,Attchd,0.277209207528149,-0.193562933560889,1.02992178889031,0.540424399783442,-0.359600750132276,-0.103330530851366,-0.285935458023539,NONE,-0.0895919598967582,Normal,-2.23744784062252,1,2,2,3,2,3,3,3,3,7,6,1,2,3,3,1,0,3,0.297607266471232,12.1441972418121,200809
1112,60,RL,0.664158368210282,0.0395510968665233,Pave,NONE,Lvl,Inside,Gtl,NWAmes,Norm,Norm,1Fam,2Story,7,6,1976,Plywood,Plywood,BrkFace,3.12376505441941,CBlock,403,0,400,803,GasA,0.268289832918241,SBrkr,1.23537485316957,0.915558864501015,0,0,0.781365814350925,1.23259887250509,1.38565545042224,-0.207698474525451,0.98684936683629,0.623631660646747,Attchd,0.234950293971921,0.0477377551712803,-0.740760408320604,0.318412405783348,-0.359600750132276,-0.103330530851366,-0.285935458023539,NONE,-0.0895919598967582,Normal,0.44693779307133,1,2,2,2,2,3,4,3,3,7,5,1,2,3,3,1,0,2,-0.250997476711292,12.2307652581205,200812
1113,20,RL,0.455052712689539,-0.3890758430073,Pave,NONE,Lvl,Corner,Gtl,NAmes,Norm,Norm,1Fam,1Story,5,7,1957,WdShing,Wd Shng,None,-0.567015949674981,CBlock,708,0,108,816,GasA,0.268289832918241,FuseA,-0.785025043886639,-1.35337567145398,1,0,-1.02736282330994,-0.756321032880405,-1.04580127322219,-0.207698474525451,-0.925062116656053,-0.924311211315714,Detchd,0.192691380415692,-0.764331870369674,-0.740760408320604,-0.702842766617084,-0.359600750132276,-0.103330530851366,-0.285935458023539,NONE,-0.0895919598967582,Normal,0.44693779307133,1,2,2,2,2,3,0,3,3,7,6,1,2,3,2,1,0,1,-0.250997476711292,11.7745202026587,200610
1114,20,RL,0.245947057168796,-0.157896283424466,Pave,NONE,Lvl,Inside,Gtl,NAmes,Norm,Norm,1Fam,1Story,5,7,1953,Wd Sdng,Wd Sdng,None,-0.567015949674981,CBlock,643,0,365,1008,GasA,0.268289832918241,SBrkr,-0.785025043886639,-0.973902299586944,1,0,-1.02736282330994,-0.756321032880405,-1.04580127322219,-0.207698474525451,-0.287758288825272,-0.924311211315714,Attchd,0.183794767035433,-1.07987892486559,-0.740760408320604,-0.436428373816971,-0.359600750132276,-0.103330530851366,-0.285935458023539,NONE,-0.0895919598967582,Normal,0.44693779307133,1,2,2,3,3,3,0,3,3,7,4,1,2,3,3,1,0,1,-0.250997476711292,11.809319478024,200708
1115,20,RL,0.962880733239914,-0.604657439985259,Pave,NONE,Lvl,Inside,Gtl,OldTown,Norm,Norm,1Fam,1Story,5,7,1954,MetalSd,MetalSd,None,-0.567015949674981,CBlock,415,0,418,833,GasA,0.268289832918241,SBrkr,-0.785025043886639,-1.31977646665325,0,0,-1.02736282330994,-0.756321032880405,-1.04580127322219,-0.207698474525451,-1.56236594448683,-0.924311211315714,Detchd,0.188243073725562,-0.680804708885462,-0.740760408320604,-0.702842766617084,-0.359600750132276,-0.103330530851366,-0.285935458023539,MnPrv,-0.0895919598967582,Normal,0.44693779307133,1,3,2,4,3,3,0,3,3,7,3,1,2,3,3,1,0,1,-0.250997476711292,11.6699292137799,200611
1116,20,RL,1.0524974427488,0.243085486954537,Pave,NONE,Lvl,Inside,Gtl,NridgHt,Norm,Norm,1Fam,1Story,8,5,2007,VinylSd,VinylSd,Stone,1.26719036751132,PConc,1004,0,730,1734,GasA,0.268289832918241,SBrkr,-0.785025043886639,0.460981387785293,1,0,0.781365814350925,-0.756321032880405,0.169927088600022,-0.207698474525451,0.349545539005509,0.623631660646747,Attchd,0.303899047668925,2.11271480297542,-0.740760408320604,-0.702842766617084,-0.359600750132276,-0.103330530851366,-0.285935458023539,NONE,-0.0895919598967582,Partial,0.44693779307133,1,2,3,4,4,3,4,3,3,7,6,1,2,3,3,1,0,2,1.66911912442754,12.6698066617623,200703
1117,80,RL,-1.72562055202678,-0.306647585339257,Pave,NONE,Lvl,Inside,Gtl,Gilbert,Norm,Norm,1Fam,SLvl,8,5,2002,VinylSd,VinylSd,None,-0.567015949674981,PConc,353,0,55,408,GasA,0.268289832918241,SBrkr,0.708111138695314,-0.161592112934066,1,0,0.781365814350925,1.23259887250509,0.169927088600022,-0.207698474525451,0.349545539005509,0.623631660646747,BuiltIn,0.292778280943602,0.251915261021577,0.207819340185244,-0.702842766617084,-0.359600750132276,-0.103330530851366,-0.285935458023539,NONE,-0.0895919598967582,Normal,-2.23744784062252,1,2,3,4,3,3,3,3,3,7,6,1,2,3,3,1,0,3,0.297607266471232,12.1232343672212,200906
1118,20,RL,-0.0229030713578732,-0.0512467992724286,Pave,NONE,Lvl,FR2,Gtl,Sawyer,Feedr,Norm,1Fam,1Story,5,7,1967,VinylSd,VinylSd,None,-0.567015949674981,CBlock,702,0,192,894,GasA,0.268289832918241,SBrkr,-0.785025043886639,-1.199214614133,1,0,-1.02736282330994,-0.756321032880405,0.169927088600022,-0.207698474525451,-0.925062116656053,-0.924311211315714,Attchd,0.214932913866338,-0.105395374216442,-0.740760408320604,-0.702842766617084,-0.359600750132276,-0.103330530851366,-0.285935458023539,NONE,-0.0895919598967582,Normal,0.44693779307133,1,2,2,4,3,3,0,3,3,7,4,1,2,3,2,1,0,2,-0.250997476711292,11.7752897294377,200808
1119,80,RL,0.813519550725098,0.463739592096683,Pave,NONE,Lvl,Inside,Gtl,Sawyer,Norm,Norm,1Fam,SLvl,5,6,1958,MetalSd,MetalSd,None,-0.567015949674981,CBlock,0,0,533,533,GasA,0.268289832918241,SBrkr,0.568129621578256,0.198117020814897,0,1,-1.02736282330994,-0.756321032880405,0.169927088600022,-0.207698474525451,-0.287758288825272,-0.924311211315714,BuiltIn,0.194915533760756,-0.801455053251546,1.47259233819304,-0.199615580216871,-0.359600750132276,-0.103330530851366,-0.285935458023539,NONE,-0.0895919598967582,Normal,0.44693779307133,1,3,2,2,2,3,0,3,3,5,1,1,2,3,3,1,0,2,-0.250997476711292,11.8493977015914,200804
1120,20,RL,0.365436003180649,-0.330741999119147,Pave,NONE,Lvl,Inside,Gtl,NAmes,Norm,Norm,1Fam,1Story,5,5,1959,BrkFace,Wd Sdng,None,-0.567015949674981,CBlock,369,0,671,1040,GasA,0.268289832918241,FuseA,-0.785025043886639,-0.910656737609104,0,0,-1.02736282330994,-0.756321032880405,0.169927088600022,-0.207698474525451,-0.287758288825272,-0.924311211315714,Attchd,0.197139687105821,-0.866420623294823,0.365915964936219,-0.702842766617084,3.56360161977014,-0.103330530851366,-0.285935458023539,GdWo,-0.0895919598967582,Normal,0.44693779307133,1,2,2,2,2,3,0,3,3,7,2,1,2,3,3,1,0,2,-0.250997476711292,11.80335376309,200610
1121,30,RM,0.0368414016480533,-0.241592668133556,Pave,NONE,Bnk,Inside,Mod,IDOTRR,Norm,Norm,1Fam,1Story,6,5,1920,BrkFace,BrkFace,None,-0.567015949674981,BrkTil,0,0,1012,1012,GasA,0.268289832918241,FuseA,-0.785025043886639,-0.965996604339714,0,0,-1.02736282330994,-0.756321032880405,-1.04580127322219,-0.207698474525451,-0.287758288825272,0.623631660646747,Detchd,0.110397706648299,-0.764331870369674,-0.740760408320604,-0.377225175416946,1.38404474760213,-0.103330530851366,-0.285935458023539,MnPrv,-0.0895919598967582,Normal,0.44693779307133,1,2,2,2,2,3,4,3,3,7,1,1,2,3,3,1,0,1,-0.250997476711292,11.681824001432,200708
1122,20,RL,0.783647314222135,-0.0106667339589305,Pave,NONE,Lvl,Inside,Gtl,CollgCr,Norm,Norm,1Fam,1Story,7,5,2005,VinylSd,VinylSd,BrkFace,0.529034166692444,PConc,24,0,1528,1552,GasA,0.268289832918241,SBrkr,-0.785025043886639,0.10127225403633,0,0,0.781365814350925,-0.756321032880405,0.169927088600022,-0.207698474525451,0.349545539005509,-0.924311211315714,Attchd,0.299450740978796,1.43521671538125,0.397535289886414,-0.406826774616959,-0.359600750132276,-0.103330530851366,-0.285935458023539,NONE,-0.0895919598967582,Partial,0.44693779307133,1,2,3,4,3,3,0,3,3,7,6,1,2,3,3,3,0,2,0.297607266471232,12.2685778508816,200610
1123,20,RL,-1.72562055202678,-0.157515845312152,Pave,NONE,Lvl,Corner,Gtl,Edwards,Norm,Norm,1Fam,1Story,4,3,1956,AsbShng,AsbShng,None,-0.567015949674981,CBlock,0,0,672,672,GasA,0.268289832918241,FuseA,-0.785025043886639,-1.0687706425537,0,0,-1.02736282330994,-0.756321032880405,0.169927088600022,-0.207698474525451,-0.925062116656053,-0.924311211315714,Basment,0.190467227070627,-0.857139827574354,-0.234851209117485,-0.702842766617084,-0.359600750132276,-0.103330530851366,2.56231980613449,MnPrv,-0.0895919598967582,Abnorml,-2.23744784062252,1,2,2,4,2,3,0,3,3,7,1,1,2,3,2,1,0,1,-0.250997476711292,11.6262541502772,200902
1124,20,RL,-0.232008726878616,-0.0967725600460093,Pave,NONE,Lvl,Inside,Gtl,Edwards,Norm,Norm,1Fam,1Story,5,9,1947,VinylSd,VinylSd,None,-0.567015949674981,CBlock,0,0,698,698,GasA,0.268289832918241,SBrkr,-0.785025043886639,-1.58659368124727,0,1,-1.02736282330994,-0.756321032880405,-1.04580127322219,-0.207698474525451,-1.56236594448683,-0.924311211315714,NONE,-4.15997671587587,-2.19357441132175,-0.740760408320604,2.25731715338417,-0.359600750132276,-0.103330530851366,-0.285935458023539,NONE,-0.0895919598967582,Normal,0.44693779307133,1,4,2,4,2,3,0,0,0,7,1,1,2,3,3,1,0,0,-0.250997476711292,11.6784399034478,200909
1125,80,RL,-1.72562055202678,-0.13228011719532,Pave,NONE,Lvl,Inside,Gtl,Gilbert,Norm,Norm,1Fam,SLvl,7,5,1992,HdBoard,HdBoard,BrkFace,0.383639763500847,PConc,0,0,384,384,GasA,0.268289832918241,SBrkr,0.778101897253843,-0.0370774127901945,0,0,0.781365814350925,1.23259887250509,0.169927088600022,-0.207698474525451,0.349545539005509,0.623631660646747,Attchd,0.270536747492955,-0.374538450110016,0.0497227154342694,-0.332822776616927,-0.359600750132276,-0.103330530851366,-0.285935458023539,NONE,-0.0895919598967582,Normal,-2.23744784062252,1,2,2,3,3,3,3,3,3,7,1,1,2,3,2,1,0,3,0.297607266471232,12.0070117647319,200710
1126,20,RL,0.0667136381510165,0.033717712477708,Pave,NONE,Lvl,Inside,Gtl,NAmes,Norm,Norm,1Fam,1Story,4,5,1955,Plywood,Plywood,None,-0.567015949674981,CBlock,0,0,1005,1005,GasA,0.268289832918241,SBrkr,-0.785025043886639,-0.979831571022366,0,0,-1.02736282330994,-0.756321032880405,-1.04580127322219,-0.207698474525451,-0.925062116656053,0.623631660646747,Detchd,0.237174447316985,0.924772950755511,-0.740760408320604,-0.702842766617084,-0.359600750132276,-0.103330530851366,-0.285935458023539,NONE,-0.0895919598967582,Normal,0.44693779307133,1,2,2,2,1,3,3,2,2,7,1,1,2,3,3,1,0,1,-0.250997476711292,11.6526874073454,200903
1127,120,RL,-0.142392017369726,-0.822268040228892,Pave,NONE,Lvl,Inside,Gtl,Blmngtn,Norm,Norm,TwnhsE,1Story,7,5,2007,VinylSd,VinylSd,BrkFace,0.159956066283005,PConc,0,0,1373,1373,GasA,0.268289832918241,SBrkr,-0.785025043886639,0.107201525471752,0,0,0.781365814350925,-0.756321032880405,-1.04580127322219,-0.207698474525451,0.349545539005509,0.623631660646747,Attchd,0.303899047668925,0.869088176432703,0.389630458648865,-0.406826774616959,-0.359600750132276,-0.103330530851366,-0.285935458023539,NONE,-0.0895919598967582,Normal,0.44693779307133,1,2,3,4,3,3,3,3,3,7,1,1,2,3,3,1,0,3,0.297607266471232,12.0668105781967,200909
1128,20,RL,3.71112649151253,0.55846868206288,Pave,NONE,Lvl,Corner,Gtl,Gilbert,Norm,Norm,1Fam,1Story,7,5,2004,VinylSd,VinylSd,None,-0.567015949674981,PConc,1300,0,230,1530,GasA,0.268289832918241,SBrkr,-0.785025043886639,0.057790930176565,1,0,0.781365814350925,-0.756321032880405,0.169927088600022,-0.207698474525451,0.349545539005509,0.623631660646747,Attchd,0.297226587633731,0.729876240625682,0.397535289886414,-0.170013981016859,-0.359600750132276,-0.103330530851366,-0.285935458023539,NONE,-0.0895919598967582,Family,0.44693779307133,1,2,3,4,3,3,4,3,3,7,6,1,2,3,0,3,0,3,0.297607266471232,12.4645833406817,200703
1129,60,RL,0.0368414016480533,0.206436615468284,Pave,NONE,Lvl,Inside,Gtl,Gilbert,Norm,Norm,1Fam,2Story,7,5,2004,VinylSd,VinylSd,None,-0.567015949674981,PConc,0,0,847,847,GasA,0.268289832918241,SBrkr,1.8092990733495,0.905676745441978,0,0,0.781365814350925,1.23259887250509,1.38565545042224,-0.207698474525451,0.98684936683629,0.623631660646747,BuiltIn,0.297226587633731,-0.179641739980187,0.0497227154342694,0.00759561418321662,-0.359600750132276,-0.103330530851366,-0.285935458023539,NONE,-0.0895919598967582,Normal,0.44693779307133,1,2,3,4,3,3,4,3,3,7,1,1,2,3,2,3,0,3,0.297607266471232,12.2783933071098,200710
1130,90,RM,0.0667136381510165,-0.376394572596832,Pave,Grvl,Lvl,Inside,Gtl,OldTown,Norm,Norm,Duplex,SFoyer,5,5,1980,MetalSd,MetalSd,BrkFace,0.439560687805308,CBlock,936,0,0,936,GasA,0.268289832918241,SBrkr,-0.785025043886639,-1.11620481403708,1,0,-1.02736282330994,-0.756321032880405,-1.04580127322219,-0.207698474525451,-1.56236594448683,-0.924311211315714,Detchd,0.243846907352179,0.924772950755511,-0.353423677680716,-0.702842766617084,-0.359600750132276,-0.103330530851366,-0.285935458023539,NONE,-0.0895919598967582,Normal,0.44693779307133,1,2,2,2,2,3,0,3,3,7,6,1,2,3,3,4,0,1,0.297607266471232,11.8493977015914,200711
1131,50,RL,0.216074820665833,-0.299799699317604,Pave,NONE,Lvl,Inside,Gtl,SWISU,Norm,Norm,1Fam,1.5Fin,4,3,1928,WdShing,Plywood,None,-0.567015949674981,BrkTil,622,0,500,1122,GasA,0.268289832918241,SBrkr,0.73844046740401,0.949158069301742,1,0,0.781365814350925,-0.756321032880405,1.38565545042224,-0.207698474525451,0.349545539005509,2.17157453260921,Detchd,0.246071060697244,0.479294756173045,2.6662218550629,-0.0516075842168084,-0.359600750132276,-0.103330530851366,-0.285935458023539,MnPrv,-0.0895919598967582,Normal,0.44693779307133,1,2,2,2,3,3,3,3,3,5,4,1,2,3,3,1,0,1,-0.250997476711292,11.8130300574206,200904
1132,20,RL,0.156330347659906,0.0689716442188095,Pave,NONE,Lvl,Inside,Gtl,Mitchel,Norm,Norm,1Fam,1Story,5,5,1991,HdBoard,HdBoard,None,-0.567015949674981,PConc,212,0,762,974,GasA,0.268289832918241,SBrkr,-0.785025043886639,-1.0411007091884,0,0,-1.02736282330994,-0.756321032880405,0.169927088600022,-0.207698474525451,-0.925062116656053,-0.924311211315714,NONE,-4.15997671587587,-2.19357441132175,-0.740760408320604,-0.288420377816909,-0.359600750132276,-0.103330530851366,-0.285935458023539,MnPrv,-0.0895919598967582,Abnorml,0.44693779307133,1,2,2,2,2,3,0,0,0,7,4,1,2,3,3,2,0,0,0.297607266471232,11.4457167152768,200712
1133,70,RM,0.962880733239914,-0.034000271514192,Pave,NONE,Lvl,Inside,Gtl,OldTown,Norm,Norm,1Fam,2Story,6,4,1880,Wd Sdng,Wd Sdng,None,-0.567015949674981,BrkTil,0,0,1008,1008,GasW,0.268289832918241,SBrkr,1.62265705052676,1.40175912220566,0,0,0.781365814350925,-0.756321032880405,2.60138381224446,-0.207698474525451,0.98684936683629,-0.924311211315714,Detchd,0.132639240098946,-1.24229284997378,-0.740760408320604,0.00759561418321662,-0.359600750132276,-0.103330530851366,-0.285935458023539,NONE,-0.0895919598967582,Normal,0.44693779307133,1,2,2,2,1,3,0,2,3,7,1,1,0,3,3,2,0,1,-0.250997476711292,11.6741936125664,200708
1134,60,RL,0.664158368210282,-0.043130786209729,Pave,NONE,Lvl,Inside,Gtl,SawyerW,Norm,Norm,1Fam,2Story,8,5,1995,VinylSd,VinylSd,None,-0.567015949674981,PConc,584,0,544,1128,GasA,0.268289832918241,SBrkr,1.26337115659298,1.02623859796223,0,0,0.781365814350925,1.23259887250509,0.169927088600022,-0.207698474525451,0.98684936683629,0.623631660646747,Attchd,0.277209207528149,-0.0311490084526981,-0.740760408320604,1.59128117138389,-0.359600750132276,-0.103330530851366,-0.285935458023539,NONE,-0.0895919598967582,Normal,0.44693779307133,1,2,3,4,3,3,3,3,3,7,6,1,2,3,2,1,0,2,0.297607266471232,12.3863086958331,200909
1135,60,RL,-0.0229030713578732,-0.176918189040168,Pave,NONE,HLS,Inside,Gtl,Gilbert,Norm,Norm,1Fam,2Story,6,5,1997,VinylSd,VinylSd,None,-0.567015949674981,PConc,0,0,916,916,GasA,0.268289832918241,SBrkr,0.810764251247823,0.196140597003089,0,0,0.781365814350925,1.23259887250509,0.169927088600022,-0.207698474525451,0.349545539005509,0.623631660646747,Attchd,0.281657514218279,-0.0589913956141022,0.0497227154342694,-0.140412381816846,-0.359600750132276,-0.103330530851366,-0.285935458023539,NONE,-0.0895919598967582,Normal,0.44693779307133,1,2,2,3,2,3,3,3,3,7,1,1,2,3,2,3,0,3,0.297607266471232,12.0376539939052,200711
1136,30,RM,0.0667136381510165,-0.505743530783607,Pave,NONE,Lvl,Corner,Gtl,BrkSide,Norm,Norm,1Fam,1Story,6,5,1926,Wd Sdng,Wd Sdng,None,-0.567015949674981,BrkTil,0,0,960,960,GasA,-3.72731232161413,SBrkr,-0.785025043886639,-1.01738362344671,0,0,-1.02736282330994,-0.756321032880405,-1.04580127322219,-0.207698474525451,-0.925062116656053,0.623631660646747,Detchd,0.123742626718687,-1.35830279647963,-0.740760408320604,1.19165958218372,-0.359600750132276,-0.103330530851366,-0.285935458023539,NONE,-0.0895919598967582,Normal,0.44693779307133,1,2,2,2,2,3,4,3,3,7,1,1,2,3,3,1,0,1,-0.250997476711292,11.5327280922664,200708
1137,50,RL,0.664158368210282,-0.0720440827455964,Pave,NONE,Lvl,Inside,Gtl,NAmes,Norm,Norm,1Fam,1.5Fin,6,5,1950,VinylSd,VinylSd,None,-0.567015949674981,CBlock,280,0,752,1032,GasA,0.268289832918241,FuseA,-0.271759481124093,-0.491654889505917,0,0,-1.02736282330994,-0.756321032880405,0.169927088600022,-0.207698474525451,-0.287758288825272,-0.924311211315714,Attchd,0.177122307000239,-0.857139827574354,-0.740760408320604,-0.702842766617084,1.13495253364007,-0.103330530851366,-0.285935458023539,NONE,-0.0895919598967582,Abnorml,0.44693779307133,1,2,2,2,2,3,0,3,3,7,4,1,2,3,3,1,0,1,-0.250997476711292,11.6868787720937,200807
1138,50,RL,-0.112519780866763,-0.485199872718649,Pave,NONE,Lvl,Inside,Gtl,Sawyer,Feedr,Norm,1Fam,1.5Fin,5,8,1875,VinylSd,VinylSd,None,-0.567015949674981,CBlock,0,0,780,780,GasA,-3.72731232161413,SBrkr,-0.225098975418407,-0.950185213845254,0,0,-1.02736282330994,-0.756321032880405,-1.04580127322219,-0.207698474525451,-0.287758288825272,-0.924311211315714,NONE,-4.15997671587587,-2.19357441132175,-0.740760408320604,-0.702842766617084,2.38041360345037,-0.103330530851366,-0.285935458023539,NONE,-0.0895919598967582,Normal,0.44693779307133,1,3,2,3,2,3,0,0,0,7,1,1,0,3,3,1,0,0,-0.250997476711292,11.4510500612521,201008
1139,20,RL,-1.72562055202678,-0.0442721005466712,Pave,NONE,Lvl,Inside,Mod,Mitchel,Norm,Norm,1Fam,1Story,6,5,1977,Plywood,ImStucc,None,-0.567015949674981,PConc,1567,0,0,1567,GasA,0.268289832918241,SBrkr,-0.785025043886639,0.130918611213442,1,0,0.781365814350925,-0.756321032880405,-1.04580127322219,-0.207698474525451,-0.925062116656053,2.17157453260921,Attchd,0.237174447316985,1.11966966088534,1.34611503839226,-0.229217179416884,-0.359600750132276,-0.103330530851366,-0.285935458023539,NONE,-0.0895919598967582,Normal,-2.23744784062252,1,2,2,2,3,3,3,3,3,7,5,1,2,3,2,4,0,2,-0.250997476711292,12.1858699382127,200908
1140,30,RL,1.20185862526362,-0.182244322612565,Pave,NONE,Lvl,Inside,Gtl,BrkSide,Norm,Norm,1Fam,1Story,5,5,1920,Stucco,Stucco,None,-0.567015949674981,BrkTil,645,0,270,915,GasA,0.268289832918241,SBrkr,-0.785025043886639,-0.659650913509553,0,0,-1.02736282330994,-0.756321032880405,0.169927088600022,-0.207698474525451,-0.287758288825272,0.623631660646747,Detchd,0.226053680591662,0.103422529494089,-0.740760408320604,-0.702842766617084,3.00314413835551,-0.103330530851366,1.95706556250091,NONE,-0.0895919598967582,Normal,0.44693779307133,1,1,2,2,2,3,4,3,3,3,4,1,2,3,2,1,0,1,-0.250997476711292,11.8775685785581,200708
1141,20,RL,0.0667136381510165,-0.35737266698113,Pave,NONE,Lvl,Corner,Gtl,NAmes,Norm,Norm,1Fam,1Story,5,7,1951,HdBoard,HdBoard,None,-0.567015949674981,CBlock,852,0,100,952,GasA,0.268289832918241,SBrkr,-0.785025043886639,-1.08458203304816,1,0,-1.02736282330994,-0.756321032880405,-1.04580127322219,-0.207698474525451,-1.56236594448683,-0.924311211315714,Detchd,0.261640134112697,1.70435979127483,-0.740760408320604,-0.702842766617084,-0.359600750132276,-0.103330530851366,-0.285935458023539,NONE,-0.0895919598967582,Abnorml,0.44693779307133,1,2,2,2,2,3,0,3,3,7,5,1,2,3,3,2,0,1,-0.250997476711292,11.8422292121128,200809
1142,60,RL,-1.72562055202678,0.0172320609440994,Pave,NONE,Lvl,CulDSac,Gtl,NWAmes,PosN,Norm,1Fam,2Story,5,7,1976,Plywood,Plywood,BrkFace,-0.320963882735355,CBlock,381,0,399,780,GasA,0.268289832918241,SBrkr,1.03473467863512,0.725822178567496,1,0,0.781365814350925,1.23259887250509,1.38565545042224,-0.207698474525451,1.62415319466707,0.623631660646747,Attchd,0.234950293971921,0.0523781530315144,2.80060398610123,0.718033994983517,-0.359600750132276,-0.103330530851366,-0.285935458023539,NONE,-0.0895919598967582,Normal,-2.23744784062252,1,3,2,4,3,3,3,3,3,7,5,1,2,3,2,1,0,1,-0.250997476711292,12.1934938633233,200902
1143,60,RL,0.574541658701392,-0.0257574457473877,Pave,NONE,Lvl,Inside,Gtl,CollgCr,Norm,Norm,1Fam,2Story,8,5,2006,VinylSd,VinylSd,Stone,1.33429547667668,PConc,1150,0,316,1466,GasA,0.268289832918241,SBrkr,2.39255539467058,2.62318903790269,1,0,2.59009445201179,-0.756321032880405,1.38565545042224,-0.207698474525451,2.89876085032863,0.623631660646747,BuiltIn,0.301674894323861,2.68812413764444,0.247343496372988,1.42847237578382,-0.359600750132276,-0.103330530851366,-0.285935458023539,NONE,-0.0895919598967582,Partial,0.44693779307133,1,2,3,4,3,3,3,3,3,7,6,1,2,3,3,4,0,2,1.66911912442754,12.9595385187621,200707
1144,20,RL,-1.72562055202678,-0.148131705208405,Pave,NONE,Lvl,Inside,Gtl,Sawyer,Norm,Norm,1Fam,1Story,5,3,1959,Wd Sdng,Plywood,None,-0.567015949674981,CBlock,288,0,718,1006,GasA,0.268289832918241,SBrkr,-0.785025043886639,-0.977855147210559,0,0,-1.02736282330994,-0.756321032880405,0.169927088600022,-0.207698474525451,-0.925062116656053,-0.924311211315714,NONE,-4.15997671587587,-2.19357441132175,-0.740760408320604,-0.347623576216934,-0.359600750132276,-0.103330530851366,-0.285935458023539,NONE,-0.0895919598967582,Normal,-2.23744784062252,1,2,2,2,2,3,0,0,0,7,6,1,2,3,3,1,0,0,-0.250997476711292,11.289781913656,200810
1145,190,RL,0.0667136381510165,0.255132693844482,Pave,NONE,Lvl,Inside,Gtl,Edwards,Norm,Norm,2fmCon,1.5Fin,4,4,1941,MetalSd,MetalSd,None,-0.567015949674981,BrkTil,348,0,324,672,Grav,-3.72731232161413,FuseA,-0.197102671994995,-1.13992189977877,1,0,-1.02736282330994,-0.756321032880405,-1.04580127322219,-0.207698474525451,-0.925062116656053,-0.924311211315714,Detchd,0.157104926894657,-0.894263010456227,-0.740760408320604,-0.702842766617084,-0.359600750132276,-0.103330530851366,-0.285935458023539,MnPrv,-0.0895919598967582,Normal,0.44693779307133,1,1,2,1,1,3,0,3,3,7,4,1,2,3,3,1,0,1,0.297607266471232,11.289781913656,201010
1146,50,RM,-0.172264253872689,-0.498134768537326,Pave,NONE,Lvl,Inside,Gtl,BrkSide,Norm,Norm,1Fam,1.5Fin,5,6,1928,MetalSd,MetalSd,None,-0.567015949674981,BrkTil,0,0,1042,1042,GasA,0.268289832918241,SBrkr,0.460810458455178,0.148706425519709,0,0,-1.02736282330994,-0.756321032880405,0.169927088600022,-0.207698474525451,0.98684936683629,0.623631660646747,Detchd,0.128190933408816,-1.1494848927691,-0.740760408320604,-0.702842766617084,-0.359600750132276,-0.103330530851366,-0.285935458023539,NONE,-0.0895919598967582,Family,0.44693779307133,1,2,2,4,2,3,4,3,3,7,1,1,2,3,3,1,0,1,-0.250997476711292,11.9117015849276,200611
1147,20,RL,-1.72562055202678,0.130856243821894,Pave,NONE,Lvl,Inside,Gtl,SawyerW,Norm,Norm,1Fam,1Story,6,5,1985,Wd Sdng,Wd Shng,BrkFace,-0.0916880930870667,CBlock,1258,0,40,1298,GasA,0.268289832918241,SBrkr,-0.785025043886639,-0.400739394162772,1,0,0.781365814350925,-0.756321032880405,0.169927088600022,-0.207698474525451,-0.925062116656053,0.623631660646747,Attchd,0.254967674077503,-0.323494073647442,0.563536745874937,-0.318021977016921,-0.359600750132276,-0.103330530851366,-0.285935458023539,NONE,-0.0895919598967582,Normal,-2.23744784062252,1,2,3,2,3,3,3,3,3,7,6,1,2,3,3,1,0,1,0.297607266471232,12.1007121298723,200608
1148,70,RL,0.514797185695465,0.232306407105639,Pave,NONE,Bnk,Inside,Gtl,Crawfor,Norm,Norm,1Fam,2Story,7,7,1941,MetalSd,MetalSd,None,-0.567015949674981,CBlock,275,0,429,704,GasA,0.268289832918241,SBrkr,0.857424756953509,0.12498933977802,0,0,-1.02736282330994,1.23259887250509,0.169927088600022,-0.207698474525451,0.349545539005509,0.623631660646747,Attchd,0.157104926894657,-1.10772131202699,-0.740760408320604,-0.702842766617084,-0.359600750132276,-0.103330530851366,-0.285935458023539,NONE,-0.0895919598967582,Normal,0.44693779307133,1,2,2,4,1,3,4,3,3,7,3,1,2,3,3,1,0,1,-0.250997476711292,12.0696800206246,200910
1149,50,RM,-1.72562055202678,-0.566613628753854,Pave,NONE,Lvl,Inside,Gtl,OldTown,Norm,Norm,1Fam,1.5Fin,7,7,1926,Wd Sdng,Wd Sdng,None,-0.567015949674981,PConc,0,0,572,572,GasA,0.268289832918241,SBrkr,0.472475584881599,-0.770330646970773,0,0,-1.02736282330994,-0.756321032880405,-1.04580127322219,-0.207698474525451,-0.925062116656053,0.623631660646747,Detchd,0.248295214042309,-0.857139827574354,-0.740760408320604,-0.702842766617084,2.38041360345037,-0.103330530851366,-0.285935458023539,NONE,-0.0895919598967582,Normal,-2.23744784062252,1,2,2,2,2,3,4,3,3,7,1,1,2,3,3,1,0,1,-0.250997476711292,11.6690741474602,200811
1150,70,RM,-0.232008726878616,-0.148131705208405,Pave,NONE,Lvl,Inside,Gtl,OldTown,Artery,Norm,1Fam,2Story,7,9,1920,VinylSd,VinylSd,None,-0.567015949674981,PConc,624,0,26,650,GasA,0.268289832918241,SBrkr,0.731441391548157,-0.0370774127901945,0,1,-1.02736282330994,-0.756321032880405,0.169927088600022,-0.207698474525451,0.349545539005509,-0.924311211315714,Detchd,0.132639240098946,-0.69008550460593,-0.740760408320604,-0.702842766617084,-0.359600750132276,-0.103330530851366,-0.285935458023539,NONE,-0.0895919598967582,Normal,0.44693779307133,1,3,2,4,2,3,0,3,3,7,5,1,2,3,3,1,0,1,-0.250997476711292,11.870599909242,200910
1151,20,RL,-0.0229030713578732,-0.239436852163776,Pave,NONE,Lvl,Inside,Gtl,NAmes,Norm,Norm,1Fam,1Story,6,5,1950,BrkFace,BrkFace,None,-0.567015949674981,CBlock,0,0,932,932,GasA,0.268289832918241,FuseA,-0.785025043886639,-1.12411050928431,0,0,-1.02736282330994,-0.756321032880405,-1.04580127322219,-0.207698474525451,-1.56236594448683,0.623631660646747,Attchd,0.177122307000239,-0.773612666090142,-0.740760408320604,-0.702842766617084,2.97200761161026,-0.103330530851366,-0.285935458023539,GdPrv,-0.0895919598967582,Normal,0.44693779307133,1,2,2,4,3,3,4,3,3,7,1,1,2,3,2,1,0,1,-0.250997476711292,11.7280368445872,200703
1152,20,RL,2.2772591393703,0.962113519228082,Pave,NONE,Lvl,Inside,Gtl,Edwards,Norm,Norm,1Fam,1Story,5,4,1959,HdBoard,Plywood,BrkFace,0.171140251143897,CBlock,176,0,1290,1466,GasA,0.268289832918241,SBrkr,-0.785025043886639,-0.0687001937791143,0,0,-1.02736282330994,1.23259887250509,0.169927088600022,-0.207698474525451,-0.287758288825272,2.17157453260921,Attchd,0.197139687105821,0.256555658881811,-0.740760408320604,1.36926917738379,-0.359600750132276,-0.103330530851366,1.49422408207523,NONE,-0.0895919598967582,Normal,0.44693779307133,1,2,2,2,1,3,4,3,3,7,4,1,2,3,3,1,0,3,-0.250997476711292,11.9177236840907,200603
1153,20,RL,0.962880733239914,0.500515276287041,Pave,NONE,Lvl,Inside,Gtl,Crawfor,Norm,Norm,1Fam,1Story,6,7,1956,Stone,Stone,None,-0.567015949674981,PConc,296,547,230,1073,GasA,0.268289832918241,SBrkr,-0.785025043886639,0.613166021294469,0,0,-1.02736282330994,-0.756321032880405,-1.04580127322219,-0.207698474525451,-0.287758288825272,0.623631660646747,Attchd,0.190467227070627,-0.012587417011762,-0.740760408320604,-0.702842766617084,3.99951299420375,-0.103330530851366,-0.285935458023539,NONE,-0.0895919598967582,Abnorml,0.44693779307133,1,2,2,4,4,3,4,3,3,7,5,6,2,3,2,1,0,3,-0.250997476711292,12.3458345879053,200610
1154,30,RM,-1.72562055202678,-0.542519214973965,Pave,NONE,Lvl,Corner,Gtl,IDOTRR,Norm,Norm,1Fam,1Story,6,8,1930,Wd Sdng,Wd Sdng,None,-0.567015949674981,BrkTil,538,0,278,816,GasA,0.268289832918241,SBrkr,-0.785025043886639,-1.35337567145398,0,0,-1.02736282330994,-0.756321032880405,-1.04580127322219,-0.207698474525451,-0.925062116656053,-0.924311211315714,Detchd,0.292778280943602,-0.188922535700655,-0.740760408320604,-0.702842766617084,1.13495253364007,-0.103330530851366,-0.285935458023539,NONE,-0.0895919598967582,Normal,-2.23744784062252,1,3,3,4,2,3,0,3,3,7,5,1,2,3,3,3,0,1,-0.250997476711292,11.6994050319128,200809
1155,60,RL,-1.72562055202678,0.447888004083598,Pave,NONE,Lvl,Inside,Gtl,NAmes,Norm,Norm,1Fam,2Story,7,6,1965,VinylSd,VinylSd,Stone,1.04350667029348,CBlock,454,0,410,864,GasA,0.268289832918241,SBrkr,1.35669216800435,0.630953835600737,0,0,-1.02736282330994,3.22151877789059,1.38565545042224,-0.207698474525451,0.98684936683629,2.17157453260921,Attchd,0.210484607176209,0.0895013359133866,-0.26647053406768,0.540424399783442,-0.359600750132276,-0.103330530851366,4.5739000864461,GdPrv,-0.0895919598967582,Normal,-2.23744784062252,1,2,2,2,3,3,4,3,3,7,5,1,2,3,2,4,0,1,-0.250997476711292,12.2150323869016,200808
1156,20,RL,0.962880733239914,0.0760731556486716,Pave,NONE,Lvl,Corner,Gtl,Veenker,Norm,Norm,1Fam,1Story,5,8,1976,Plywood,Plywood,None,-0.567015949674981,CBlock,1157,0,280,1437,GasA,0.268289832918241,SBrkr,-0.785025043886639,-0.126016484321531,1,0,0.781365814350925,-0.756321032880405,0.169927088600022,-0.207698474525451,-0.287758288825272,0.623631660646747,Attchd,0.234950293971921,0.256555658881811,-0.740760408320604,-0.392025975016952,-0.359600750132276,-0.103330530851366,2.91835171415425,NONE,-0.0895919598967582,Normal,0.44693779307133,1,3,3,2,3,3,2,3,3,7,5,1,2,3,2,4,0,2,0.297607266471232,12.2922503417712,200710
1157,80,RL,0.813519550725098,-0.103747258771767,Pave,NONE,Lvl,Inside,Gtl,NAmes,Norm,Norm,1Fam,SLvl,5,8,1965,BrkFace,BrkFace,None,-0.567015949674981,PConc,633,0,586,1219,GasA,0.268289832918241,SBrkr,-0.785025043886639,-0.465961379952419,0,1,0.781365814350925,-0.756321032880405,0.169927088600022,-0.207698474525451,-0.287758288825272,0.623631660646747,Attchd,0.210484607176209,0.135905314515727,-0.740760408320604,0.658830796583492,-0.359600750132276,3.70863559306824,-0.285935458023539,MnPrv,-0.0895919598967582,Normal,0.44693779307133,1,3,2,3,3,3,4,3,3,7,5,1,2,3,3,4,0,2,-0.250997476711292,12.1001564199386,200802
1158,120,RL,-0.709964510926028,-0.655255708923027,Pave,NONE,Lvl,Inside,Gtl,NridgHt,Norm,Norm,Twnhs,1Story,7,5,2007,VinylSd,VinylSd,Stone,0.361271393779063,PConc,904,0,410,1314,GasA,0.268289832918241,SBrkr,-0.785025043886639,-0.369116613173853,1,0,0.781365814350925,-0.756321032880405,-1.04580127322219,-0.207698474525451,-0.287758288825272,0.623631660646747,Attchd,0.30612320101399,0.711314649184746,0.618870564537778,0.214806808583304,-0.359600750132276,-0.103330530851366,-0.285935458023539,NONE,-0.0895919598967582,Normal,0.44693779307133,1,2,3,4,3,3,4,3,3,7,6,1,2,3,2,1,0,2,0.297607266471232,12.3458345879053,200910
1159,20,RL,1.02262520624584,0.223683143226521,Pave,NONE,Lvl,FR2,Gtl,Somerst,Feedr,Norm,1Fam,1Story,8,5,2007,VinylSd,VinylSd,Stone,0.473113242387984,PConc,0,0,1580,1580,GasA,0.268289832918241,SBrkr,-0.785025043886639,0.156612120766939,0,0,0.781365814350925,-0.756321032880405,0.169927088600022,-0.207698474525451,0.349545539005509,-0.924311211315714,Attchd,0.30612320101399,1.65795581267249,-0.740760408320604,-0.347623576216934,-0.359600750132276,-0.103330530851366,-0.285935458023539,NONE,-0.0895919598967582,Partial,0.44693779307133,1,2,3,4,3,3,0,3,3,7,1,1,2,3,3,1,0,2,0.297607266471232,12.3678853256926,200809
1160,60,RL,0.544669422198429,-0.132914180715844,Pave,NONE,Lvl,Inside,Gtl,NWAmes,Norm,Norm,1Fam,2Story,6,6,1974,HdBoard,HdBoard,BrkFace,0.942849006545452,CBlock,442,0,459,901,GasA,0.268289832918241,SBrkr,1.39168754728361,0.741633569061956,0,0,0.781365814350925,1.23259887250509,1.38565545042224,-0.207698474525451,0.98684936683629,0.623631660646747,Attchd,0.230501987281791,0.31224043320462,-0.740760408320604,0.318412405783348,-0.359600750132276,-0.103330530851366,-0.285935458023539,NONE,-0.0895919598967582,Normal,0.44693779307133,1,2,3,2,3,3,3,4,3,7,5,1,2,3,3,1,0,2,-0.250997476711292,12.1281111040605,200810
1161,160,RL,-1.00868687595566,-1.00031307679187,Pave,NONE,Lvl,Inside,Gtl,NPkVill,Norm,Norm,Twnhs,2Story,6,5,1978,Plywood,Brk Cmn,None,-0.567015949674981,CBlock,311,0,544,855,GasA,0.268289832918241,SBrkr,0.617123152569226,-0.0884644318971892,0,0,0.781365814350925,1.23259887250509,0.169927088600022,-0.207698474525451,0.349545539005509,0.623631660646747,Attchd,0.23939860066205,-0.151799352818783,-0.535234796144337,-0.702842766617084,-0.359600750132276,-0.103330530851366,-0.285935458023539,NONE,-0.0895919598967582,Normal,0.44693779307133,1,2,2,1,2,3,3,3,3,7,5,1,2,3,3,1,0,1,0.297607266471232,11.8913619006905,201010
1162,20,RL,-1.72562055202678,0.584592099108445,Pave,NONE,Low,CulDSac,Gtl,Crawfor,PosN,Norm,1Fam,1Story,6,7,1954,HdBoard,HdBoard,BrkFace,-0.164385294682865,CBlock,728,0,568,1296,GasA,0.268289832918241,SBrkr,-0.785025043886639,0.275197549475389,1,0,-1.02736282330994,-0.756321032880405,0.169927088600022,-0.207698474525451,0.349545539005509,0.623631660646747,Detchd,0.27276090083802,2.09415321153449,0.112961365334659,-0.702842766617084,-0.359600750132276,8.47359324796774,-0.285935458023539,NONE,-0.0895919598967582,Normal,-2.23744784062252,1,2,3,4,3,3,4,3,3,7,4,1,2,3,2,1,0,1,-0.250997476711292,12.3194013308372,200803
1163,20,RL,1.53045322679622,-0.183132011541297,Pave,NONE,Lvl,Inside,Gtl,Sawyer,Norm,Norm,1Fam,1Story,5,5,1968,VinylSd,VinylSd,None,-0.567015949674981,CBlock,492,0,402,894,GasA,0.268289832918241,SBrkr,-0.785025043886639,-1.199214614133,0,0,-1.02736282330994,-0.756321032880405,0.169927088600022,-0.207698474525451,-0.925062116656053,0.623631660646747,Attchd,0.217157067211403,-0.105395374216442,-0.740760408320604,-0.702842766617084,-0.359600750132276,-0.103330530851366,-0.285935458023539,NONE,-0.0895919598967582,Normal,0.44693779307133,1,2,2,3,2,3,1,3,3,7,4,1,2,3,3,1,0,3,0.297607266471232,11.7675676833438,200708
1164,90,RL,0.0667136381510165,0.346437840799853,Pave,NONE,Lvl,Inside,Gtl,Sawyer,Feedr,Norm,Duplex,SFoyer,4,4,1969,Plywood,Plywood,None,-0.567015949674981,CBlock,1198,0,0,1198,GasA,0.268289832918241,SBrkr,-0.785025043886639,-0.479796346635072,2,0,-2.8360914609708,3.22151877789059,-3.47725799686663,4.45593111885755,-0.287758288825272,-0.924311211315714,CarPort,0.219381220556468,-0.337415267228144,0.207819340185244,-0.702842766617084,-0.359600750132276,-0.103330530851366,-0.285935458023539,NONE,-0.0895919598967582,Alloca,0.44693779307133,1,2,2,2,2,3,0,2,3,7,6,1,2,3,3,3,0,1,0.297607266471232,11.5987269436613,200801
1165,80,RL,-1.72562055202678,0.7594668180688,Pave,NONE,Lvl,FR2,Gtl,Veenker,Feedr,Norm,1Fam,SLvl,5,7,1978,Plywood,Plywood,None,-0.567015949674981,PConc,680,391,289,1360,GasA,0.268289832918241,SBrkr,-0.785025043886639,-0.135898603380569,1,0,-1.02736282330994,1.23259887250509,-1.04580127322219,-0.207698474525451,-0.925062116656053,0.623631660646747,Attchd,0.23939860066205,0.534979530495853,0.587251239587583,1.96130116138404,-0.359600750132276,-0.103330530851366,-0.285935458023539,NONE,-0.0895919598967582,Normal,-2.23744784062252,1,2,2,4,3,3,3,3,3,7,5,3,2,3,2,4,0,1,0.297607266471232,12.1756134380455,200709
1166,20,RL,0.634286131707318,-0.0795260322877726,Pave,NONE,Lvl,Inside,Gtl,NridgHt,Norm,Norm,1Fam,1Story,7,5,2009,VinylSd,VinylSd,Stone,0.93166482168456,PConc,0,0,1502,1502,GasA,0.268289832918241,SBrkr,-0.785025043886639,0.0024510634459553,0,0,0.781365814350925,-0.756321032880405,0.169927088600022,-0.207698474525451,0.349545539005509,-0.924311211315714,Attchd,0.308347354359055,0.794841810668958,-0.740760408320604,0.98444838778363,-0.359600750132276,-0.103330530851366,-0.285935458023539,NONE,-0.0895919598967582,Partial,0.44693779307133,1,2,3,4,3,3,0,3,3,7,1,1,2,3,2,1,0,2,0.297607266471232,12.359523080243,200912
1167,20,RL,0.18620258416287,0.0389170333459999,Pave,NONE,Lvl,Corner,Gtl,CollgCr,Norm,Norm,1Fam,1Story,8,5,2008,VinylSd,VinylSd,Stone,-0.164385294682865,PConc,0,0,1694,1694,GasA,0.268289832918241,SBrkr,-0.785025043886639,0.381924435312993,0,0,0.781365814350925,-0.756321032880405,0.169927088600022,-0.207698474525451,0.349545539005509,-0.924311211315714,Attchd,0.30612320101399,1.40737432821985,0.524012589687193,-0.214416379816877,-0.359600750132276,-0.103330530851366,-0.285935458023539,NONE,-0.0895919598967582,Normal,0.44693779307133,1,2,3,4,3,3,0,3,3,7,1,1,2,3,2,3,0,2,0.297607266471232,12.4104410415181,201005
1168,60,RL,0.00696916514509001,0.0867254227934649,Pave,NONE,Lvl,Inside,Gtl,Gilbert,RRAn,Norm,1Fam,2Story,6,5,2000,VinylSd,VinylSd,None,-0.567015949674981,PConc,786,0,173,959,GasA,0.268289832918241,SBrkr,0.876088959235783,0.336466687641421,1,0,0.781365814350925,1.23259887250509,0.169927088600022,-0.207698474525451,0.349545539005509,0.623631660646747,Attchd,0.288329974253473,-0.00330662129129393,-0.740760408320604,-0.140412381816846,-0.359600750132276,-0.103330530851366,-0.285935458023539,NONE,-0.0895919598967582,Normal,0.44693779307133,1,2,2,4,2,3,3,3,3,7,6,1,2,3,2,1,0,3,0.297607266471232,12.0610468734799,200605
1169,70,RL,1.85904782832881,0.451438759798529,Pave,NONE,Lvl,Corner,Gtl,Edwards,Norm,Norm,1Fam,2Story,6,7,1935,Stucco,Stucco,None,-0.567015949674981,CBlock,626,0,501,1127,GasA,0.268289832918241,SBrkr,1.24937300488127,1.20016389340129,0,0,0.781365814350925,-0.756321032880405,1.38565545042224,-0.207698474525451,0.349545539005509,2.17157453260921,Basment,0.143760006824269,0.31224043320462,-0.740760408320604,-0.702842766617084,-0.359600750132276,-0.103330530851366,1.31620812806535,NONE,-0.0895919598967582,Normal,0.44693779307133,1,2,2,4,3,3,3,3,3,7,3,1,2,3,3,1,0,1,-0.250997476711292,12.3673407931263,200810
1170,60,RL,1.79930335532289,3.24537625663287,Pave,NONE,Lvl,CulDSac,Gtl,NoRidge,Norm,Norm,1Fam,2Story,10,5,1995,HdBoard,HdBoard,BrkFace,7.13888741947967,PConc,1387,0,543,1930,GasA,0.268289832918241,SBrkr,3.40508836848397,4.20235166353687,1,0,2.59009445201179,1.23259887250509,1.38565545042224,-0.207698474525451,2.26145702249785,0.623631660646747,Attchd,0.277209207528149,1.5512266618871,2.11288366843449,0.422018002983392,-0.359600750132276,-0.103330530851366,-0.285935458023539,NONE,-0.0895919598967582,Normal,0.44693779307133,1,3,3,4,3,3,3,3,3,7,6,1,2,3,2,4,0,3,1.66911912442754,13.3455069287185,200610
1171,80,RL,0.544669422198429,-0.0365365255962856,Pave,NONE,Lvl,Inside,Gtl,Mitchel,Norm,Norm,1Fam,SLvl,6,6,1977,Plywood,Plywood,None,-0.567015949674981,CBlock,522,0,574,1096,GasA,0.268289832918241,SBrkr,-0.785025043886639,-0.75649568028812,1,0,-1.02736282330994,-0.756321032880405,0.169927088600022,-0.207698474525451,-0.287758288825272,0.623631660646747,Attchd,0.237174447316985,-0.532311977357973,0.863920332901789,-0.702842766617084,-0.359600750132276,-0.103330530851366,-0.285935458023539,GdPrv,-0.0895919598967582,Normal,0.44693779307133,1,2,2,2,2,3,1,3,3,7,5,1,2,3,3,3,3,3,-0.250997476711292,12.0494188354848,200810
1172,20,RL,0.544669422198429,-0.132914180715844,Pave,NONE,Lvl,Inside,Gtl,NAmes,Norm,Norm,1Fam,1Story,6,6,1958,MetalSd,MetalSd,None,-0.567015949674981,CBlock,662,0,599,1261,GasA,0.268289832918241,SBrkr,-0.785025043886639,-0.473867075199649,1,0,-1.02736282330994,-0.756321032880405,0.169927088600022,-0.207698474525451,-0.287758288825272,0.623631660646747,Attchd,0.194915533760756,-0.184282137840421,-0.740760408320604,-0.702842766617084,-0.359600750132276,-0.103330530851366,4.84092401746092,NONE,2.37821631393593,Normal,0.44693779307133,1,2,2,4,2,3,3,3,3,7,5,1,2,3,3,1,0,2,-0.250997476711292,12.0015054797889,200803
1173,160,FV,-0.680092274423065,-0.780039409762033,Pave,Pave,Lvl,Inside,Gtl,Somerst,Norm,Norm,TwnhsE,2Story,7,5,2006,MetalSd,MetalSd,None,-0.567015949674981,PConc,0,0,625,625,GasA,0.268289832918241,SBrkr,0.673115759416049,-0.495607737129532,0,0,0.781365814350925,1.23259887250509,-1.04580127322219,-0.207698474525451,-0.925062116656053,-0.924311211315714,Detchd,0.301674894323861,0.706674251324512,-0.740760408320604,0.0964004117832542,-0.359600750132276,-0.103330530851366,-0.285935458023539,NONE,-0.0895919598967582,Normal,0.44693779307133,1,2,3,4,3,3,0,3,3,7,1,1,2,3,2,1,0,3,0.297607266471232,12.0546681913709,200806
1174,50,RL,2.39674808538215,0.996987012856869,Pave,NONE,Bnk,Inside,Gtl,ClearCr,Norm,Norm,1Fam,1.5Fin,5,6,1946,MetalSd,MetalSd,None,-0.567015949674981,CBlock,152,469,977,1598,GasA,0.268289832918241,SBrkr,1.48034250812442,3.13310638134902,0,0,2.59009445201179,-0.756321032880405,0.169927088600022,-0.207698474525451,3.53606467815941,0.623631660646747,NONE,-4.15997671587587,-2.19357441132175,0.223629002660341,-0.702842766617084,-0.359600750132276,-0.103330530851366,-0.285935458023539,MnPrv,-0.0895919598967582,Normal,0.44693779307133,1,2,2,2,4,3,4,0,0,3,3,4,2,3,2,1,0,0,-0.250997476711292,12.2085695257288,200706
1175,70,RL,0.664158368210282,0.810572337822987,Pave,NONE,Lvl,Inside,Gtl,Crawfor,Norm,Norm,1Fam,2Story,6,8,1932,Wd Sdng,Wd Sdng,None,-0.567015949674981,BrkTil,503,0,449,952,GasA,0.268289832918241,SBrkr,1.95627966632241,1.66857633679967,0,0,0.781365814350925,1.23259887250509,1.38565545042224,-0.207698474525451,1.62415319466707,0.623631660646747,Detchd,0.137087546789075,-0.523031181637505,-0.740760408320604,-0.702842766617084,-0.359600750132276,-0.103330530851366,-0.285935458023539,NONE,-0.0895919598967582,Normal,0.44693779307133,1,2,2,2,2,3,4,3,3,7,3,1,2,3,2,1,0,1,0.297607266471232,12.3842188309136,200610
1176,50,RL,0.813519550725098,0.0646600122792503,Pave,NONE,Lvl,Inside,Gtl,NoRidge,Norm,Norm,1Fam,1.5Fin,8,5,1992,HdBoard,HdBoard,BrkFace,1.31751919938534,PConc,700,0,983,1683,GasA,0.268289832918241,SBrkr,0.948412743079597,2.71015168562221,0,0,0.781365814350925,1.23259887250509,1.38565545042224,-0.207698474525451,1.62415319466707,0.623631660646747,Attchd,0.270536747492955,0.316880831064854,-0.740760408320604,-0.214416379816877,-0.359600750132276,-0.103330530851366,-0.285935458023539,NONE,-0.0895919598967582,Normal,0.44693779307133,1,2,3,4,3,3,3,3,3,7,6,1,2,3,3,1,0,3,0.297607266471232,12.5602444592508,200707
1177,20,RL,-0.620347801417138,-0.407970935918898,Pave,NONE,Lvl,CulDSac,Gtl,Mitchel,Norm,Norm,1Fam,1Story,5,5,1984,HdBoard,Plywood,None,-0.567015949674981,CBlock,658,0,218,876,GasA,0.268289832918241,SBrkr,-0.785025043886639,-1.14189832359058,1,0,-1.02736282330994,-0.756321032880405,0.169927088600022,-0.207698474525451,-0.925062116656053,-0.924311211315714,Attchd,0.252743520732438,-0.968509376219971,2.12078849967204,-0.702842766617084,-0.359600750132276,-0.103330530851366,-0.285935458023539,MnPrv,-0.0895919598967582,Normal,0.44693779307133,1,2,2,2,2,3,0,3,3,7,5,1,2,3,2,1,0,1,-0.250997476711292,11.6910716503537,200802
1178,50,RM,-1.72562055202678,-0.788535860937047,Pave,Grvl,Bnk,Inside,Gtl,OldTown,Artery,Norm,1Fam,1.5Fin,6,8,1926,MetalSd,MetalSd,None,-0.567015949674981,CBlock,468,0,350,818,GasA,0.268289832918241,SBrkr,0.162183221938787,-0.546994756236526,0,0,-1.02736282330994,-0.756321032880405,0.169927088600022,-0.207698474525451,-0.925062116656053,-0.924311211315714,Detchd,0.123742626718687,-1.21909086067261,-0.740760408320604,-0.702842766617084,1.44631780109265,-0.103330530851366,-0.285935458023539,NONE,-0.0895919598967582,Normal,-2.23744784062252,1,2,2,2,2,3,0,3,3,7,3,1,0,3,3,1,0,1,-0.250997476711292,11.6526874073454,200904
1179,50,RL,-0.112519780866763,-0.31539766192248,Pave,NONE,Lvl,FR2,Gtl,Crawfor,Norm,Norm,1Fam,1.5Fin,5,6,1921,Wd Sdng,Wd Sdng,None,-0.567015949674981,BrkTil,0,0,731,731,GasA,0.268289832918241,SBrkr,0.43514718031705,-0.311800322631435,0,0,-1.02736282330994,1.23259887250509,0.169927088600022,-0.207698474525451,0.349545539005509,0.623631660646747,Detchd,0.112621859993364,-1.33046040931823,0.776967189288753,-0.702842766617084,1.22836211387585,-0.103330530851366,-0.285935458023539,NONE,-0.0895919598967582,Normal,0.44693779307133,1,2,2,4,2,3,4,2,3,7,1,1,2,3,2,1,0,1,-0.250997476711292,11.950535026405,200910
1180,20,RL,0.574541658701392,-0.232462153438019,Pave,NONE,Lvl,Corner,Gtl,Edwards,Norm,Norm,1Fam,1Story,5,5,1954,Wd Sdng,Wd Sdng,None,-0.567015949674981,Slab,0,0,0,0,GasA,0.268289832918241,SBrkr,-0.785025043886639,-0.744637137417275,0,0,-1.02736282330994,-0.756321032880405,0.169927088600022,-0.207698474525451,-0.925062116656053,0.623631660646747,NONE,-4.15997671587587,-2.19357441132175,-0.740760408320604,-0.170013981016859,2.59836929066717,-0.103330530851366,-0.285935458023539,NONE,-0.0895919598967582,Normal,0.44693779307133,0,2,2,3,2,0,4,0,0,5,0,0,0,3,3,0,0,0,-4.91413779376274,11.4403547721354,200607
1181,60,RL,-1.72562055202678,0.127051862698754,Pave,NONE,Lvl,Corner,Gtl,Timber,Norm,Norm,1Fam,2Story,7,5,1990,MetalSd,MetalSd,None,-0.567015949674981,Wood,1216,0,0,1216,GasA,0.268289832918241,SBrkr,2.05193370301907,2.00259196099513,0,0,0.781365814350925,1.23259887250509,1.38565545042224,-0.207698474525451,0.98684936683629,-0.924311211315714,Attchd,0.266088440802826,1.02222130582043,-0.740760408320604,-0.702842766617084,-0.359600750132276,-0.103330530851366,-0.285935458023539,GdPrv,-0.0895919598967582,Normal,-2.23744784062252,1,2,2,4,2,3,0,3,3,7,2,1,2,3,1,1,0,3,0.297607266471232,12.4292161968444,200607
1182,120,RM,0.18620258416287,-0.580943464317683,Pave,NONE,HLS,Inside,Mod,Crawfor,Norm,Norm,TwnhsE,1Story,8,5,2008,CemntBd,CmentBd,Stone,0.473113242387984,PConc,1480,0,120,1600,GasA,0.268289832918241,SBrkr,-0.785025043886639,0.298914635217079,1,1,0.781365814350925,-0.756321032880405,-1.04580127322219,-0.207698474525451,-0.925062116656053,0.623631660646747,Attchd,0.30612320101399,0.0430973573110463,0.539822252162291,0.0815996121832479,-0.359600750132276,5.9719904791455,-0.285935458023539,NONE,-0.0895919598967582,Partial,0.44693779307133,1,2,4,4,3,3,4,3,3,7,6,1,2,3,2,4,0,3,1.66911912442754,12.8802918162046,200803
1183,60,RL,3.05393728844734,0.6917488340769,Pave,NONE,Lvl,Corner,Gtl,NoRidge,Norm,Norm,1Fam,2Story,10,5,1996,Wd Sdng,ImStucc,None,-0.567015949674981,PConc,2096,0,300,2396,GasA,0.268289832918241,SBrkr,4.03267217022544,5.88033547976143,1,0,2.59009445201179,1.23259887250509,1.38565545042224,-0.207698474525451,2.26145702249785,2.17157453260921,Attchd,0.279433360873214,1.57906904904851,0.610965733300229,0.451619602183404,-0.359600750132276,-0.103330530851366,-0.285935458023539,MnPrv,-0.0895919598967582,Abnorml,0.44693779307133,1,2,3,4,4,3,3,3,3,7,6,1,2,3,2,3,4,3,1.66911912442754,13.5211394973617,200710
1184,30,RL,0.0667136381510165,0.0801311621800214,Pave,Grvl,Lvl,Inside,Gtl,OldTown,Norm,Norm,1Fam,1Story,5,6,1920,Stucco,Stucco,None,-0.567015949674981,BrkTil,821,0,299,1120,GasA,0.268289832918241,SBrkr,-0.785025043886639,-0.73277859454643,1,0,-1.02736282330994,-0.756321032880405,-1.04580127322219,-0.207698474525451,-0.925062116656053,0.623631660646747,Detchd,0.221605373901533,1.14751204804674,1.06944594507806,-0.702842766617084,-0.359600750132276,-0.103330530851366,-0.285935458023539,NONE,-0.0895919598967582,Normal,0.44693779307133,1,2,2,4,2,3,4,3,3,7,3,1,2,3,3,1,0,1,-0.250997476711292,11.6952470217642,200609
1185,20,RL,-0.232008726878616,3.16586469115924,Grvl,NONE,Lvl,Inside,Mod,Timber,Norm,Norm,1Fam,1Story,5,4,1963,MetalSd,MetalSd,BrkFace,0.696796939605826,CBlock,1159,0,413,1572,GasA,0.268289832918241,SBrkr,-0.785025043886639,0.14080073027248,1,0,-1.02736282330994,1.23259887250509,0.169927088600022,-0.207698474525451,-0.925062116656053,2.17157453260921,2Types,0.20603630048608,2.4236214596111,-0.740760408320604,3.18976752818456,-0.359600750132276,-0.103330530851366,4.39588413243623,NONE,-0.0895919598967582,Normal,0.44693779307133,1,2,2,3,2,3,3,3,3,7,3,1,2,3,3,4,0,2,-0.250997476711292,12.1372583295298,200708
1186,50,RL,0.0667136381510165,-0.0545439295791504,Pave,NONE,Lvl,Inside,Gtl,Edwards,Norm,Norm,1Fam,1.5Fin,5,7,1924,AsbShng,AsbShng,None,-0.567015949674981,BrkTil,392,0,392,784,GasA,0.268289832918241,SBrkr,-0.150442166289309,-0.552924027671949,1,0,-1.02736282330994,-0.756321032880405,1.38565545042224,-0.207698474525451,0.349545539005509,-0.924311211315714,Attchd,0.210484607176209,-0.374538450110016,-0.740760408320604,-0.702842766617084,3.31450940580809,-0.103330530851366,-0.285935458023539,NONE,-0.0895919598967582,Normal,0.44693779307133,1,3,2,3,2,3,0,3,3,7,4,1,2,3,3,1,0,1,-0.250997476711292,11.5607627943844,200606
1187,190,RL,1.47070875379029,0.0566708119206553,Pave,NONE,Bnk,Corner,Mod,OldTown,Artery,Artery,2fmCon,2Story,3,5,1900,HdBoard,HdBoard,None,-0.567015949674981,CBlock,440,0,538,978,GasA,0.268289832918241,SBrkr,0.813097276533107,0.39180655437203,1,0,0.781365814350925,-0.756321032880405,0.169927088600022,4.45593111885755,0.349545539005509,-0.924311211315714,CarPort,0.110397706648299,-0.244607310023463,-0.740760408320604,0.392416403783379,-0.359600750132276,-0.103330530851366,-0.285935458023539,NONE,-0.0895919598967582,Abnorml,0.44693779307133,1,2,2,2,2,3,0,2,2,7,4,1,2,3,2,2,0,1,-0.799602219893816,11.4616321705827,200911
1188,20,RL,0.933008496736951,0.290767063697897,Pave,NONE,Lvl,Corner,Gtl,NoRidge,Norm,Norm,1Fam,1Story,8,5,1994,ImStucc,ImStucc,None,-0.567015949674981,PConc,1456,0,168,1624,GasA,0.268289832918241,SBrkr,-0.785025043886639,0.243574768486469,1,0,0.781365814350925,-0.756321032880405,-1.04580127322219,-0.207698474525451,-0.925062116656053,0.623631660646747,Attchd,0.274985054183085,1.3192067688754,-0.740760408320604,0.98444838778363,2.62950581741242,-0.103330530851366,-0.285935458023539,GdPrv,-0.0895919598967582,Normal,0.44693779307133,1,2,3,4,3,3,2,3,3,7,6,1,2,3,3,1,0,2,0.297607266471232,12.4760997827432,200610
1189,60,RL,0.305691530174723,-0.15637453097521,Pave,NONE,Lvl,Inside,Gtl,CollgCr,Norm,Norm,1Fam,2Story,7,5,2002,VinylSd,VinylSd,BrkFace,-0.0357671687826062,PConc,0,0,831,831,GasA,0.268289832918241,SBrkr,1.14905291761405,0.314726025711538,0,0,0.781365814350925,1.23259887250509,0.169927088600022,-0.207698474525451,0.349545539005509,-0.924311211315714,Attchd,0.292778280943602,0.0941417337736206,0.397535289886414,0.303611606183342,-0.359600750132276,-0.103330530851366,-0.285935458023539,NONE,-0.0895919598967582,Normal,0.44693779307133,1,2,3,4,3,3,0,3,3,7,1,1,2,3,2,1,0,2,0.297607266471232,12.1807548375459,200910
1190,60,RL,0.0667136381510165,-0.338350761365428,Pave,NONE,Lvl,Inside,Gtl,Gilbert,Norm,Norm,1Fam,2Story,7,5,1999,VinylSd,VinylSd,None,-0.567015949674981,PConc,0,0,994,994,GasA,0.268289832918241,SBrkr,1.02540257749398,0.599331054611817,0,0,0.781365814350925,1.23259887250509,0.169927088600022,-0.207698474525451,0.349545539005509,0.623631660646747,Attchd,0.286105820908408,-0.142518557098315,0.365915964936219,0.185205209383292,-0.359600750132276,-0.103330530851366,-0.285935458023539,NONE,-0.0895919598967582,Normal,0.44693779307133,1,2,2,3,3,3,3,3,3,7,1,1,2,3,3,1,0,3,-0.250997476711292,12.1495022940418,201009
1191,190,RL,-1.72562055202678,2.82727477119974,Pave,NONE,Low,Inside,Mod,Mitchel,Norm,Norm,2fmCon,1Story,4,4,1961,MetalSd,MetalSd,Stone,0.26620582246148,CBlock,1159,0,90,1249,GasA,0.268289832918241,SBrkr,-0.785025043886639,0.239621920862854,1,0,-1.02736282330994,-0.756321032880405,0.169927088600022,-0.207698474525451,0.349545539005509,0.623631660646747,2Types,0.232726140626856,4.09880508715558,2.72946050496329,-0.702842766617084,-0.359600750132276,-0.103330530851366,-0.285935458023539,NONE,-0.0895919598967582,Normal,-2.23744784062252,1,3,2,4,2,3,3,3,3,7,4,1,2,3,3,3,0,3,-0.250997476711292,12.0317192583854,200706
1192,160,FV,-1.00868687595566,-0.954026439793657,Pave,Pave,Lvl,Inside,Gtl,Somerst,Norm,Norm,Twnhs,2Story,8,5,1999,MetalSd,MetalSd,BrkFace,1.98297819860842,PConc,0,0,776,776,GasA,0.268289832918241,SBrkr,0.794433074250833,-0.118110789074301,0,0,0.781365814350925,1.23259887250509,-1.04580127322219,-0.207698474525451,-0.925062116656053,-0.924311211315714,Detchd,0.286105820908408,0.0895013359133866,0.887634826614435,-0.702842766617084,-0.359600750132276,-0.103330530851366,-0.285935458023539,NONE,-0.0895919598967582,Normal,0.44693779307133,1,2,3,4,3,3,0,3,3,7,1,1,2,3,3,1,0,1,0.297607266471232,12.0668105781967,200703
1193,50,RM,0.0667136381510165,-0.0720440827455964,Pave,Grvl,Lvl,Inside,Gtl,OldTown,Norm,Norm,1Fam,1.5Fin,5,8,1925,VinylSd,VinylSd,None,-0.567015949674981,PConc,0,0,702,702,GasA,0.268289832918241,SBrkr,0.684780885842471,-0.0568416509082693,0,0,-1.02736282330994,-0.756321032880405,0.169927088600022,-0.207698474525451,-0.287758288825272,-0.924311211315714,Detchd,0.121518473373622,-1.03347494626325,-0.740760408320604,-0.702842766617084,0.948133373168531,-0.103330530851366,-0.285935458023539,GdWo,-0.0895919598967582,Normal,0.44693779307133,1,2,2,3,3,3,0,3,2,7,1,1,1,3,3,2,0,1,-0.250997476711292,11.7360690162844,200710
1194,120,RM,-1.72562055202678,-0.718788873679472,Pave,NONE,Lvl,FR2,Gtl,Mitchel,Norm,Norm,TwnhsE,1Story,6,5,1999,VinylSd,VinylSd,BrkFace,1.80962333326459,PConc,883,0,341,1224,GasA,0.268289832918241,SBrkr,-0.785025043886639,-0.546994756236526,1,0,0.781365814350925,-0.756321032880405,-1.04580127322219,-0.207698474525451,-0.925062116656053,-0.924311211315714,Attchd,0.286105820908408,-0.328134471507676,-0.740760408320604,3.79660031178482,-0.359600750132276,-0.103330530851366,-0.285935458023539,NONE,-0.0895919598967582,Normal,-2.23744784062252,1,2,2,4,2,3,0,3,3,7,6,1,2,3,3,1,0,3,1.66911912442754,12.0137007528827,200909
1195,60,RL,0.664158368210282,-0.101971880914301,Pave,NONE,Lvl,Corner,Gtl,Sawyer,Norm,Norm,1Fam,2Story,6,7,1969,HdBoard,HdBoard,Stone,0.232653267878804,CBlock,371,0,292,663,GasA,0.268289832918241,SBrkr,0.822429377674244,-0.294012508325168,0,0,-1.02736282330994,1.23259887250509,1.38565545042224,-0.207698474525451,0.349545539005509,-0.924311211315714,Attchd,0.219381220556468,-0.80609545111178,2.25517063071037,-0.170013981016859,-0.359600750132276,-0.103330530851366,-0.285935458023539,MnPrv,-0.0895919598967582,Normal,0.44693779307133,1,2,2,2,2,3,0,3,3,7,5,1,2,3,3,1,0,3,-0.250997476711292,11.9703503120091,201006
1196,60,RL,-0.202136490375653,-0.271266840894051,Pave,NONE,Lvl,Inside,Gtl,Gilbert,Norm,Norm,1Fam,2Story,6,5,2005,VinylSd,VinylSd,None,-0.567015949674981,PConc,0,0,728,728,GasA,0.268289832918241,SBrkr,0.913417363800332,-0.0884644318971892,0,0,0.781365814350925,1.23259887250509,0.169927088600022,-0.207698474525451,0.98684936683629,-0.924311211315714,Attchd,0.299450740978796,-0.337415267228144,0.0497227154342694,-0.347623576216934,-0.359600750132276,-0.103330530851366,-0.285935458023539,NONE,-0.0895919598967582,Normal,0.44693779307133,1,2,2,4,3,3,0,3,3,7,1,1,2,3,2,1,0,3,0.297607266471232,12.0782392740203,200810
1197,60,RL,0.00696916514509001,0.492779701336655,Pave,NONE,Lvl,Inside,Gtl,Gilbert,Norm,Norm,1Fam,2Story,7,5,2006,VinylSd,VinylSd,None,-0.567015949674981,PConc,0,0,879,879,GasA,0.268289832918241,SBrkr,1.51067183683311,0.715940059508459,0,0,0.781365814350925,1.23259887250509,1.38565545042224,-0.207698474525451,1.62415319466707,0.623631660646747,BuiltIn,0.301674894323861,0.869088176432703,0.0497227154342694,-0.451229173416977,-0.359600750132276,-0.103330530851366,-0.285935458023539,NONE,-0.0895919598967582,Partial,0.44693779307133,1,2,3,4,3,3,4,3,3,7,1,1,2,3,2,3,0,3,0.297607266471232,12.2977854534534,200603
1198,75,RM,0.216074820665833,-0.167153610824108,Pave,NONE,Bnk,Corner,Gtl,OldTown,Norm,Norm,1Fam,2.5Unf,7,6,1916,MetalSd,MetalSd,None,-0.567015949674981,BrkTil,0,0,815,815,GasA,0.268289832918241,SBrkr,1.25637208073712,0.374018740065763,0,0,-1.02736282330994,-0.756321032880405,0.169927088600022,-0.207698474525451,0.349545539005509,0.623631660646747,Detchd,0.10150109326804,-1.1494848927691,-0.740760408320604,-0.702842766617084,4.77792616283518,-0.103330530851366,-0.285935458023539,NONE,-0.0895919598967582,Normal,0.44693779307133,1,2,2,4,2,3,4,3,3,7,1,1,2,3,2,1,0,1,-0.250997476711292,11.8775685785581,200610
1199,20,RL,0.365436003180649,-0.135450434797937,Pave,NONE,Lvl,Inside,Gtl,CollgCr,Norm,Norm,1Fam,1Story,7,5,2001,VinylSd,VinylSd,None,-0.567015949674981,PConc,0,0,1212,1212,GasA,0.268289832918241,SBrkr,-0.785025043886639,-0.570711841978216,0,0,0.781365814350925,-0.756321032880405,0.169927088600022,-0.207698474525451,-0.287758288825272,-0.924311211315714,Attchd,0.290554127598537,0.465373562592343,2.07335951224675,-0.702842766617084,-0.359600750132276,-0.103330530851366,-0.285935458023539,NONE,-0.0895919598967582,Normal,0.44693779307133,1,2,3,4,3,3,0,3,3,7,1,1,2,3,3,1,0,2,0.297607266471232,12.0895388292742,200909
1200,20,RL,0.514797185695465,0.135294688465558,Pave,NONE,Lvl,Inside,Gtl,Sawyer,Norm,Norm,1Fam,1Story,4,5,1963,HdBoard,HdBoard,BrkFace,-0.281819235722232,CBlock,547,0,504,1051,GasA,0.268289832918241,SBrkr,-0.785025043886639,-0.234719793970943,0,0,-1.02736282330994,1.23259887250509,0.169927088600022,-0.207698474525451,-0.287758288825272,0.623631660646747,Attchd,0.230501987281791,-0.0636317934743363,-0.740760408320604,0.51082280058343,-0.359600750132276,-0.103330530851366,-0.285935458023539,NONE,-0.0895919598967582,Normal,0.44693779307133,1,2,2,3,2,3,1,3,3,7,3,1,2,3,3,1,0,1,-0.250997476711292,11.9049675527463,200602
1201,20,RL,0.395308239683612,-0.103366820659453,Pave,NONE,Lvl,Inside,Gtl,NAmes,Norm,Norm,1Fam,1Story,4,5,1970,MetalSd,MetalSd,None,-0.567015949674981,CBlock,0,0,864,864,GasA,0.268289832918241,SBrkr,-0.785025043886639,-1.25850732848722,0,0,-1.02736282330994,-0.756321032880405,0.169927088600022,-0.207698474525451,-0.925062116656053,-0.924311211315714,Attchd,0.226053680591662,-0.894263010456227,-0.740760408320604,-0.702842766617084,-0.359600750132276,-0.103330530851366,-0.285935458023539,NONE,-0.0895919598967582,Abnorml,0.44693779307133,1,2,2,3,2,3,0,3,3,7,1,1,2,3,3,1,0,1,-0.250997476711292,11.6617764117026,200610
1202,60,RL,0.664158368210282,0.0294060805381488,Pave,NONE,Lvl,Corner,Gtl,CollgCr,Norm,Norm,1Fam,2Story,7,5,1998,VinylSd,VinylSd,None,-0.567015949674981,PConc,0,0,866,866,GasA,0.268289832918241,SBrkr,1.34502704157793,0.54992045931663,0,0,0.781365814350925,1.23259887250509,0.169927088600022,-0.207698474525451,-0.287758288825272,-0.924311211315714,Attchd,0.283881667563343,0.340082820366024,0.824396176714045,-0.170013981016859,-0.359600750132276,-0.103330530851366,-0.285935458023539,NONE,-0.0895919598967582,Normal,0.44693779307133,1,2,2,4,3,3,0,3,3,7,1,1,2,3,3,3,0,2,0.297607266471232,12.1955171315907,200906
1203,50,RM,-0.232008726878616,-0.52856981752245,Pave,NONE,Lvl,Corner,Gtl,BrkSide,Norm,Norm,1Fam,1.5Fin,5,8,1925,Wd Sdng,Wd Sdng,None,-0.567015949674981,BrkTil,0,0,884,884,GasA,0.268289832918241,SBrkr,0.297498688485277,-0.301918203572398,1,0,-1.02736282330994,-0.756321032880405,0.169927088600022,-0.207698474525451,-0.925062116656053,0.623631660646747,Detchd,0.199363840450886,-1.1912484735112,-0.740760408320604,-0.702842766617084,2.87859803137448,-0.103330530851366,-0.285935458023539,NONE,-0.0895919598967582,Normal,0.44693779307133,1,2,2,4,2,3,2,3,3,7,1,1,0,3,3,1,0,1,-0.250997476711292,11.6699292137799,200908
1204,20,RL,0.514797185695465,-0.0530221771298942,Pave,NONE,Lvl,Inside,Gtl,CollgCr,Norm,Norm,1Fam,1Story,7,5,2000,VinylSd,VinylSd,BrkFace,0.389231855931293,PConc,0,0,1630,1630,GasA,0.268289832918241,SBrkr,-0.785025043886639,0.255433311357314,0,0,0.781365814350925,-0.756321032880405,0.169927088600022,-0.207698474525451,-0.287758288825272,0.623631660646747,Attchd,0.288329974253473,-0.100754976356208,-0.155802896741998,2.76054433978438,-0.359600750132276,-0.103330530851366,-0.285935458023539,NONE,-0.0895919598967582,Normal,0.44693779307133,1,2,3,4,3,3,3,3,3,7,1,1,2,3,3,1,0,1,0.297607266471232,12.2690474446916,200902
1205,20,RL,0.604413895204355,-0.00356522252906838,Pave,NONE,Lvl,Inside,Gtl,NWAmes,Norm,Norm,1Fam,1Story,5,6,1975,HdBoard,HdBoard,None,-0.567015949674981,CBlock,788,0,268,1056,GasA,0.268289832918241,SBrkr,-0.785025043886639,-0.84345832800765,1,0,-1.02736282330994,1.23259887250509,0.169927088600022,-0.207698474525451,-0.287758288825272,-0.924311211315714,Attchd,0.232726140626856,0.103422529494089,-0.740760408320604,0.599627598183467,-0.359600750132276,-0.103330530851366,-0.285935458023539,MnPrv,-0.0895919598967582,Normal,0.44693779307133,1,2,2,4,2,3,0,3,3,7,5,1,2,3,3,1,0,2,0.297607266471232,11.9414558460094,200610
1206,20,RL,0.962880733239914,0.572671704922605,Pave,NONE,Lvl,CulDSac,Gtl,SawyerW,Norm,Norm,1Fam,1Story,7,7,1990,HdBoard,HdBoard,BrkFace,0.741533679049394,CBlock,485,177,1496,2158,GasA,0.268289832918241,SBrkr,-0.785025043886639,1.37408918884035,0,0,0.781365814350925,-0.756321032880405,0.169927088600022,-0.207698474525451,0.349545539005509,0.623631660646747,Attchd,0.266088440802826,1.0593444887023,-0.0767545843665104,0.333213205383354,-0.359600750132276,-0.103330530851366,-0.285935458023539,NONE,-0.0895919598967582,Normal,0.44693779307133,1,2,3,3,3,3,3,3,3,7,5,4,2,3,2,2,0,2,0.297607266471232,12.5131896306206,200909
1207,20,RH,-1.72562055202678,-0.160812975618873,Pave,NONE,Lvl,Inside,Gtl,SawyerW,Norm,Norm,1Fam,1Story,4,4,1966,HdBoard,HdBoard,None,-0.567015949674981,CBlock,1056,0,0,1056,GasA,0.268289832918241,SBrkr,-0.785025043886639,-0.879033956620184,1,0,-1.02736282330994,-0.756321032880405,-1.04580127322219,-0.207698474525451,-0.925062116656053,-0.924311211315714,Detchd,0.212708760521274,-0.411661632991888,-0.740760408320604,-0.0812091834168209,-0.359600750132276,-0.103330530851366,-0.285935458023539,MnPrv,-0.0895919598967582,Normal,-2.23744784062252,1,2,2,2,2,3,0,3,3,7,3,1,2,3,3,1,0,1,-0.250997476711292,11.580584113444,200603
1208,20,RL,0.365436003180649,-0.131011990154273,Pave,NONE,Lvl,Inside,Gtl,CollgCr,Norm,Norm,1Fam,1Story,6,5,2003,VinylSd,VinylSd,BrkFace,0.104035141978545,PConc,340,0,1342,1682,GasA,0.268289832918241,SBrkr,-0.785025043886639,0.393782978183838,1,0,0.781365814350925,-0.756321032880405,0.169927088600022,-0.207698474525451,0.349545539005509,-0.924311211315714,Attchd,0.295002434288667,0.330802024645556,0.776967189288753,-0.36242437581694,-0.359600750132276,-0.103330530851366,-0.285935458023539,NONE,-0.0895919598967582,Normal,0.44693779307133,1,2,3,4,3,3,0,3,3,7,6,1,2,3,3,3,0,2,0.297607266471232,12.2060726455302,200608
1209,20,RL,0.365436003180649,-0.304999020185896,Pave,NONE,Lvl,Inside,Gtl,NAmes,Norm,Norm,1Fam,1Story,5,7,1962,MetalSd,MetalSd,None,-0.567015949674981,CBlock,504,108,319,931,GasA,0.268289832918241,SBrkr,-0.785025043886639,-0.430385751339885,1,0,-1.02736282330994,-0.756321032880405,0.169927088600022,-0.207698474525451,-0.287758288825272,-0.924311211315714,Detchd,0.243846907352179,0.154466905956663,-0.740760408320604,-0.702842766617084,-0.359600750132276,-0.103330530851366,-0.285935458023539,NONE,-0.0895919598967582,Normal,0.44693779307133,1,3,2,2,2,3,0,3,3,7,3,4,2,3,3,1,0,1,-0.250997476711292,11.8493977015914,200802
1210,20,RL,0.813519550725098,0.00176091104332824,Pave,NONE,Lvl,CulDSac,Gtl,Somerst,RRNn,Norm,1Fam,1Story,8,5,2006,VinylSd,VinylSd,Stone,1.78166287111236,PConc,1220,0,440,1660,GasA,0.268289832918241,SBrkr,-0.785025043886639,0.314726025711538,1,0,0.781365814350925,-0.756321032880405,0.169927088600022,-0.207698474525451,0.98684936683629,0.623631660646747,Attchd,0.301674894323861,0.126624518795259,1.80459525017009,0.0371972133832291,-0.359600750132276,-0.103330530851366,-0.285935458023539,NONE,-0.0895919598967582,Partial,0.44693779307133,1,2,3,4,3,3,4,3,3,7,6,1,2,3,2,2,0,2,1.66911912442754,12.5776362019627,200608
1211,60,RL,0.365436003180649,0.133138872495778,Pave,NONE,Lvl,Inside,Gtl,SawyerW,Norm,Norm,1Fam,2Story,6,5,1992,Wd Sdng,Wd Sdng,None,-0.567015949674981,PConc,0,0,1055,1055,GasA,0.268289832918241,SBrkr,1.05806493148796,0.680364430895924,0,0,0.781365814350925,1.23259887250509,0.169927088600022,-0.207698474525451,0.98684936683629,0.623631660646747,Attchd,0.270536747492955,-0.0497105998936342,4.27880742752284,0.836440391783567,-0.359600750132276,-0.103330530851366,-0.285935458023539,GdPrv,0.615496118341154,Normal,0.44693779307133,1,2,3,4,3,3,3,3,3,7,1,1,2,3,3,1,0,2,0.297607266471232,12.1495022940418,201008
1212,50,RL,2.81495939642364,0.249299309455667,Pave,NONE,Bnk,Inside,Mod,Gilbert,Norm,Norm,1Fam,1.5Fin,8,7,1988,Wd Sdng,Wd Sdng,None,-0.567015949674981,Wood,427,0,132,559,GasA,0.268289832918241,SBrkr,0.782767947824411,0.496557016397827,0,0,0.781365814350925,-0.756321032880405,1.38565545042224,-0.207698474525451,0.98684936683629,-0.924311211315714,Basment,0.261640134112697,0.0895013359133866,1.82830974388273,-0.525233171417009,-0.359600750132276,-0.103330530851366,-0.285935458023539,NONE,-0.0895919598967582,Normal,0.44693779307133,1,2,3,3,2,3,0,3,3,7,6,1,2,3,2,3,0,2,0.297607266471232,12.0076217068063,201009
1213,30,RL,-0.232008726878616,-0.105015385812814,Pave,NONE,Lvl,Inside,Gtl,Edwards,Norm,Norm,1Fam,1Story,4,6,1941,MetalSd,MetalSd,None,-0.567015949674981,CBlock,344,0,328,672,GasA,0.268289832918241,SBrkr,-0.785025043886639,-1.63798070035426,1,0,-1.02736282330994,-0.756321032880405,-1.04580127322219,-0.207698474525451,-1.56236594448683,-0.924311211315714,Attchd,0.157104926894657,-1.10772131202699,-0.740760408320604,0.969647588183624,-0.359600750132276,-0.103330530851366,-0.285935458023539,NONE,-0.0895919598967582,Normal,0.44693779307133,1,2,2,2,2,3,0,3,3,7,3,1,0,3,3,1,0,1,-0.250997476711292,11.6351430976945,200911
1214,80,RL,-1.72562055202678,0.00987692410602786,Pave,NONE,Lvl,CulDSac,Gtl,Sawyer,Norm,Norm,1Fam,SLvl,4,9,1965,VinylSd,VinylSd,None,-0.567015949674981,CBlock,648,0,0,648,GasA,0.268289832918241,SBrkr,-0.785025043886639,-1.0687706425537,1,1,-2.8360914609708,-0.756321032880405,-3.47725799686663,-0.207698474525451,-2.19966977231761,-0.924311211315714,Attchd,0.210484607176209,-0.504469590196569,-0.0451352594163155,-0.702842766617084,-0.359600750132276,-0.103330530851366,-0.285935458023539,NONE,-0.0895919598967582,Normal,-2.23744784062252,1,3,2,4,2,4,0,3,3,7,6,1,2,3,2,3,0,1,-0.250997476711292,11.8844890214027,200608
1215,85,RL,0.335563766677686,0.00467760323773592,Pave,NONE,Lvl,Inside,Gtl,NAmes,Norm,Norm,1Fam,SFoyer,5,5,1962,MetalSd,MetalSd,None,-0.567015949674981,CBlock,784,0,141,925,GasA,0.268289832918241,SBrkr,-0.785025043886639,-0.991690113893211,1,0,-1.02736282330994,-0.756321032880405,0.169927088600022,-0.207698474525451,-0.287758288825272,-0.924311211315714,Attchd,0.203812147141015,-0.801455053251546,0.444964277311706,0.362814804583367,-0.359600750132276,-0.103330530851366,-0.285935458023539,NONE,-0.0895919598967582,Normal,0.44693779307133,1,2,2,2,2,3,0,3,3,7,4,1,2,3,2,3,0,1,-0.250997476711292,11.809319478024,200608
1216,20,RL,1.23173086176658,-0.389836719231928,Pave,NONE,Lvl,Inside,Gtl,Sawyer,Norm,Norm,1Fam,1Story,5,5,1966,VinylSd,VinylSd,None,-0.567015949674981,CBlock,180,374,340,894,GasA,0.268289832918241,SBrkr,-0.785025043886639,-1.199214614133,0,0,-1.02736282330994,-0.756321032880405,0.169927088600022,-0.207698474525451,-0.925062116656053,-0.924311211315714,Detchd,0.212708760521274,-0.411661632991888,-0.740760408320604,-0.702842766617084,-0.359600750132276,-0.103330530851366,-0.285935458023539,MnPrv,-0.0895919598967582,Normal,0.44693779307133,1,2,2,2,2,3,0,3,3,7,3,2,2,3,2,1,0,2,-0.250997476711292,11.7360690162844,200708
1217,90,RM,0.305691530174723,-0.157008594495733,Pave,NONE,Lvl,Inside,Gtl,Sawyer,RRAe,Norm,Duplex,1.5Fin,6,5,1978,VinylSd,VinylSd,None,-0.567015949674981,Slab,0,0,0,0,GasA,0.268289832918241,SBrkr,0.577461722719393,0.793020588168951,0,0,0.781365814350925,-0.756321032880405,1.38565545042224,4.45593111885755,0.98684936683629,-0.924311211315714,Attchd,0.23939860066205,0.307600035344386,-0.740760408320604,-0.702842766617084,-0.359600750132276,-0.103330530851366,-0.285935458023539,NONE,-0.0895919598967582,Normal,0.44693779307133,0,2,2,2,2,0,0,3,3,7,0,0,2,3,3,0,0,1,-4.91413779376274,11.6262541502772,201007
1218,20,FV,0.425180476186576,-0.193784278686091,Pave,NONE,Lvl,Inside,Gtl,Somerst,Norm,Norm,1Fam,1Story,8,5,2009,CemntBd,CmentBd,Stone,-0.164385294682865,PConc,936,0,364,1300,GasA,0.268289832918241,SBrkr,-0.785025043886639,-0.369116613173853,1,0,0.781365814350925,-0.756321032880405,0.169927088600022,-0.207698474525451,-0.287758288825272,-0.924311211315714,Attchd,0.308347354359055,0.367925207527428,0.326391808748475,0.954846788583617,-0.359600750132276,-0.103330530851366,-0.285935458023539,NONE,-0.0895919598967582,Partial,0.44693779307133,1,2,3,4,3,3,0,3,3,7,6,1,2,3,3,2,0,2,0.297607266471232,12.343466568969,200912
1219,50,RM,-0.172264253872689,-0.498134768537326,Pave,NONE,Lvl,Inside,Gtl,BrkSide,Norm,Norm,1Fam,1.5Fin,4,5,1947,AsbShng,AsbShng,None,-0.567015949674981,Slab,0,0,0,0,GasA,-3.72731232161413,SBrkr,-0.225098975418407,-1.16363898552046,0,0,-1.02736282330994,-0.756321032880405,-1.04580127322219,-0.207698474525451,-2.19966977231761,-0.924311211315714,NONE,-4.15997671587587,-2.19357441132175,-0.740760408320604,-0.702842766617084,-0.359600750132276,-0.103330530851366,-0.285935458023539,NONE,-0.0895919598967582,Normal,0.44693779307133,0,2,2,3,2,0,0,0,0,7,0,0,0,3,3,0,0,0,-4.91413779376274,11.2960124634067,200610
1220,160,RM,-1.09830358546455,-1.07640069925467,Pave,NONE,Lvl,Inside,Gtl,BrDale,Norm,Norm,Twnhs,2Story,6,5,1971,CemntBd,CmentBd,BrkFace,0.752717863910286,CBlock,0,0,672,672,GasA,0.268289832918241,SBrkr,0.488806761878589,-0.558853299107371,0,0,-1.02736282330994,1.23259887250509,0.169927088600022,-0.207698474525451,0.349545539005509,-0.924311211315714,NONE,-4.15997671587587,-2.19357441132175,0.848110670426691,-0.702842766617084,-0.359600750132276,-0.103330530851366,-0.285935458023539,NONE,-0.0895919598967582,Abnorml,0.44693779307133,1,2,2,2,2,3,0,0,0,7,1,1,0,3,3,1,0,0,-0.250997476711292,11.4240942512636,200607
1221,20,RL,0.245947057168796,-0.300306950134023,Pave,NONE,Lvl,Inside,Gtl,NAmes,Norm,Norm,1Fam,1Story,5,5,1964,Wd Sdng,Wd Sdng,None,-0.567015949674981,CBlock,312,600,0,912,GasA,0.268289832918241,SBrkr,-0.785025043886639,-1.16363898552046,0,0,-1.02736282330994,-0.756321032880405,-1.04580127322219,-0.207698474525451,-0.925062116656053,-0.924311211315714,Attchd,0.208260453831144,-0.857139827574354,-0.740760408320604,-0.702842766617084,-0.359600750132276,-0.103330530851366,-0.285935458023539,NONE,-0.0895919598967582,Abnorml,0.44693779307133,1,2,2,2,2,3,0,3,3,7,3,2,2,3,2,1,0,1,-0.250997476711292,11.6526874073454,200603
1222,20,RL,-0.0826475443637997,-0.243241233286916,Pave,NONE,Lvl,Inside,Gtl,Sawyer,Feedr,Norm,1Fam,1Story,5,5,1968,HdBoard,HdBoard,None,-0.567015949674981,CBlock,250,492,210,952,GasA,0.268289832918241,SBrkr,-0.785025043886639,-0.572688265790024,0,0,-1.02736282330994,-0.756321032880405,0.169927088600022,-0.207698474525451,-0.925062116656053,0.623631660646747,Attchd,0.217157067211403,-0.699366300326398,-0.740760408320604,0.229607608183311,-0.359600750132276,-0.103330530851366,-0.285935458023539,NONE,-0.0895919598967582,Normal,0.44693779307133,1,2,2,4,2,3,3,3,3,7,4,2,2,3,3,1,0,1,-0.250997476711292,11.805595078933,200811
1223,50,RL,0.604413895204355,0.0415801001321982,Pave,NONE,Lvl,Inside,Gtl,NAmes,Artery,Norm,1Fam,1.5Fin,6,6,1949,Wd Sdng,Wd Sdng,BrkFace,1.22245362806775,CBlock,196,0,844,1040,GasA,0.268289832918241,SBrkr,0.796766099536117,0.682340854707731,0,0,0.781365814350925,-0.756321032880405,0.169927088600022,-0.207698474525451,0.349545539005509,0.623631660646747,Attchd,0.174898153655174,-0.731849085348036,-0.740760408320604,-0.702842766617084,-0.359600750132276,-0.103330530851366,-0.285935458023539,GdWo,-0.0895919598967582,Normal,0.44693779307133,1,2,2,4,2,3,4,3,3,7,3,1,2,3,3,2,0,1,-0.250997476711292,11.870599909242,200701
1224,20,RL,0.933008496736951,0.0649136376874596,Pave,NONE,Lvl,Inside,Gtl,NAmes,Norm,Norm,1Fam,1Story,5,3,1951,Wd Sdng,Wd Sdng,BrkFace,-0.320963882735355,CBlock,756,0,1380,2136,GasA,-3.72731232161413,FuseA,-0.785025043886639,1.2555037601319,0,0,0.781365814350925,-0.756321032880405,1.38565545042224,-0.207698474525451,0.349545539005509,-0.924311211315714,Detchd,0.179346460345304,0.256555658881811,-0.740760408320604,-0.258818778616896,-0.359600750132276,-0.103330530851366,-0.285935458023539,MnPrv,-0.0895919598967582,Normal,0.44693779307133,1,2,2,2,2,2,0,3,3,4,2,1,2,3,3,1,0,1,-0.250997476711292,11.8342840637814,200602
1225,60,RL,0.0667136381510165,0.661440597795882,Pave,NONE,Lvl,Inside,Gtl,Gilbert,RRAn,Norm,1Fam,2Story,7,5,2004,VinylSd,VinylSd,None,-0.567015949674981,PConc,724,0,64,788,GasA,0.268289832918241,SBrkr,0.85275870638294,-0.0212660222957346,1,0,0.781365814350925,1.23259887250509,0.169927088600022,-0.207698474525451,0.98684936683629,0.623631660646747,Attchd,0.297226587633731,-0.393100041550952,0.0497227154342694,0.407217203383386,-0.359600750132276,-0.103330530851366,-0.285935458023539,NONE,-0.0895919598967582,Normal,0.44693779307133,1,2,3,4,3,3,4,3,3,7,6,1,2,3,2,3,0,3,0.297607266471232,12.1226910365911,200805
1226,80,RL,0.216074820665833,0.0398047222747327,Pave,NONE,Lvl,Inside,Gtl,NAmes,Norm,Norm,1Fam,SLvl,6,8,1958,VinylSd,VinylSd,BrkFace,-0.21471412655688,CBlock,507,0,81,588,GasA,0.268289832918241,SBrkr,-0.785025043886639,-0.71696720405197,0,1,-1.02736282330994,-0.756321032880405,0.169927088600022,-0.207698474525451,-0.287758288825272,-0.924311211315714,Attchd,0.194915533760756,-0.968509376219971,1.02992178889031,-0.702842766617084,-0.359600750132276,-0.103330530851366,-0.285935458023539,MnWw,-0.0895919598967582,Normal,0.44693779307133,1,3,2,4,2,3,0,3,3,7,6,1,2,3,3,3,0,2,-0.250997476711292,11.8844890214027,200709
1227,60,RL,0.843391787228061,0.561765812369602,Pave,NONE,Lvl,CulDSac,Gtl,Somerst,Feedr,Norm,1Fam,2Story,6,5,2007,VinylSd,VinylSd,Stone,-0.153201109821973,PConc,0,0,894,894,GasA,0.268289832918241,SBrkr,1.63898822752375,0.854289726334983,0,0,0.781365814350925,1.23259887250509,1.38565545042224,-0.207698474525451,1.62415319466707,0.623631660646747,BuiltIn,0.303899047668925,0.906211359314575,0.0497227154342694,-0.436428373816971,-0.359600750132276,-0.103330530851366,-0.285935458023539,NONE,-0.0895919598967582,Normal,0.44693779307133,1,2,3,4,3,3,4,3,3,7,1,1,2,3,2,2,0,3,0.297607266471232,12.273731294004,200801
1228,20,RL,0.425180476186576,-0.164363731333805,Pave,NONE,Lvl,Corner,Gtl,NAmes,Norm,Norm,1Fam,1Story,5,8,1965,VinylSd,VinylSd,BrkFace,1.11061177945883,CBlock,595,0,317,912,GasA,0.268289832918241,SBrkr,-0.785025043886639,-1.16363898552046,1,0,-1.02736282330994,-0.756321032880405,-1.04580127322219,-0.207698474525451,-0.925062116656053,-0.924311211315714,Detchd,0.270536747492955,0.479294756173045,-0.740760408320604,2.84934913738442,-0.359600750132276,-0.103330530851366,-0.285935458023539,NONE,-0.0895919598967582,Normal,0.44693779307133,1,2,2,4,3,3,0,3,3,7,5,1,2,3,3,1,0,1,-0.250997476711292,11.8981878657609,200804
1229,120,RL,0.216074820665833,-0.177425439856587,Pave,NONE,Lvl,Corner,Gtl,NridgHt,Norm,Norm,TwnhsE,1Story,9,5,2008,MetalSd,MetalSd,BrkFace,3.71652685204669,PConc,1540,0,162,1702,GasA,0.268289832918241,SBrkr,-0.785025043886639,0.397735825807453,1,0,-1.02736282330994,1.23259887250509,-2.26152963504441,-0.207698474525451,0.349545539005509,0.623631660646747,Attchd,0.30612320101399,2.68812413764444,-0.740760408320604,0.362814804583367,-0.359600750132276,-0.103330530851366,3.70162191179771,NONE,-0.0895919598967582,Partial,0.44693779307133,1,2,4,4,4,3,4,3,3,7,6,1,2,3,3,1,0,3,1.66911912442754,12.8139178962537,200802
1230,80,RL,0.365436003180649,-0.286357552682508,Pave,NONE,Lvl,Inside,Gtl,NAmes,Norm,Norm,1Fam,SLvl,5,5,1960,BrkFace,HdBoard,None,-0.567015949674981,CBlock,666,0,409,1075,GasA,0.268289832918241,SBrkr,-0.785025043886639,0.0123331825049927,0,0,0.781365814350925,-0.756321032880405,1.38565545042224,-0.207698474525451,0.349545539005509,-0.924311211315714,Basment,0.199363840450886,-0.318853675787208,-0.740760408320604,-0.702842766617084,-0.359600750132276,-0.103330530851366,-0.285935458023539,GdWo,-0.0895919598967582,Normal,0.44693779307133,1,2,2,3,2,3,0,3,3,3,5,1,2,3,3,1,0,1,-0.250997476711292,11.7519423654407,200811
1231,90,RL,-1.72562055202678,1.1060459383869,Pave,NONE,Lvl,Inside,Gtl,Sawyer,Feedr,RRAe,Duplex,1.5Fin,5,5,1977,Plywood,Plywood,None,-0.561423857244535,CBlock,498,211,652,1361,GasA,0.268289832918241,SBrkr,2.1522537902863,2.21209288504673,0,0,0.781365814350925,3.22151877789059,1.38565545042224,4.45593111885755,3.53606467815941,0.623631660646747,BuiltIn,0.237174447316985,0.590664304818661,0.48448843349945,-0.347623576216934,1.89779743889888,-0.103330530851366,-0.285935458023539,NONE,14.5409856635399,Normal,-2.23744784062252,1,2,2,4,2,3,3,3,3,7,6,3,0,3,2,1,0,2,0.297607266471232,12.1547793511426,200711
1232,90,RL,0.365436003180649,-0.30943746482956,Pave,NONE,Lvl,Inside,Gtl,NAmes,Norm,Norm,Duplex,SLvl,5,6,1962,Wd Sdng,Wd Sdng,BrkFace,0.104035141978545,CBlock,803,0,303,1106,GasA,0.268289832918241,SBrkr,-0.785025043886639,-0.614193165837981,1,0,-1.02736282330994,-0.756321032880405,0.169927088600022,-0.207698474525451,-0.287758288825272,-0.924311211315714,Attchd,0.203812147141015,0.31224043320462,-0.740760408320604,-0.436428373816971,-0.359600750132276,-0.103330530851366,-0.285935458023539,GdWo,-0.0895919598967582,Normal,0.44693779307133,1,2,2,2,2,3,0,3,3,7,5,1,2,3,3,3,0,1,-0.250997476711292,11.7943379244084,200608
1233,90,RL,0.365436003180649,-0.0413554083522635,Pave,NONE,Lvl,FR2,Gtl,NAmes,Norm,Norm,Duplex,1Story,4,5,1962,HdBoard,HdBoard,None,-0.567015949674981,Slab,0,0,0,0,GasA,0.268289832918241,SBrkr,-0.785025043886639,-0.546994756236526,0,0,0.781365814350925,-0.756321032880405,-1.04580127322219,4.45593111885755,-0.287758288825272,-0.924311211315714,CarPort,0.203812147141015,-0.0497105998936342,-0.740760408320604,-0.702842766617084,-0.359600750132276,-0.103330530851366,-0.285935458023539,NONE,-0.0895919598967582,Normal,0.44693779307133,0,2,2,2,2,0,0,3,3,7,0,0,2,3,3,0,0,1,-4.91413779376274,11.5307653830986,200706
1234,20,RL,-1.72562055202678,0.252596439762388,Pave,NONE,Lvl,Inside,Gtl,NAmes,Norm,Norm,1Fam,1Story,5,5,1959,Plywood,Plywood,BrkFace,0.439560687805308,CBlock,1000,0,188,1188,GasA,0.268289832918241,SBrkr,-0.785025043886639,-0.618146013461596,1,0,-1.02736282330994,-0.756321032880405,0.169927088600022,-0.207698474525451,-0.287758288825272,-0.924311211315714,Attchd,0.197139687105821,0.270476852462514,-0.740760408320604,-0.702842766617084,-0.359600750132276,-0.103330530851366,-0.285935458023539,MnPrv,-0.0895919598967582,Abnorml,-2.23744784062252,1,2,2,1,2,3,0,3,3,7,3,1,2,3,2,1,0,2,-0.250997476711292,11.8635823365834,201008
1235,70,RH,-0.0826475443637997,-0.208367739658129,Pave,NONE,Bnk,Inside,Gtl,SWISU,Norm,Norm,1Fam,2Story,5,6,1911,MetalSd,MetalSd,None,-0.567015949674981,PConc,0,0,940,940,GasA,-3.72731232161413,FuseA,1.4080187242806,0.915558864501015,0,0,-1.02736282330994,1.23259887250509,1.38565545042224,-0.207698474525451,0.349545539005509,-0.924311211315714,NONE,-4.15997671587587,-2.19357441132175,-0.740760408320604,2.13891075658412,-0.359600750132276,-0.103330530851366,-0.285935458023539,NONE,-0.0895919598967582,Abnorml,0.44693779307133,1,2,2,2,2,3,0,0,0,7,1,1,0,3,3,3,0,0,-0.250997476711292,11.7752897294377,200803
1236,70,RL,1.14211415225769,0.375858388152139,Pave,NONE,Lvl,Inside,Gtl,Crawfor,Norm,Norm,1Fam,2Story,5,5,1914,Wd Sdng,Wd Sdng,None,-0.567015949674981,BrkTil,0,0,747,747,GasA,0.268289832918241,FuseF,1.29603351058696,0.559802578375667,0,0,-1.02736282330994,1.23259887250509,1.38565545042224,-0.207698474525451,1.62415319466707,-0.924311211315714,Detchd,0.097052786577911,-1.35830279647963,0.863920332901789,-0.110810782616833,-0.359600750132276,-0.103330530851366,-0.285935458023539,NONE,-0.0895919598967582,Normal,0.44693779307133,1,2,2,3,2,3,0,2,2,7,1,1,0,3,3,2,0,1,0.297607266471232,11.8414159318498,200610
1237,160,RL,-0.650220037920102,-0.956182255763436,Pave,NONE,Lvl,Inside,Gtl,NridgHt,Norm,Norm,Twnhs,2Story,7,5,2003,VinylSd,Wd Shng,Stone,0.0257458479523003,PConc,0,0,764,764,GasA,0.268289832918241,SBrkr,1.22604275202843,0.247527616110084,0,0,0.781365814350925,1.23259887250509,-1.04580127322219,-0.207698474525451,-0.287758288825272,-0.924311211315714,BuiltIn,0.295002434288667,0.00597417442917412,-0.740760408320604,-0.303221177416915,-0.359600750132276,-0.103330530851366,-0.285935458023539,NONE,-0.0895919598967582,Normal,0.44693779307133,1,2,3,4,3,3,0,3,3,7,1,1,2,3,3,1,0,2,0.297607266471232,12.0753943218881,201009
1238,60,RL,-0.500858855405285,0.282143799818779,Pave,NONE,Lvl,FR2,Gtl,CollgCr,Norm,Norm,1Fam,2Story,7,5,2004,VinylSd,VinylSd,None,-0.567015949674981,PConc,0,0,847,847,GasA,0.268289832918241,SBrkr,1.78363579521138,0.883936083512095,0,0,0.781365814350925,1.23259887250509,1.38565545042224,-0.207698474525451,0.98684936683629,0.623631660646747,BuiltIn,0.297226587633731,-0.179641739980187,0.0497227154342694,0.00759561418321662,-0.359600750132276,-0.103330530851366,-0.285935458023539,NONE,-0.0895919598967582,Normal,0.44693779307133,1,2,3,4,3,3,4,3,3,7,1,1,2,3,1,1,0,3,0.297607266471232,12.1807548375459,200612
1239,20,RL,0.156330347659906,0.368249625905858,Pave,NONE,Lvl,Inside,Gtl,SawyerW,RRAe,Norm,1Fam,1Story,6,5,2005,VinylSd,VinylSd,None,-0.567015949674981,PConc,0,0,1141,1141,GasA,0.268289832918241,SBrkr,-0.785025043886639,-0.711037932616548,0,0,-1.02736282330994,1.23259887250509,0.169927088600022,-0.207698474525451,-0.287758288825272,-0.924311211315714,Detchd,0.299450740978796,0.0523781530315144,-0.740760408320604,-0.702842766617084,-0.359600750132276,-0.103330530851366,-0.285935458023539,NONE,-0.0895919598967582,Abnorml,0.44693779307133,1,2,3,4,2,3,0,3,3,7,1,1,2,3,3,1,0,1,0.297607266471232,11.8670972786908,200606
1240,20,RL,0.18620258416287,-0.143439635156532,Pave,NONE,HLS,Inside,Gtl,Timber,Norm,Norm,1Fam,1Story,8,5,2006,VinylSd,VinylSd,BrkFace,-0.388068991900707,PConc,428,0,1048,1476,GasA,0.268289832918241,SBrkr,-0.785025043886639,-0.0331245651665795,0,0,0.781365814350925,-0.756321032880405,-1.04580127322219,-0.207698474525451,-0.287758288825272,0.623631660646747,Attchd,0.301674894323861,-0.00330662129129393,0.207819340185244,-0.214416379816877,-0.359600750132276,-0.103330530851366,-0.285935458023539,NONE,-0.0895919598967582,Normal,0.44693779307133,1,2,3,4,4,3,4,3,3,7,6,1,2,3,2,3,0,2,0.297607266471232,12.4908755772311,200704
1241,60,RL,0.216074820665833,-0.254908002064547,Pave,NONE,Lvl,Inside,Gtl,CollgCr,Norm,Norm,1Fam,2Story,7,5,2003,VinylSd,VinylSd,BrkFace,0.842191342797423,PConc,550,0,334,884,GasA,0.268289832918241,SBrkr,1.27736930830468,0.528179797386747,1,0,0.781365814350925,1.23259887250509,0.169927088600022,-0.207698474525451,0.98684936683629,-0.924311211315714,Attchd,0.295002434288667,0.326161626785322,-0.740760408320604,0.229607608183311,-0.359600750132276,-0.103330530851366,-0.285935458023539,NONE,-0.0895919598967582,Normal,0.44693779307133,1,2,3,4,3,3,0,3,3,7,6,1,2,3,3,1,0,2,0.297607266471232,12.3234111379474,200810
1242,20,RL,0.753775077719171,-0.0404677194235307,Pave,NONE,Lvl,Inside,Gtl,Somerst,Norm,Norm,1Fam,1Story,7,6,2007,VinylSd,VinylSd,Stone,-0.567015949674981,PConc,0,0,1689,1689,GasA,0.268289832918241,SBrkr,-0.785025043886639,0.372042316253956,0,0,0.781365814350925,-0.756321032880405,0.169927088600022,-0.207698474525451,0.349545539005509,-0.924311211315714,Attchd,0.303899047668925,2.23336514734151,-0.740760408320604,0.126002010983267,-0.359600750132276,-0.103330530851366,-0.285935458023539,NONE,-0.0895919598967582,Partial,0.44693779307133,1,2,3,4,3,3,0,3,3,7,1,1,2,3,3,3,0,2,0.297607266471232,12.4225057319529,200709
1243,85,RL,0.813519550725098,0.0579389389617022,Pave,NONE,Lvl,Inside,Gtl,NWAmes,Norm,Norm,1Fam,SFoyer,7,6,1974,Plywood,Plywood,BrkFace,-0.114056462808851,CBlock,885,168,0,1053,GasA,0.268289832918241,SBrkr,-0.785025043886639,-0.647792370638708,1,0,0.781365814350925,-0.756321032880405,0.169927088600022,-0.207698474525451,-0.287758288825272,2.17157453260921,Attchd,0.230501987281791,0.256555658881811,-0.740760408320604,1.07325318538367,-0.359600750132276,-0.103330530851366,-0.285935458023539,MnPrv,-0.0895919598967582,Family,0.44693779307133,1,2,2,2,3,3,3,3,3,7,6,2,2,3,3,4,0,2,0.297607266471232,12.0435537160324,201001
1244,20,RL,1.47070875379029,0.472109230567592,Pave,NONE,Lvl,Inside,Gtl,NridgHt,Norm,Norm,1Fam,1Story,10,5,2006,VinylSd,VinylSd,NONE,-0.567015949674981,PConc,1386,0,690,2076,GasA,0.268289832918241,SBrkr,-0.785025043886639,1.13691833142345,1,0,0.781365814350925,1.23259887250509,-1.04580127322219,-0.207698474525451,0.349545539005509,0.623631660646747,Attchd,0.301674894323861,1.75076376987717,0.966683138989922,2.68654034178435,-0.359600750132276,-0.103330530851366,-0.285935458023539,NONE,-0.0895919598967582,Partial,0.44693779307133,1,2,4,4,4,4,4,3,3,7,6,1,2,3,3,4,0,3,1.66911912442754,13.0497926845695,200612
1245,70,RL,-1.72562055202678,0.160657229286494,Pave,NONE,HLS,Corner,Mod,Crawfor,Norm,Norm,1Fam,2Story,8,7,1929,BrkFace,Stucco,None,-0.567015949674981,PConc,0,0,792,792,GasA,0.268289832918241,SBrkr,0.906418287944479,0.0320974206230676,0,0,-1.02736282330994,-0.756321032880405,0.169927088600022,-0.207698474525451,0.349545539005509,2.17157453260921,Detchd,0.13486339344401,-0.337415267228144,-0.740760408320604,-0.702842766617084,-0.359600750132276,-0.103330530851366,-0.285935458023539,NONE,-0.0895919598967582,Normal,-2.23744784062252,1,2,2,1,3,3,4,3,3,7,1,1,2,3,2,1,0,1,0.297607266471232,12.3458345879053,200609
1246,80,RL,0.604413895204355,0.243719550475061,Pave,NONE,Lvl,Inside,Gtl,NWAmes,Norm,Norm,1Fam,SLvl,6,7,1984,VinylSd,VinylSd,BrkFace,-0.153201109821973,CBlock,0,0,585,585,GasA,0.268289832918241,SBrkr,0.913417363800332,0.725822178567496,0,0,2.59009445201179,1.23259887250509,0.169927088600022,-0.207698474525451,0.349545539005509,0.623631660646747,BuiltIn,0.252743520732438,0.0198953680098762,1.37773436334246,0.954846788583617,-0.359600750132276,-0.103330530851366,2.33089906592165,NONE,-0.0895919598967582,Abnorml,0.44693779307133,1,2,2,4,2,3,3,3,3,7,1,1,2,3,3,1,0,3,0.297607266471232,12.0895388292742,200701
1247,60,FV,0.216074820665833,-0.259092821300002,Pave,NONE,Lvl,Inside,Gtl,Somerst,Norm,Norm,1Fam,2Story,7,5,2005,VinylSd,VinylSd,None,-0.567015949674981,PConc,0,0,756,756,GasA,0.268289832918241,SBrkr,1.07439610848495,0.103248677848137,0,0,0.781365814350925,1.23259887250509,0.169927088600022,-0.207698474525451,-0.287758288825272,-0.924311211315714,Attchd,0.299450740978796,0.660270272722172,-0.740760408320604,-0.0368067846168022,-0.359600750132276,-0.103330530851366,-0.285935458023539,NONE,-0.0895919598967582,Partial,0.44693779307133,1,2,3,4,3,3,0,3,3,7,1,1,2,3,3,1,0,2,0.297607266471232,12.136186518066,200606
1248,80,RL,-1.72562055202678,0.273900974051975,Pave,NONE,Lvl,Inside,Gtl,Mitchel,Norm,Norm,1Fam,SLvl,6,5,1976,HdBoard,HdBoard,BrkFace,1.30633501452444,CBlock,539,0,473,1012,GasA,0.268289832918241,SBrkr,-0.785025043886639,-0.922515280479949,1,0,-1.02736282330994,-0.756321032880405,0.169927088600022,-0.207698474525451,-0.287758288825272,-0.924311211315714,Attchd,0.234950293971921,1.92709888856606,-0.740760408320604,-0.702842766617084,-0.359600750132276,-0.103330530851366,-0.285935458023539,NONE,-0.0895919598967582,Normal,-2.23744784062252,1,2,2,2,2,3,0,3,3,7,6,1,2,3,2,3,0,1,-0.250997476711292,12.04296530766,201008
1249,75,RM,0.0667136381510165,-0.0720440827455964,Pave,Grvl,Lvl,Inside,Gtl,OldTown,Norm,Norm,1Fam,2.5Unf,6,5,1917,AsbShng,AsbShng,None,-0.567015949674981,BrkTil,319,0,416,735,OthW,-3.72731232161413,SBrkr,1.37069031971606,1.10134270281092,0,0,-1.02736282330994,1.23259887250509,0.169927088600022,-0.207698474525451,0.98684936683629,0.623631660646747,Detchd,0.177122307000239,-0.35597685866908,-0.740760408320604,-0.702842766617084,3.67257946337854,-0.103330530851366,-0.285935458023539,NONE,-0.0895919598967582,Normal,0.44693779307133,1,2,2,1,2,3,4,2,2,7,3,1,1,3,3,1,0,1,0.297607266471232,11.7714361601217,200807
1250,20,RL,0.0667136381510165,-0.376394572596832,Pave,NONE,Lvl,Inside,Gtl,NAmes,Norm,Norm,1Fam,1Story,5,7,1950,MetalSd,MetalSd,None,-0.567015949674981,CBlock,534,96,246,876,GasA,0.268289832918241,SBrkr,-0.785025043886639,-1.01343077582309,0,0,-1.02736282330994,-0.756321032880405,0.169927088600022,-0.207698474525451,-0.287758288825272,-0.924311211315714,Attchd,0.177122307000239,-0.912824601897163,-0.740760408320604,0.481221201383417,-0.359600750132276,-0.103330530851366,-0.285935458023539,NONE,-0.0895919598967582,Normal,0.44693779307133,1,2,2,2,2,3,0,3,3,7,4,3,2,3,3,1,0,1,-0.250997476711292,11.6868787720937,200708
1251,20,RL,1.0524974427488,0.125783735657707,Pave,NONE,Lvl,Corner,Gtl,NAmes,Norm,Norm,1Fam,1Story,7,5,1968,BrkFace,BrkFace,None,-0.567015949674981,CBlock,1065,0,1045,2110,GasA,0.268289832918241,SBrkr,-0.785025043886639,1.20411674102491,1,0,0.781365814350925,1.23259887250509,0.169927088600022,-0.207698474525451,0.98684936683629,2.17157453260921,Attchd,0.217157067211403,0.228713271720407,-0.740760408320604,-0.702842766617084,-0.359600750132276,-0.103330530851366,-0.285935458023539,NONE,-0.0895919598967582,Normal,0.44693779307133,1,2,3,4,4,3,3,3,3,7,5,1,2,3,3,1,0,3,-0.250997476711292,12.4049235042753,201007
1252,120,RL,-1.72562055202678,-0.891761402078258,Pave,NONE,Lvl,Corner,Gtl,NridgHt,Norm,Norm,TwnhsE,1Story,7,5,2003,VinylSd,Wd Shng,Stone,0.344495116487725,PConc,0,0,1405,1405,GasA,0.268289832918241,SBrkr,-0.785025043886639,-0.189262046299371,0,0,0.781365814350925,-0.756321032880405,-1.04580127322219,-0.207698474525451,-0.287758288825272,0.623631660646747,Attchd,0.295002434288667,0.0245357658701102,0.429154614836609,-0.170013981016859,-0.359600750132276,-0.103330530851366,-0.285935458023539,NONE,-0.0895919598967582,Normal,-2.23744784062252,1,2,3,4,3,3,4,3,3,7,1,1,2,3,2,1,0,2,0.297607266471232,12.0537952100846,200606
1253,20,RL,0.126458111156943,-0.0393264050865886,Pave,NONE,Lvl,Inside,Gtl,Mitchel,Norm,Norm,1Fam,1Story,5,6,1968,HdBoard,HdBoard,None,-0.567015949674981,CBlock,510,0,354,864,GasA,0.268289832918241,SBrkr,-0.785025043886639,-1.23874309036915,1,0,-1.02736282330994,-0.756321032880405,0.169927088600022,-0.207698474525451,-0.925062116656053,-0.924311211315714,Attchd,0.217157067211403,-0.857139827574354,-0.479900977481496,-0.702842766617084,-0.359600750132276,-0.103330530851366,-0.285935458023539,GdWo,0.96804015746011,Normal,0.44693779307133,1,2,2,2,2,3,0,3,3,7,4,1,2,3,3,1,0,2,-0.250997476711292,11.7752897294377,200903
1254,60,RL,-1.72562055202678,0.935102413253784,Pave,NONE,Lvl,Inside,Gtl,Veenker,Norm,Norm,1Fam,2Story,7,7,1974,Wd Sdng,Wd Sdng,None,-0.567015949674981,CBlock,125,1031,36,1192,GasA,0.268289832918241,SBrkr,0.733774416833441,1.31677289829794,1,0,0.781365814350925,1.23259887250509,0.169927088600022,-0.207698474525451,1.62415319466707,2.17157453260921,Attchd,0.230501987281791,0.210151680279471,0.998302463940117,-0.00720518541678964,-0.359600750132276,-0.103330530851366,-0.285935458023539,MnPrv,-0.0895919598967582,Normal,-2.23744784062252,1,2,3,2,3,3,4,3,3,7,2,5,2,3,2,4,0,2,-0.250997476711292,12.5913350463208,200710
1255,60,RL,0.0667136381510165,-0.410507190000991,Pave,NONE,Lvl,Inside,Gtl,Edwards,Norm,Norm,1Fam,2Story,7,5,2003,VinylSd,VinylSd,Stone,-0.0525434460739444,PConc,0,0,746,746,GasA,0.268289832918241,SBrkr,1.30536561172809,0.306820330464309,0,0,0.781365814350925,1.23259887250509,0.169927088600022,-0.207698474525451,0.349545539005509,0.623631660646747,BuiltIn,0.295002434288667,-0.351336460808846,0.666299551963071,1.19165958218372,-0.359600750132276,-0.103330530851366,-0.285935458023539,NONE,-0.0895919598967582,Normal,0.44693779307133,1,2,3,4,3,3,4,3,3,7,1,1,2,3,3,1,0,3,0.297607266471232,12.0161220615717,200810
1256,50,RM,-0.172264253872689,-0.498134768537326,Pave,NONE,Lvl,Inside,Gtl,BrkSide,Norm,Norm,1Fam,1.5Fin,6,6,1931,Wd Sdng,Wd Sdng,None,-0.567015949674981,BrkTil,425,0,459,884,GasA,0.268289832918241,FuseA,0.166849272509356,-0.264366151148056,0,0,-1.02736282330994,-0.756321032880405,0.169927088600022,-0.207698474525451,-0.287758288825272,0.623631660646747,Detchd,0.23939860066205,0.4050483904093,-0.740760408320604,-0.702842766617084,-0.359600750132276,-0.103330530851366,1.85025599009499,NONE,-0.0895919598967582,Normal,0.44693779307133,1,2,2,2,2,2,4,3,3,7,2,1,2,3,3,1,0,1,-0.250997476711292,11.7558716435806,200703
1257,20,RL,0.992752969742877,0.524356064658721,Pave,NONE,Lvl,Corner,Gtl,NoRidge,Norm,Norm,1Fam,1Story,8,5,1994,HdBoard,HdBoard,BrkFace,2.53100325679213,PConc,1314,0,672,1986,GasA,0.268289832918241,SBrkr,-0.785025043886639,0.961016612172587,1,0,0.781365814350925,-0.756321032880405,-1.04580127322219,-0.207698474525451,0.349545539005509,0.623631660646747,Attchd,0.274985054183085,1.01294051009996,1.33030537591716,-0.170013981016859,-0.359600750132276,-0.103330530851366,-0.285935458023539,NONE,-0.0895919598967582,Normal,0.44693779307133,1,2,3,4,3,3,3,3,3,7,6,1,2,3,2,4,0,3,0.297607266471232,12.6165252951494,200811
1258,30,RL,-0.0527753078608365,-0.774586463485532,Pave,NONE,Lvl,Corner,Gtl,Edwards,Feedr,Norm,1Fam,1Story,5,8,1922,Wd Sdng,Wd Sdng,None,-0.567015949674981,PConc,0,0,864,864,GasA,0.268289832918241,SBrkr,-0.785025043886639,-1.25850732848722,0,0,-1.02736282330994,-0.756321032880405,-1.04580127322219,-0.207698474525451,-1.56236594448683,-0.924311211315714,NONE,-4.15997671587587,-2.19357441132175,-0.740760408320604,0.718033994983517,-0.359600750132276,-0.103330530851366,-0.285935458023539,NONE,-0.0895919598967582,Normal,0.44693779307133,1,2,2,4,2,3,0,0,0,7,1,1,2,3,3,1,0,0,-0.799602219893816,11.5119249646366,200910
1259,80,RL,0.0368414016480533,-0.0736926478989573,Pave,NONE,Lvl,Inside,Gtl,Gilbert,Norm,Norm,1Fam,SLvl,7,5,2005,VinylSd,VinylSd,Stone,0.4507448726662,PConc,655,0,201,856,GasA,0.268289832918241,SBrkr,-0.785025043886639,-0.661627337321361,1,0,0.781365814350925,-0.756321032880405,-1.04580127322219,-0.207698474525451,-0.925062116656053,-0.924311211315714,Attchd,0.299450740978796,-0.337415267228144,0.935063814039727,-0.702842766617084,-0.359600750132276,-0.103330530851366,-0.285935458023539,NONE,-0.0895919598967582,Normal,0.44693779307133,1,2,3,4,3,3,0,3,3,7,6,1,2,3,2,4,0,3,0.297607266471232,12.1547793511426,200810
1260,20,RL,0.216074820665833,-0.0530221771298942,Pave,NONE,Lvl,FR2,Gtl,NAmes,Norm,Norm,1Fam,1Story,6,8,1969,HdBoard,HdBoard,None,-0.567015949674981,CBlock,602,438,14,1054,GasA,0.268289832918241,SBrkr,-0.785025043886639,-0.882986804243799,1,0,-1.02736282330994,1.23259887250509,0.169927088600022,-0.207698474525451,-0.287758288825272,-0.924311211315714,Attchd,0.219381220556468,-0.0589913956141022,0.682109214438168,-0.702842766617084,-0.359600750132276,-0.103330530851366,1.13819217405548,NONE,-0.0895919598967582,Normal,0.44693779307133,1,2,2,3,2,3,0,3,3,7,5,2,2,3,3,1,0,1,0.297607266471232,11.9250351157971,200810
1261,60,RL,-1.72562055202678,1.84054512056121,Pave,NONE,Lvl,CulDSac,Gtl,Gilbert,RRAn,Norm,1Fam,2Story,6,5,1999,VinylSd,VinylSd,None,-0.567015949674981,PConc,0,0,841,841,GasA,0.268289832918241,SBrkr,1.04173375449097,0.344372382888651,0,0,0.781365814350925,1.23259887250509,0.169927088600022,-0.207698474525451,0.349545539005509,0.623631660646747,BuiltIn,0.286105820908408,0.135905314515727,-0.740760408320604,0.821639592183561,-0.359600750132276,-0.103330530851366,-0.285935458023539,NONE,-0.0895919598967582,Normal,-2.23744784062252,1,2,2,4,2,3,3,3,3,7,1,1,2,3,0,1,0,3,0.297607266471232,12.106252310248,200909
1262,20,RL,0.664158368210282,-0.0720440827455964,Pave,NONE,Lvl,Inside,Gtl,NAmes,Norm,Norm,1Fam,1Story,5,6,1956,MetalSd,MetalSd,None,-0.567015949674981,CBlock,504,0,546,1050,GasA,0.268289832918241,SBrkr,-0.785025043886639,-0.890892499491029,0,0,-1.02736282330994,-0.756321032880405,-1.04580127322219,-0.207698474525451,-0.925062116656053,-0.924311211315714,Attchd,0.190467227070627,-0.625119934562653,-0.740760408320604,-0.702842766617084,-0.359600750132276,-0.103330530851366,-0.285935458023539,NONE,-0.0895919598967582,Normal,0.44693779307133,1,2,2,3,2,3,0,3,3,7,3,1,2,3,3,1,0,1,-0.250997476711292,11.7667921889273,200909
1263,50,RL,-1.72562055202678,0.137196879027128,Pave,NONE,Lvl,Inside,Gtl,ClearCr,Norm,Norm,1Fam,1.5Fin,4,5,1957,Wd Sdng,Wd Sdng,None,-0.567015949674981,CBlock,0,0,1104,1104,GasA,0.268289832918241,FuseA,0.810764251247823,0.567708273622897,1,0,-1.02736282330994,-0.756321032880405,2.60138381224446,-0.207698474525451,0.98684936683629,2.17157453260921,Attchd,0.192691380415692,-0.78289346181061,0.207819340185244,-0.702842766617084,-0.359600750132276,-0.103330530851366,-0.285935458023539,NONE,-0.0895919598967582,Normal,-2.23744784062252,1,2,2,4,2,3,3,3,3,5,1,1,2,3,3,3,0,1,-0.250997476711292,11.9922604216448,200903
1264,70,RL,0.0667136381510165,0.424427653824232,Pave,Pave,Lvl,Inside,Gtl,BrkSide,Norm,Norm,1Fam,2Story,6,6,1919,Wd Sdng,Wd Sdng,None,-0.567015949674981,PConc,0,0,764,764,GasA,0.268289832918241,FuseA,0.997406274070567,0.638859530847967,0,0,-1.02736282330994,-0.756321032880405,0.169927088600022,-0.207698474525451,0.98684936683629,0.623631660646747,Detchd,0.154880773549592,0.219432475999939,-0.740760408320604,-0.702842766617084,1.60200043481893,-0.103330530851366,-0.285935458023539,GdPrv,-0.0895919598967582,Normal,0.44693779307133,1,2,2,4,2,3,4,3,3,7,1,1,0,3,3,1,0,1,-0.250997476711292,12.1034860567551,200710
1265,120,RH,-0.709964510926028,-0.774586463485532,Pave,NONE,Lvl,Inside,Gtl,NAmes,Norm,Norm,TwnhsE,1Story,6,5,1998,MetalSd,MetalSd,None,-0.567015949674981,PConc,266,0,1139,1405,GasA,0.268289832918241,SBrkr,-0.785025043886639,-0.32365886550228,1,0,0.781365814350925,-0.756321032880405,-1.04580127322219,-0.207698474525451,-0.925062116656053,-0.924311211315714,Attchd,0.283881667563343,0.177668895257833,0.397535289886414,0.303611606183342,-0.359600750132276,-0.103330530851366,-0.285935458023539,NONE,-0.0895919598967582,Abnorml,0.44693779307133,1,2,3,4,3,3,0,3,3,7,6,1,2,3,3,1,0,3,0.297607266471232,12.106252310248,200811
1266,160,FV,-0.680092274423065,-0.815800592319554,Pave,NONE,Lvl,FR3,Gtl,Somerst,Norm,Norm,TwnhsE,2Story,7,5,1999,MetalSd,MetalSd,BrkFace,0.652060200162257,PConc,450,0,241,691,GasA,0.268289832918241,SBrkr,0.939080641938459,-0.0963701271444191,1,0,0.781365814350925,1.23259887250509,0.169927088600022,-0.207698474525451,-0.287758288825272,-0.924311211315714,Detchd,0.286105820908408,0.154466905956663,-0.740760408320604,-0.199615580216871,-0.359600750132276,-0.103330530851366,-0.285935458023539,NONE,-0.0895919598967582,Normal,0.44693779307133,1,2,3,4,3,3,0,3,3,7,6,1,2,3,3,1,0,1,0.297607266471232,12.1221474105924,200606
1267,190,RM,0.0667136381510165,-0.00610147661116201,Pave,NONE,Bnk,Inside,Gtl,OldTown,Feedr,Norm,2fmCon,2.5Unf,7,4,1910,Wd Sdng,Wd Sdng,None,-0.567015949674981,CBlock,0,0,925,925,GasA,-3.72731232161413,FuseF,1.37302334500134,0.767327078615453,0,0,-1.02736282330994,1.23259887250509,1.38565545042224,4.45593111885755,1.62415319466707,0.623631660646747,Detchd,0.199363840450886,-0.764331870369674,-0.740760408320604,-0.702842766617084,3.75042078024169,-0.103330530851366,-0.285935458023539,MnPrv,-0.0895919598967582,Normal,0.44693779307133,1,2,1,2,2,3,4,3,3,7,1,1,0,3,2,1,0,1,-0.250997476711292,11.7117763237154,200701
1268,20,RL,0.933008496736951,0.386257029888723,Pave,NONE,HLS,Inside,Gtl,Timber,Norm,Norm,1Fam,1Story,9,5,2008,Stucco,CmentBd,None,-0.567015949674981,PConc,0,0,2002,2002,GasA,0.268289832918241,SBrkr,-0.785025043886639,1.02228575033862,0,0,0.781365814350925,-0.756321032880405,0.169927088600022,-0.207698474525451,2.26145702249785,0.623631660646747,Attchd,0.308347354359055,1.26816239241283,0.397535289886414,0.422018002983392,-0.359600750132276,-0.103330530851366,-0.285935458023539,NONE,-0.0895919598967582,Normal,0.44693779307133,1,2,4,4,4,3,4,3,3,7,1,1,2,3,2,4,0,3,1.66911912442754,12.8439713518596,201008
1269,50,RL,-1.72562055202678,0.498613085725471,Pave,NONE,Lvl,Inside,Mod,Crawfor,Norm,Norm,1Fam,1.5Fin,8,9,1935,Stucco,Stucco,BrkFace,2.96718646636692,CBlock,192,0,536,728,GasA,0.268289832918241,SBrkr,2.66551935304884,3.84659537741152,0,0,2.59009445201179,1.23259887250509,1.38565545042224,-0.207698474525451,2.89876085032863,2.17157453260921,BuiltIn,0.248295214042309,2.51178901895555,1.7413566002697,-0.525233171417009,-0.359600750132276,-0.103330530851366,-0.285935458023539,GdWo,-0.0895919598967582,Normal,-2.23744784062252,1,3,2,4,3,3,4,3,3,7,3,1,2,3,2,2,0,1,-0.250997476711292,12.8505546541088,200808
1270,50,RL,0.604413895204355,0.149117273212968,Pave,NONE,Lvl,Inside,Gtl,NAmes,Feedr,Norm,1Fam,1.5Fin,5,5,1958,MetalSd,MetalSd,BrkFace,0.439560687805308,CBlock,460,0,414,874,GasW,0.268289832918241,FuseA,0.731441391548157,0.04593238730572,0,0,-1.02736282330994,1.23259887250509,0.169927088600022,-0.207698474525451,0.349545539005509,-0.924311211315714,Attchd,0.194915533760756,-0.731849085348036,-0.740760408320604,-0.702842766617084,-0.359600750132276,-0.103330530851366,-0.285935458023539,GdWo,-0.0895919598967582,Normal,0.44693779307133,1,2,2,2,2,3,0,3,3,7,4,1,2,3,3,1,0,1,-0.250997476711292,11.8775685785581,200710
1271,40,RL,-1.72562055202678,1.70269971119942,Pave,NONE,Low,Inside,Sev,ClearCr,Norm,Norm,1Fam,1Story,7,6,1979,Plywood,Plywood,None,-0.567015949674981,PConc,1258,0,74,1332,GasA,0.268289832918241,SBrkr,-0.337084189112053,0.04593238730572,2,0,-2.8360914609708,1.23259887250509,-3.47725799686663,-0.207698474525451,-1.56236594448683,0.623631660646747,Attchd,0.241622754007115,0.525698734775385,1.37773436334246,-0.702842766617084,-0.359600750132276,-0.103330530851366,-0.285935458023539,NONE,-0.0895919598967582,Normal,-2.23744784062252,1,2,3,2,3,3,3,3,3,7,6,1,2,3,3,4,0,3,0.297607266471232,12.4684369099977,201007
1272,20,RL,-1.72562055202678,-0.128348923368075,Pave,NONE,Lvl,Inside,Gtl,NWAmes,PosN,Norm,1Fam,1Story,6,7,1968,BrkFace,BrkFace,None,-0.567015949674981,CBlock,0,0,1489,1489,GasA,0.268289832918241,SBrkr,-0.785025043886639,-0.023242446107542,0,0,0.781365814350925,-0.756321032880405,0.169927088600022,-0.207698474525451,0.349545539005509,0.623631660646747,Attchd,0.217157067211403,-0.0497105998936342,-0.740760408320604,-0.702842766617084,-0.359600750132276,-0.103330530851366,-0.285935458023539,NONE,-0.0895919598967582,Normal,-2.23744784062252,1,2,2,3,3,3,4,3,3,7,1,1,2,3,2,1,0,2,-0.250997476711292,12.13215696258,200911
1273,20,RL,-1.72562055202678,0.425822593569383,Pave,NONE,Lvl,CulDSac,Gtl,Sawyer,Norm,Norm,1Fam,1Story,5,6,1965,HdBoard,Plywood,BrkFace,0.0704825873958687,CBlock,560,375,0,935,GasA,0.268289832918241,SBrkr,-0.785025043886639,-1.11818123784889,1,0,-1.02736282330994,-0.756321032880405,0.169927088600022,-0.207698474525451,-0.925062116656053,-0.924311211315714,Attchd,0.210484607176209,-0.857139827574354,0.682109214438168,-0.702842766617084,-0.359600750132276,-0.103330530851366,-0.285935458023539,MnPrv,-0.0895919598967582,Normal,-2.23744784062252,1,2,2,2,2,3,0,3,3,7,4,2,2,3,2,1,0,1,-0.250997476711292,11.8277362048103,200603
1274,80,RL,1.97853677434066,0.170421807502555,Pave,NONE,Lvl,Corner,Gtl,Edwards,Norm,Norm,1Fam,SLvl,6,7,1959,Plywood,Plywood,BrkFace,-0.0972801855175127,CBlock,719,0,300,1019,GasA,0.268289832918241,SBrkr,-0.785025043886639,-0.28413038926613,1,0,-1.02736282330994,-0.756321032880405,-1.04580127322219,-0.207698474525451,-0.925062116656053,0.623631660646747,Basment,0.197139687105821,-0.745770278928738,-0.740760408320604,-0.702842766617084,-0.359600750132276,-0.103330530851366,2.61572459233746,GdPrv,-0.0895919598967582,Normal,0.44693779307133,1,2,2,3,4,3,4,3,3,7,5,1,2,3,2,3,0,2,-0.250997476711292,12.083905011556,200808
1275,50,RL,-0.142392017369726,-0.609476322741237,Pave,NONE,Lvl,Corner,Gtl,Crawfor,Norm,Norm,1Fam,1.5Fin,5,6,1910,Wd Sdng,Wd Shng,None,-0.567015949674981,PConc,0,0,661,661,GasA,0.268289832918241,SBrkr,0.589126849145814,-0.495607737129532,0,0,0.781365814350925,-0.756321032880405,0.169927088600022,-0.207698474525451,0.98684936683629,0.623631660646747,Detchd,0.254967674077503,0.367925207527428,1.17220875116619,-0.702842766617084,0.901428583050645,-0.103330530851366,-0.285935458023539,NONE,-0.0895919598967582,Normal,0.44693779307133,1,2,2,4,2,3,4,3,3,7,1,1,2,3,3,1,0,1,-0.250997476711292,11.8422292121128,200703
1276,90,RL,1.11224191575473,0.149244085917073,Pave,NONE,Lvl,Corner,Gtl,NAmes,Feedr,Norm,Duplex,2Story,5,5,1948,AsbShng,AsbShng,Stone,2.60370045838793,CBlock,220,0,708,928,GasA,0.268289832918241,FuseA,1.52933603911539,0.828596216781485,0,0,0.781365814350925,-0.756321032880405,1.38565545042224,4.45593111885755,2.26145702249785,-0.924311211315714,Detchd,0.17267400031011,-0.337415267228144,-0.740760408320604,-0.702842766617084,-0.359600750132276,-0.103330530851366,-0.285935458023539,NONE,-0.0895919598967582,Normal,0.44693779307133,1,2,2,3,2,3,0,3,2,7,3,1,2,3,3,1,0,1,-0.250997476711292,11.8277362048103,200710
1277,60,RL,-1.72562055202678,0.351003098147621,Pave,NONE,Lvl,CulDSac,Gtl,NWAmes,Norm,Norm,1Fam,2Story,6,6,1972,HdBoard,Plywood,None,-0.567015949674981,CBlock,593,0,130,723,GasA,0.268289832918241,SBrkr,0.754771644401,-0.209026284417446,0,1,-1.02736282330994,1.23259887250509,0.169927088600022,-0.207698474525451,-0.287758288825272,0.623631660646747,Attchd,0.226053680591662,0.112703325214557,1.58325997551872,1.01404998698364,-0.359600750132276,-0.103330530851366,-0.285935458023539,NONE,-0.0895919598967582,Normal,-2.23744784062252,1,2,2,2,2,4,3,3,3,7,4,1,2,3,2,1,0,1,-0.250997476711292,11.9953516142145,200904
1278,80,RL,-1.72562055202678,0.976823792904225,Pave,NONE,Lvl,CulDSac,Gtl,NWAmes,Norm,Norm,1Fam,SLvl,6,5,1967,HdBoard,HdBoard,BrkFace,1.44054523285515,CBlock,528,0,1152,1680,GasA,0.268289832918241,SBrkr,-0.785025043886639,0.441217149667218,1,0,-1.02736282330994,1.23259887250509,0.169927088600022,-0.207698474525451,0.349545539005509,0.623631660646747,Attchd,0.214932913866338,0.0338165615905783,-0.740760408320604,-0.702842766617084,-0.359600750132276,-0.103330530851366,-0.285935458023539,NONE,-0.0895919598967582,Normal,-2.23744784062252,1,2,2,1,2,3,4,3,3,7,5,1,2,3,2,3,0,2,0.297607266471232,12.1955171315907,200909
1279,60,RL,0.514797185695465,-0.088149296166891,Pave,NONE,Lvl,Inside,Gtl,CollgCr,Norm,Norm,1Fam,2Story,8,5,2002,VinylSd,VinylSd,NONE,-0.567015949674981,PConc,804,0,324,1128,GasA,0.268289832918241,SBrkr,1.32169678872508,1.04797925989212,1,0,0.781365814350925,1.23259887250509,0.169927088600022,-0.207698474525451,0.349545539005509,0.623631660646747,Attchd,0.292778280943602,0.483935154033279,-0.740760408320604,2.42012594898424,-0.359600750132276,-0.103330530851366,-0.285935458023539,NONE,-0.0895919598967582,Normal,0.44693779307133,1,2,3,4,3,3,4,3,3,7,6,1,2,3,3,1,0,2,0.297607266471232,12.3758154201173,200806
1280,50,C (all),0.0667136381510165,-0.338350761365428,Pave,NONE,Lvl,Inside,Gtl,IDOTRR,Norm,Norm,1Fam,1.5Fin,4,4,1920,MetalSd,MetalSd,None,-0.567015949674981,CBlock,0,0,698,698,GasA,0.268289832918241,FuseA,0.21817582878561,-0.736731442170045,0,0,-1.02736282330994,-0.756321032880405,-1.04580127322219,-0.207698474525451,-0.287758288825272,-0.924311211315714,Detchd,0.243846907352179,0.256555658881811,-0.503615471194142,-0.702842766617084,2.19359444297882,-0.103330530851366,-0.285935458023539,NONE,-0.0895919598967582,Abnorml,0.44693779307133,1,3,2,2,2,3,0,3,3,7,1,1,2,3,3,1,0,2,-0.250997476711292,11.1331281036106,201007
1281,20,RL,0.275819293671759,-0.0456670402918227,Pave,NONE,Lvl,Inside,Gtl,CollgCr,Norm,Norm,1Fam,1Story,7,5,2002,VinylSd,VinylSd,BrkFace,0.0481142176740845,PConc,788,0,785,1573,GasA,0.268289832918241,SBrkr,-0.785025043886639,0.142777154084287,1,0,0.781365814350925,-0.756321032880405,0.169927088600022,-0.207698474525451,-0.287758288825272,-0.924311211315714,Attchd,0.292778280943602,0.330802024645556,-0.740760408320604,0.362814804583367,-0.359600750132276,-0.103330530851366,-0.285935458023539,NONE,-0.0895919598967582,Normal,0.44693779307133,1,2,3,4,3,3,0,3,3,7,6,1,2,3,2,1,0,2,0.297607266471232,12.3327052964635,200906
1282,20,RL,-0.232008726878616,-0.268730586811957,Pave,NONE,Lvl,CulDSac,Gtl,Timber,Norm,Norm,1Fam,1Story,7,5,1990,HdBoard,HdBoard,BrkFace,-0.265042958430894,CBlock,1053,0,256,1309,GasA,0.268289832918241,SBrkr,-0.785025043886639,-0.319706017878665,1,0,0.781365814350925,-0.756321032880405,-1.04580127322219,-0.207698474525451,-0.287758288825272,0.623631660646747,Attchd,0.266088440802826,0.0523781530315144,-0.740760408320604,0.155603610183279,-0.359600750132276,-0.103330530851366,1.31620812806535,NONE,-0.0895919598967582,Normal,0.44693779307133,1,2,2,2,2,3,3,4,4,7,5,1,2,3,2,1,0,3,0.297607266471232,12.1007121298723,200610
1283,20,RL,0.0965858746539798,-0.173494246029342,Pave,NONE,Lvl,Inside,Gtl,CollgCr,Norm,Norm,1Fam,1Story,5,7,1977,HdBoard,HdBoard,None,-0.567015949674981,CBlock,532,144,364,1040,GasA,0.268289832918241,SBrkr,-0.785025043886639,-0.910656737609104,0,0,0.781365814350925,-0.756321032880405,0.169927088600022,-0.207698474525451,-0.925062116656053,-0.924311211315714,Detchd,0.237174447316985,0.0523781530315144,-0.740760408320604,-0.702842766617084,-0.359600750132276,-0.103330530851366,4.84092401746092,NONE,-0.0895919598967582,Normal,0.44693779307133,1,2,2,2,3,3,0,3,3,7,2,3,2,3,2,2,0,1,0.297607266471232,11.9217183631711,200912
1284,90,RL,1.08236967925177,-0.0974066235665327,Pave,NONE,Low,Corner,Gtl,Mitchel,Norm,Norm,Duplex,2Story,6,5,1971,MetalSd,Wd Shng,None,-0.567015949674981,CBlock,0,0,912,912,GasA,0.268289832918241,SBrkr,1.34269401629264,0.638859530847967,0,0,0.781365814350925,3.22151877789059,1.38565545042224,4.45593111885755,0.98684936683629,-0.924311211315714,NONE,-4.15997671587587,-2.19357441132175,0.271057990085634,-0.702842766617084,-0.359600750132276,-0.103330530851366,-0.285935458023539,NONE,-0.0895919598967582,Normal,0.44693779307133,1,2,2,2,2,3,0,0,0,7,1,1,2,3,3,3,0,0,-0.250997476711292,11.8422292121128,201007
1285,50,RL,-0.232008726878616,-0.0672251999896185,Pave,NONE,Lvl,Inside,Gtl,SWISU,Feedr,Norm,1Fam,1.5Fin,6,7,1919,Wd Sdng,Wd Shng,None,-0.567015949674981,PConc,0,0,804,804,GasA,0.268289832918241,SBrkr,0.960077869506018,1.87017156560403,0,0,0.781365814350925,-0.756321032880405,1.38565545042224,-0.207698474525451,2.26145702249785,0.623631660646747,Detchd,0.219381220556468,-0.634400730283121,1.40935368829265,-0.702842766617084,0.294266311518127,-0.103330530851366,1.77904960849103,NONE,-0.0895919598967582,Normal,0.44693779307133,1,2,2,4,3,3,4,3,3,5,1,1,2,3,3,1,0,1,-0.250997476711292,12.0376539939052,201006
1286,50,RM,-0.232008726878616,-0.52856981752245,Pave,NONE,Lvl,Inside,Gtl,BrkSide,Norm,Norm,1Fam,1.5Fin,6,6,1939,MetalSd,MetalSd,None,-0.567015949674981,CBlock,0,0,780,780,GasA,0.268289832918241,FuseF,0.584460798575246,-0.175427079616719,0,0,-1.02736282330994,-0.756321032880405,1.38565545042224,-0.207698474525451,-0.287758288825272,0.623631660646747,Detchd,0.152656620204528,-0.894263010456227,-0.385043002630911,-0.702842766617084,-0.359600750132276,-0.103330530851366,-0.285935458023539,NONE,-0.0895919598967582,Normal,0.44693779307133,1,1,2,4,2,3,4,3,3,7,1,1,2,3,3,1,0,1,-0.250997476711292,11.7943379244084,200908
1287,20,RL,-1.72562055202678,-0.0479496689657069,Pave,NONE,Lvl,Inside,Gtl,NWAmes,Feedr,Norm,1Fam,1Story,6,5,1963,HdBoard,HdBoard,BrkFace,1.95501773645619,CBlock,569,81,678,1328,GasA,0.268289832918241,SBrkr,-0.785025043886639,-0.341446679808548,1,0,-1.02736282330994,1.23259887250509,0.169927088600022,-0.207698474525451,-0.287758288825272,2.17157453260921,Attchd,0.20603630048608,0.256555658881811,-0.740760408320604,-0.318021977016921,-0.359600750132276,-0.103330530851366,-0.285935458023539,NONE,-0.0895919598967582,Normal,-2.23744784062252,1,2,2,2,2,3,4,3,3,7,5,3,2,3,3,1,0,1,-0.250997476711292,11.870599909242,201009
1288,20,RL,-1.72562055202678,3.33921765767034,Pave,NONE,Low,Inside,Mod,ClearCr,Norm,Norm,1Fam,1Story,5,5,1964,Wd Sdng,Wd Sdng,BrkCmn,2.90567344963201,CBlock,812,0,812,1624,GasA,0.268289832918241,SBrkr,-0.785025043886639,0.160564968390554,0,1,0.781365814350925,-0.756321032880405,1.38565545042224,-0.207698474525451,0.349545539005509,-0.924311211315714,Attchd,0.208260453831144,-0.383819245830484,0.587251239587583,2.22771555418416,-0.359600750132276,-0.103330530851366,-0.285935458023539,NONE,-0.0895919598967582,Normal,-2.23744784062252,1,3,2,1,2,3,0,3,3,7,3,1,0,3,2,3,0,1,-0.250997476711292,12.1547793511426,200609
1289,120,RL,-0.530731091908249,-0.571178886101623,Pave,NONE,Lvl,Inside,Gtl,StoneBr,Norm,Norm,TwnhsE,1Story,8,5,2000,CemntBd,CmentBd,None,-0.567015949674981,PConc,1158,0,343,1501,GasA,0.268289832918241,SBrkr,-0.785025043886639,0.312749601899731,1,0,0.781365814350925,-0.756321032880405,-1.04580127322219,-0.207698474525451,-0.925062116656053,0.623631660646747,Attchd,0.288329974253473,0.121984120935025,0.935063814039727,0.170404409783286,-0.359600750132276,-0.103330530851366,-0.285935458023539,NONE,-0.0895919598967582,Normal,0.44693779307133,1,2,3,4,4,3,5,3,3,7,6,1,2,3,2,1,0,3,0.297607266471232,12.5353763926728,200902
1290,60,RL,0.843391787228061,0.113736528767762,Pave,NONE,Lvl,Inside,Gtl,NridgHt,Norm,Norm,1Fam,2Story,8,5,2006,VinylSd,VinylSd,Stone,3.8395528855165,PConc,0,0,1085,1085,GasA,0.268289832918241,SBrkr,1.19804644860502,0.92741740737186,0,0,0.781365814350925,1.23259887250509,0.169927088600022,-0.207698474525451,0.98684936683629,0.623631660646747,BuiltIn,0.301674894323861,1.30064517743447,0.658394720725522,0.392416403783379,-0.359600750132276,-0.103330530851366,-0.285935458023539,NONE,-0.0895919598967582,Partial,0.44693779307133,1,2,3,4,4,3,4,3,3,7,1,1,2,3,2,2,0,3,0.297607266471232,12.5461099483159,200602
1291,80,RL,-1.72562055202678,0.500134838174727,Pave,NONE,Lvl,Corner,Gtl,NAmes,Norm,Norm,1Fam,SLvl,5,7,1964,Wd Sdng,HdBoard,BrkFace,-0.0860960006566206,PConc,1014,0,138,1152,GasA,0.268289832918241,SBrkr,-0.785025043886639,-0.689297270686666,1,0,-1.02736282330994,-0.756321032880405,0.169927088600022,-0.207698474525451,-0.287758288825272,0.623631660646747,Attchd,0.208260453831144,0.0523781530315144,1.05363628260296,-0.702842766617084,-0.359600750132276,-0.103330530851366,-0.285935458023539,NONE,-0.0895919598967582,Normal,-2.23744784062252,1,2,2,2,2,3,4,3,3,7,6,1,2,3,2,3,0,2,-0.250997476711292,12.1034860567551,201007
1292,160,RM,-1.09830358546455,-1.07640069925467,Pave,NONE,Lvl,Inside,Gtl,BrDale,Norm,Norm,Twnhs,2Story,5,7,1972,CemntBd,CmentBd,BrkFace,0.93166482168456,CBlock,231,0,399,630,GasA,0.268289832918241,SBrkr,0.782767947824411,-0.392833698915542,0,0,0.781365814350925,1.23259887250509,0.169927088600022,-0.207698474525451,-0.287758288825272,-0.924311211315714,Detchd,0.226053680591662,-0.968509376219971,0.721633370625912,-0.702842766617084,-0.359600750132276,-0.103330530851366,-0.285935458023539,NONE,-0.0895919598967582,Normal,0.44693779307133,1,2,2,2,2,3,0,3,3,7,5,1,2,3,3,1,0,1,-0.250997476711292,11.6910716503537,200905
1293,70,RM,0.0667136381510165,-0.452482195059641,Pave,NONE,Lvl,Corner,Gtl,OldTown,Norm,Norm,1Fam,2Story,5,4,1892,Wd Sdng,Wd Sdng,None,-0.567015949674981,Stone,0,0,994,994,GasA,-3.72731232161413,SBrkr,1.53400208968596,1.72193977971847,0,0,0.781365814350925,-0.756321032880405,1.38565545042224,4.45593111885755,2.89876085032863,-0.924311211315714,Attchd,0.254967674077503,-0.188922535700655,-0.740760408320604,3.54498671858471,-0.359600750132276,-0.103330530851366,-0.285935458023539,NONE,-0.0895919598967582,Normal,0.44693779307133,1,2,2,2,2,3,0,3,3,5,1,1,2,3,3,1,0,2,-0.250997476711292,11.5852461265499,200904
1294,60,RL,0.604413895204355,-0.00356522252906838,Pave,NONE,Lvl,Inside,Gtl,NWAmes,Norm,Norm,1Fam,2Story,7,5,1976,HdBoard,HdBoard,None,-0.567015949674981,PConc,194,0,638,832,GasA,0.268289832918241,SBrkr,1.1560519934699,0.322631720958768,0,0,0.781365814350925,1.23259887250509,1.38565545042224,-0.207698474525451,0.98684936683629,0.623631660646747,Attchd,0.234950293971921,0.256555658881811,-0.740760408320604,-0.288420377816909,-0.359600750132276,-0.103330530851366,4.32467775083228,GdWo,-0.0895919598967582,Normal,0.44693779307133,1,2,2,2,2,3,3,3,3,7,6,1,2,3,3,1,0,2,0.297607266471232,12.0008917945901,200606
1295,20,RL,0.0667136381510165,-0.253132624207082,Pave,NONE,Lvl,Inside,Gtl,Edwards,Norm,Norm,1Fam,1Story,5,7,1955,WdShing,Plywood,None,-0.567015949674981,CBlock,167,0,697,864,GasA,0.268289832918241,SBrkr,-0.785025043886639,-1.25850732848722,1,0,-1.02736282330994,-0.756321032880405,-1.04580127322219,-0.207698474525451,-0.925062116656053,-0.924311211315714,Detchd,0.192691380415692,0.460733164732109,-0.740760408320604,-0.702842766617084,-0.359600750132276,-0.103330530851366,-0.285935458023539,NONE,-0.0895919598967582,Normal,0.44693779307133,1,2,2,2,2,3,0,3,3,7,3,1,0,3,3,1,0,1,-0.250997476711292,11.6526874073454,200607
1296,20,RL,0.365436003180649,-0.224219327671214,Pave,NONE,Lvl,Inside,Gtl,NAmes,Feedr,Norm,1Fam,1Story,5,5,1968,HdBoard,HdBoard,BrkFace,0.372455578639955,CBlock,1016,0,36,1052,GasA,0.268289832918241,SBrkr,-0.785025043886639,-0.886939651867414,1,0,-1.02736282330994,1.23259887250509,0.169927088600022,-0.207698474525451,-0.925062116656053,-0.924311211315714,Attchd,0.217157067211403,-0.857139827574354,2.07335951224675,-0.702842766617084,-0.359600750132276,-0.103330530851366,-0.285935458023539,GdWo,-0.0895919598967582,Normal,0.44693779307133,1,2,2,3,2,3,0,3,3,7,4,1,2,3,3,3,0,2,-0.250997476711292,11.8386256046095,200603
1297,20,RL,0.664158368210282,-0.18617551643981,Pave,NONE,Lvl,Inside,Gtl,NAmes,Norm,Norm,1Fam,1Story,5,6,1963,MetalSd,MetalSd,BrkFace,0.260613730031034,CBlock,776,0,344,1120,GasA,0.268289832918241,SBrkr,-0.785025043886639,-0.736731442170045,1,0,0.781365814350925,-0.756321032880405,0.169927088600022,-0.207698474525451,-0.287758288825272,-0.924311211315714,Attchd,0.20603630048608,0.242634465301109,0.776967189288753,-0.406826774616959,1.55529564470105,-0.103330530851366,-0.285935458023539,MnPrv,-0.0895919598967582,Normal,0.44693779307133,1,3,2,3,2,3,0,3,3,7,5,1,2,3,3,2,0,2,-0.250997476711292,11.9511803959014,200804
1298,180,RM,-0.680092274423065,-0.823409354565835,Pave,NONE,Lvl,Inside,Gtl,Edwards,Norm,Norm,TwnhsE,SFoyer,6,5,2005,VinylSd,VinylSd,BrkFace,-0.108464370378405,PConc,547,0,0,547,GasA,0.268289832918241,SBrkr,-0.785025043886639,-0.847411175631265,1,0,0.781365814350925,-0.756321032880405,-1.04580127322219,-0.207698474525451,-0.925062116656053,-0.924311211315714,Basment,0.299450740978796,0.242634465301109,-0.740760408320604,-0.0516075842168084,-0.359600750132276,-0.103330530851366,-0.285935458023539,NONE,-0.0895919598967582,Partial,0.44693779307133,1,2,2,3,2,3,0,3,3,7,6,1,2,3,3,4,0,3,0.297607266471232,11.8493977015914,200609
1299,60,RL,7.62438947340072,6.81223718498525,Pave,NONE,Bnk,Corner,Gtl,Edwards,Feedr,Norm,1Fam,2Story,10,5,2008,Stucco,Stucco,Stone,3.88428962496007,PConc,5644,0,466,6110,GasA,0.268289832918241,SBrkr,1.43134897713345,8.18484564432896,2,0,0.781365814350925,1.23259887250509,0.169927088600022,-0.207698474525451,3.53606467815941,3.71951740457167,Attchd,0.30612320101399,4.38650975449009,0.950873476514825,3.61899071658474,-0.359600750132276,-0.103330530851366,-0.285935458023539,NONE,-0.0895919598967582,Partial,0.44693779307133,1,2,4,4,4,3,4,3,3,7,6,1,2,3,0,4,3,3,1.66911912442754,11.982929094216,200801
1300,20,RL,0.514797185695465,-0.338350761365428,Pave,NONE,Lvl,Inside,Gtl,NAmes,Norm,Norm,1Fam,1Story,5,7,1959,BrkFace,BrkFace,None,-0.567015949674981,CBlock,340,906,0,1246,GasA,0.268289832918241,SBrkr,-0.785025043886639,-0.503513432376762,1,0,-1.02736282330994,1.23259887250509,0.169927088600022,-0.207698474525451,-0.287758288825272,-0.924311211315714,Attchd,0.197139687105821,-0.778253063950376,0.98249280146502,-0.702842766617084,-0.359600750132276,-0.103330530851366,-0.285935458023539,GdPrv,-0.0895919598967582,Normal,0.44693779307133,1,2,2,4,3,3,0,3,3,7,2,3,2,3,3,1,0,2,-0.250997476711292,11.9447078813958,201008
1301,60,RL,-1.72562055202678,0.0753122794240435,Pave,NONE,Lvl,CulDSac,Gtl,Gilbert,Norm,Norm,1Fam,2Story,7,5,1999,VinylSd,VinylSd,None,1.35666384639846,PConc,694,0,284,978,GasA,0.268289832918241,SBrkr,1.49667368512141,0.953110916925357,0,0,0.781365814350925,1.23259887250509,0.169927088600022,-0.207698474525451,1.62415319466707,0.623631660646747,Attchd,0.286105820908408,0.0802205401929185,-0.740760408320604,-0.702842766617084,-0.359600750132276,-0.103330530851366,-0.285935458023539,NONE,-0.0895919598967582,Normal,-2.23744784062252,1,2,3,4,3,3,3,3,3,7,6,1,2,3,2,1,0,3,0.297607266471232,12.3238556811866,200908
1302,70,RL,-1.72562055202678,-0.338350761365428,Pave,NONE,Bnk,Inside,Gtl,Crawfor,Norm,Norm,1Fam,2Story,6,7,1942,Wd Sdng,Wd Sdng,None,-0.567015949674981,CBlock,547,0,224,771,GasA,0.268289832918241,SBrkr,0.943746692509028,-0.0133603270485046,0,0,-1.02736282330994,-0.756321032880405,0.169927088600022,-0.207698474525451,0.349545539005509,2.17157453260921,Attchd,0.159329080239722,-1.20516966709191,-0.740760408320604,-0.702842766617084,-0.359600750132276,-0.103330530851366,3.70162191179771,NONE,-0.0895919598967582,Normal,-2.23744784062252,1,2,2,1,3,3,4,3,3,7,4,1,1,3,2,1,0,1,-0.250997476711292,12.0867258878976,200903
1303,60,RL,1.02262520624584,-0.00610147661116201,Pave,NONE,Lvl,Inside,Gtl,NoRidge,Norm,Norm,1Fam,2Story,8,5,1994,VinylSd,VinylSd,BrkFace,1.61949219062942,PConc,740,0,425,1165,GasA,0.268289832918241,SBrkr,2.30156740854449,2.02630904673682,1,0,0.781365814350925,1.23259887250509,1.38565545042224,-0.207698474525451,0.98684936683629,0.623631660646747,Attchd,0.274985054183085,1.72292138271576,1.70183244408195,0.451619602183404,-0.359600750132276,-0.103330530851366,-0.285935458023539,NONE,-0.0895919598967582,Normal,0.44693779307133,1,2,3,4,3,3,3,3,3,7,6,1,2,3,3,1,0,2,0.297607266471232,12.5776362019627,200604
1304,20,RL,0.455052712689539,-0.187697268889066,Pave,NONE,Lvl,Inside,Gtl,Somerst,Norm,Norm,1Fam,1Story,7,5,2005,VinylSd,VinylSd,BrkFace,0.707981124466718,PConc,0,0,1616,1616,GasA,0.268289832918241,SBrkr,-0.785025043886639,0.227763377992009,0,0,0.781365814350925,-0.756321032880405,0.169927088600022,-0.207698474525451,0.349545539005509,-0.924311211315714,Attchd,0.299450740978796,1.67651740411342,0.903444489089533,0.170404409783286,-0.359600750132276,-0.103330530851366,-0.285935458023539,NONE,-0.0895919598967582,Normal,0.44693779307133,1,2,3,4,3,3,0,3,3,7,1,1,2,3,3,3,0,2,0.297607266471232,12.3544926506484,200607
1305,160,RM,-0.769708983931955,-0.862974918246495,Pave,NONE,Lvl,Inside,Gtl,Edwards,Norm,Norm,TwnhsE,2Story,7,5,2004,VinylSd,VinylSd,Stone,0.0872588646872068,PConc,0,0,976,976,GasA,0.268289832918241,SBrkr,0.922749464941469,0.409594368678298,0,0,0.781365814350925,-0.756321032880405,0.169927088600022,-0.207698474525451,0.349545539005509,-0.924311211315714,Detchd,0.297226587633731,-0.430223224432824,-0.740760408320604,-0.110810782616833,-0.359600750132276,-0.103330530851366,-0.285935458023539,NONE,-0.0895919598967582,Normal,0.44693779307133,1,2,3,4,3,3,0,3,3,3,1,1,2,3,3,1,0,1,0.297607266471232,11.7752897294377,200607
1306,20,RL,1.50058099029325,0.381057709020431,Pave,NONE,Lvl,Corner,Gtl,NridgHt,Norm,Norm,1Fam,1Story,9,5,2006,VinylSd,VinylSd,Stone,1.11061177945883,PConc,1572,0,80,1652,GasA,0.268289832918241,SBrkr,-0.785025043886639,0.298914635217079,1,0,0.781365814350925,-0.756321032880405,-1.04580127322219,-0.207698474525451,-0.287758288825272,2.17157453260921,Attchd,0.301674894323861,1.70435979127483,2.45279141164908,0.806838792583555,-0.359600750132276,-0.103330530851366,-0.285935458023539,NONE,-0.0895919598967582,Normal,0.44693779307133,1,2,3,4,4,3,5,3,3,7,6,1,2,3,2,1,0,3,1.66911912442754,12.6915804613119,200903
1307,120,RL,-0.291753199884543,-0.407463685102479,Pave,NONE,Lvl,Inside,Gtl,NridgHt,Norm,Norm,TwnhsE,1Story,7,5,2005,VinylSd,VinylSd,Stone,-0.0413592612130523,PConc,0,0,1368,1368,GasA,0.268289832918241,SBrkr,-0.785025043886639,-0.262389727336248,0,0,0.781365814350925,-0.756321032880405,-1.04580127322219,-0.207698474525451,-0.287758288825272,0.623631660646747,Attchd,0.299450740978796,0.00597417442917412,0.302677315035829,-0.184814780616865,-0.359600750132276,-0.103330530851366,-0.285935458023539,NONE,-0.0895919598967582,Partial,0.44693779307133,1,2,3,4,3,3,4,3,3,7,1,1,2,3,2,1,0,2,0.297607266471232,12.2184951655287,200612
1308,20,RL,0.0667136381510165,-0.26581389461755,Pave,NONE,Lvl,Inside,Gtl,CollgCr,Norm,Norm,1Fam,1Story,5,5,1994,VinylSd,VinylSd,None,-0.567015949674981,PConc,746,0,244,990,GasA,0.268289832918241,SBrkr,-0.785025043886639,-1.00947792819948,1,0,-1.02736282330994,-0.756321032880405,0.169927088600022,-0.207698474525451,-0.925062116656053,-0.924311211315714,Detchd,0.288329974253473,0.0338165615905783,-0.740760408320604,0.244408407783317,-0.359600750132276,-0.103330530851366,-0.285935458023539,NONE,-0.0895919598967582,Normal,0.44693779307133,1,3,2,4,2,4,0,3,3,7,5,1,2,3,3,1,0,1,0.297607266471232,11.8350089641393,200908
1309,20,RM,1.26160309826955,0.232306407105639,Pave,NONE,Lvl,Inside,Gtl,OldTown,Norm,Norm,1Fam,1Story,5,7,1948,MetalSd,MetalSd,None,-0.567015949674981,CBlock,144,608,172,924,GasA,0.268289832918241,SBrkr,-0.785025043886639,-0.74858998504089,1,0,-1.02736282330994,-0.756321032880405,-1.04580127322219,-0.207698474525451,-0.287758288825272,-0.924311211315714,Attchd,0.17267400031011,0.256555658881811,-0.740760408320604,-0.170013981016859,-0.359600750132276,-0.103330530851366,-0.285935458023539,GdWo,-0.0895919598967582,Normal,0.44693779307133,1,2,2,4,3,3,0,3,3,7,6,5,2,3,3,1,0,1,-0.250997476711292,11.8981878657609,200808
1310,20,RL,-1.72562055202678,-0.382354769689752,Pave,NONE,Lvl,Inside,Gtl,SawyerW,Norm,Norm,1Fam,1Story,6,5,1991,HdBoard,HdBoard,BrkFace,-0.0749118157957285,CBlock,1200,0,78,1278,GasA,0.268289832918241,SBrkr,-0.785025043886639,-0.408645089410002,1,0,0.781365814350925,-0.756321032880405,0.169927088600022,-0.207698474525451,-0.287758288825272,-0.924311211315714,Attchd,0.268312594147891,0.108062927354323,0.144580690284854,0.0519980129832354,-0.359600750132276,-0.103330530851366,-0.285935458023539,GdWo,-0.0895919598967582,Normal,-2.23744784062252,1,2,2,3,3,3,0,3,3,7,6,1,2,3,3,1,0,2,0.297607266471232,12.096257779523,200809
1311,20,RL,1.26160309826955,0.929776279681388,Pave,NONE,Lvl,Inside,Gtl,Crawfor,PosA,Norm,1Fam,1Story,7,8,1959,BrkFace,HdBoard,None,-0.567015949674981,PConc,1406,0,496,1902,GasA,0.268289832918241,SBrkr,-0.785025043886639,0.793020588168951,1,0,0.781365814350925,-0.756321032880405,0.169927088600022,-0.207698474525451,0.349545539005509,2.17157453260921,Attchd,0.197139687105821,0.437531175430938,-0.740760408320604,2.36092275058421,2.16245791623357,-0.103330530851366,-0.285935458023539,NONE,-0.0895919598967582,Normal,0.44693779307133,1,3,3,2,4,3,3,3,3,7,6,1,2,3,3,3,0,3,0.297607266471232,12.7218858108072,201008
1312,20,RL,0.305691530174723,-0.171718868171876,Pave,NONE,Lvl,Inside,Gtl,CollgCr,Norm,Norm,1Fam,1Story,7,5,2005,VinylSd,VinylSd,BrkFace,-0.119648555239297,PConc,925,0,349,1274,GasA,0.268289832918241,SBrkr,-0.785025043886639,-0.448173565646152,1,0,0.781365814350925,-0.756321032880405,0.169927088600022,-0.207698474525451,-0.287758288825272,-0.924311211315714,Attchd,0.299450740978796,0.163747701677131,1.34611503839226,0.74763559418353,-0.359600750132276,-0.103330530851366,-0.285935458023539,NONE,-0.0895919598967582,Partial,0.44693779307133,1,2,3,4,3,3,0,3,3,7,6,1,2,3,3,1,0,2,0.297607266471232,12.2209612580239,200701
1313,60,RL,-1.72562055202678,-0.0755948384605275,Pave,NONE,Lvl,Inside,Gtl,NoRidge,Norm,Norm,1Fam,2Story,8,5,1990,Wd Sdng,Wd Sdng,BrkFace,1.31192710695489,PConc,482,0,971,1453,GasA,0.268289832918241,SBrkr,2.38089026824416,2.58761340929015,0,0,0.781365814350925,1.23259887250509,1.38565545042224,-0.207698474525451,1.62415319466707,0.623631660646747,Attchd,0.266088440802826,1.28672398385377,3.21165521045376,-0.702842766617084,-0.359600750132276,-0.103330530851366,-0.285935458023539,NONE,-0.0895919598967582,Normal,-2.23744784062252,1,2,3,4,3,3,5,4,4,7,6,1,2,3,2,1,0,2,1.66911912442754,12.618182296357,200709
1314,60,RL,1.50058099029325,0.584084848292026,Pave,NONE,Lvl,Corner,Gtl,NoRidge,Norm,Norm,1Fam,2Story,9,5,1999,VinylSd,VinylSd,BrkFace,0.355679301348617,PConc,0,0,1393,1393,GasA,0.268289832918241,SBrkr,1.96094571689298,2.17058798499877,0,0,0.781365814350925,1.23259887250509,1.38565545042224,-0.207698474525451,2.26145702249785,0.623631660646747,BuiltIn,0.286105820908408,1.42129552180055,4.53966685836195,-0.258818778616896,-0.359600750132276,-0.103330530851366,-0.285935458023539,NONE,-0.0895919598967582,Normal,0.44693779307133,1,2,3,4,3,3,3,3,3,7,1,1,2,3,2,1,0,3,0.297607266471232,12.7164021462475,201008
1315,20,RL,0.0667136381510165,-0.250849995533197,Pave,NONE,Lvl,Inside,Gtl,Edwards,Norm,Norm,1Fam,1Story,4,6,1954,Wd Sdng,Wd Sdng,None,-0.567015949674981,CBlock,732,0,216,948,GasA,0.268289832918241,SBrkr,-0.785025043886639,-1.09248772829539,1,0,-1.02736282330994,-0.756321032880405,0.169927088600022,-0.207698474525451,-0.925062116656053,0.623631660646747,Detchd,0.190467227070627,-0.894263010456227,-0.740760408320604,-0.170013981016859,-0.359600750132276,-0.103330530851366,-0.285935458023539,NONE,-0.0895919598967582,Normal,0.44693779307133,1,2,2,4,2,3,3,3,3,7,3,1,2,3,3,1,0,1,-0.250997476711292,11.6868787720937,200702
1316,60,RL,0.813519550725098,0.115004655808809,Pave,NONE,Lvl,Inside,Gtl,NAmes,Norm,Norm,1Fam,2Story,6,5,1969,HdBoard,HdBoard,None,-0.567015949674981,CBlock,500,276,176,952,GasA,0.268289832918241,SBrkr,1.59466074710335,1.20806958864852,0,0,0.781365814350925,1.23259887250509,1.38565545042224,-0.207698474525451,1.62415319466707,2.17157453260921,Attchd,0.219381220556468,0.479294756173045,1.47259233819304,-0.702842766617084,-0.359600750132276,-0.103330530851366,-0.285935458023539,NONE,-0.0895919598967582,Normal,0.44693779307133,1,2,2,2,2,3,4,3,3,7,5,2,2,3,3,2,0,1,-0.799602219893816,12.2399908637336,200809
1317,20,RL,0.0965858746539798,0.00734067002393423,Pave,NONE,Lvl,Inside,Gtl,CollgCr,Norm,Norm,1Fam,1Story,8,5,2008,VinylSd,VinylSd,Stone,0.942849006545452,PConc,0,0,1622,1622,GasA,0.268289832918241,SBrkr,-0.785025043886639,0.255433311357314,1,0,0.781365814350925,-0.756321032880405,0.169927088600022,-0.207698474525451,0.98684936683629,0.623631660646747,Attchd,0.30612320101399,1.79716774847951,0.618870564537778,-0.0812091834168209,-0.359600750132276,-0.103330530851366,-0.285935458023539,NONE,-0.0895919598967582,Normal,0.44693779307133,1,2,3,4,4,3,4,3,3,7,1,1,2,3,2,4,0,2,1.66911912442754,12.5964004268844,200901
1318,120,FV,-0.321625436387506,-0.753028303787736,Pave,Pave,Lvl,Corner,Gtl,Somerst,Norm,Norm,TwnhsE,1Story,7,5,2006,VinylSd,VinylSd,None,-0.567015949674981,PConc,0,0,1352,1352,GasA,0.268289832918241,SBrkr,-0.785025043886639,-0.294012508325168,0,0,0.781365814350925,-0.756321032880405,-1.04580127322219,-0.207698474525451,-0.925062116656053,0.623631660646747,Attchd,0.301674894323861,-0.0311490084526981,-0.740760408320604,2.86414993698443,-0.359600750132276,-0.103330530851366,-0.285935458023539,NONE,-0.0895919598967582,Partial,0.44693779307133,1,2,3,4,3,4,4,3,3,7,1,1,2,3,3,1,0,2,1.66911912442754,12.2496109475447,200707
1319,20,RL,-1.72562055202678,0.584972537220759,Pave,NONE,Lvl,CulDSac,Gtl,CollgCr,Norm,Norm,1Fam,1Story,8,5,2001,VinylSd,VinylSd,BrkFace,0.428376502944416,PConc,0,0,1753,1753,GasA,0.268289832918241,SBrkr,-0.785025043886639,0.565731849811089,0,0,0.781365814350925,-0.756321032880405,0.169927088600022,-0.207698474525451,0.349545539005509,0.623631660646747,Attchd,0.290554127598537,1.2774431881333,0.824396176714045,1.51727717338386,-0.359600750132276,-0.103330530851366,-0.285935458023539,NONE,-0.0895919598967582,Normal,-2.23744784062252,1,2,3,4,3,3,3,3,3,7,1,1,2,3,1,4,0,2,0.297607266471232,12.5245263766487,200611
1320,20,RL,0.514797185695465,0.00594573027878273,Pave,NONE,Bnk,Inside,Gtl,Edwards,Norm,Norm,1Fam,1Story,4,5,1954,Wd Sdng,Wd Sdng,BrkFace,0.171140251143897,PConc,492,0,372,864,GasA,0.268289832918241,SBrkr,-0.785025043886639,-1.09248772829539,0,0,-1.02736282330994,-0.756321032880405,0.169927088600022,-0.207698474525451,-0.925062116656053,-0.924311211315714,Attchd,0.186018920380498,-1.04275574198372,-0.740760408320604,-0.702842766617084,-0.359600750132276,-0.103330530851366,-0.285935458023539,NONE,-0.0895919598967582,Normal,0.44693779307133,1,2,2,4,2,3,0,3,3,7,5,1,2,3,3,1,0,1,-0.250997476711292,11.6172854802945,200705
1321,20,RL,0.365436003180649,-0.224219327671214,Pave,NONE,Lvl,Inside,Gtl,NAmes,Norm,Norm,1Fam,1Story,6,3,1957,BrkFace,BrkFace,None,-0.567015949674981,CBlock,189,661,628,1478,GasA,0.268289832918241,SBrkr,-0.785025043886639,-0.0449831080374244,1,0,-1.02736282330994,1.23259887250509,0.169927088600022,-0.207698474525451,-0.287758288825272,2.17157453260921,Attchd,0.192691380415692,-0.142518557098315,0.160390352759952,-0.702842766617084,-0.359600750132276,-0.103330530851366,3.55920914858981,NONE,-0.0895919598967582,Normal,0.44693779307133,1,2,2,3,2,3,4,3,3,7,5,3,2,3,3,1,0,2,-0.250997476711292,11.9608112889623,200909
1322,20,RL,-1.72562055202678,-0.449058252048815,Pave,NONE,Lvl,Corner,Gtl,BrkSide,Feedr,Norm,1Fam,1Story,3,6,1949,VinylSd,VinylSd,None,-0.567015949674981,CBlock,0,0,0,0,Floor,-3.72731232161413,SBrkr,-0.785025043886639,-1.5431123573875,0,0,-1.02736282330994,-0.756321032880405,-1.04580127322219,-0.207698474525451,-1.56236594448683,-0.924311211315714,Detchd,0.188243073725562,-0.861780225434588,-0.740760408320604,-0.702842766617084,-0.359600750132276,-0.103330530851366,-0.285935458023539,NONE,-0.0895919598967582,Normal,-2.23744784062252,0,2,2,2,2,0,0,3,2,7,0,0,2,3,2,0,0,1,-4.91413779376274,11.1913418408428,200810
1323,60,RL,1.47070875379029,0.00226816185974697,Pave,NONE,Lvl,Inside,Gtl,NoRidge,Norm,Norm,1Fam,2Story,7,5,1992,HdBoard,HdBoard,None,-0.567015949674981,PConc,674,0,76,750,GasA,0.268289832918241,SBrkr,1.22604275202843,0.834525488216908,1,0,0.781365814350925,1.23259887250509,0.169927088600022,-0.207698474525451,0.98684936683629,0.623631660646747,Attchd,0.270536747492955,0.423609981850236,1.15639908869109,-0.12561158221684,-0.359600750132276,-0.103330530851366,-0.285935458023539,NONE,-0.0895919598967582,Normal,0.44693779307133,1,2,3,4,3,3,3,3,3,7,6,1,2,3,2,1,0,2,0.297607266471232,12.1547793511426,201009
1324,30,RL,-0.232008726878616,-0.613534329272587,Pave,NONE,HLS,Inside,Gtl,BrkSide,Norm,Norm,1Fam,1Story,4,7,1940,VinylSd,VinylSd,None,-0.567015949674981,CBlock,280,0,140,420,GasA,0.268289832918241,SBrkr,-0.785025043886639,-1.56682944312919,0,0,-1.02736282330994,-0.756321032880405,-1.04580127322219,-0.207698474525451,-0.925062116656053,-0.924311211315714,NONE,-4.15997671587587,-2.19357441132175,0.555631914637388,-0.702842766617084,-0.359600750132276,-0.103330530851366,-0.285935458023539,NONE,-0.0895919598967582,Normal,0.44693779307133,1,2,1,3,1,3,0,0,0,7,2,1,2,3,3,1,0,0,-0.250997476711292,11.3205535723228,200904
1325,20,RL,0.514797185695465,-0.0230943789611893,Pave,NONE,Lvl,Inside,Gtl,Somerst,Norm,Norm,1Fam,1Story,8,5,2006,VinylSd,VinylSd,BrkFace,1.82639961055593,PConc,0,0,1795,1795,GasA,0.268289832918241,SBrkr,-0.785025043886639,0.581543240305549,0,0,0.781365814350925,-0.756321032880405,-1.04580127322219,-0.207698474525451,0.349545539005509,0.623631660646747,Attchd,0.303899047668925,1.9595816735877,-0.740760408320604,0.0223964137832229,-0.359600750132276,-0.103330530851366,-0.285935458023539,NONE,-0.0895919598967582,Partial,0.44693779307133,1,2,3,4,3,3,4,3,3,7,1,1,2,3,3,3,0,2,1.66911912442754,11.8981878657609,200705
1326,30,RM,-0.530731091908249,-0.828355050025917,Pave,NONE,Lvl,Inside,Gtl,IDOTRR,Norm,Norm,1Fam,1Story,4,4,1922,AsbShng,AsbShng,None,-0.567015949674981,BrkTil,0,0,796,796,GasA,-3.72731232161413,SBrkr,-0.785025043886639,-1.39290414769013,0,0,-1.02736282330994,-0.756321032880405,-1.04580127322219,-0.207698474525451,-0.925062116656053,-0.924311211315714,NONE,-4.15997671587587,-2.19357441132175,-0.740760408320604,-0.702842766617084,1.19722558713059,-0.103330530851366,-0.285935458023539,MnPrv,-0.0895919598967582,Normal,0.44693779307133,1,2,2,1,2,2,0,0,0,7,1,1,0,3,3,1,0,0,-0.250997476711292,10.9150884642146,200801
1327,30,RH,0.365436003180649,-0.747955795623549,Pave,NONE,Bnk,Inside,Mod,Edwards,Norm,Norm,1Fam,1Story,3,6,1931,MetalSd,MetalSd,None,-0.567015949674981,BrkTil,544,0,0,544,GasA,0.268289832918241,SBrkr,-0.785025043886639,-1.4363854715499,0,0,-1.02736282330994,-0.756321032880405,0.169927088600022,-0.207698474525451,-0.287758288825272,-0.924311211315714,NONE,-4.15997671587587,-2.19357441132175,-0.740760408320604,-0.702842766617084,4.09292257443952,-0.103330530851366,-0.285935458023539,NONE,-0.0895919598967582,Normal,0.44693779307133,1,2,2,4,3,3,0,0,0,7,3,1,2,3,3,1,0,0,-0.250997476711292,11.2772031314492,200708
1328,20,RL,0.0667136381510165,-0.452482195059641,Pave,NONE,Lvl,Inside,Gtl,Mitchel,Norm,Norm,1Fam,1Story,5,9,1982,VinylSd,VinylSd,None,-0.567015949674981,CBlock,641,0,175,816,GasA,0.268289832918241,SBrkr,-0.785025043886639,-1.35337567145398,0,1,-1.02736282330994,-0.756321032880405,0.169927088600022,-0.207698474525451,-0.925062116656053,0.623631660646747,Attchd,0.248295214042309,-0.968509376219971,-0.740760408320604,-0.702842766617084,-0.359600750132276,-0.103330530851366,-0.285935458023539,MnPrv,-0.0895919598967582,Normal,0.44693779307133,1,3,3,4,3,3,5,3,3,7,5,1,2,3,3,1,0,1,-0.250997476711292,11.7791285057449,200802
1329,50,RM,0.0667136381510165,0.0344785887023361,Pave,Grvl,Lvl,Corner,Gtl,OldTown,Norm,Norm,1Fam,1.5Fin,6,7,1920,BrkFace,Wd Sdng,None,-0.567015949674981,BrkTil,493,0,1017,1510,GasW,0.268289832918241,SBrkr,2.0332695007368,2.55203778067762,0,0,0.781365814350925,-0.756321032880405,2.60138381224446,-0.207698474525451,0.98684936683629,2.17157453260921,Detchd,0.110397706648299,0.219432475999939,-0.740760408320604,7.39319461458634,-0.359600750132276,-0.103330530851366,8.25883033445056,MnPrv,1.93753626503724,Normal,0.44693779307133,1,3,3,4,2,3,3,2,3,4,2,1,2,3,3,1,0,1,0.297607266471232,12.4529327234617,200809
1330,60,RL,0.156330347659906,-0.137479438063612,Pave,NONE,Lvl,Inside,Gtl,Gilbert,Norm,Norm,1Fam,2Story,7,5,1998,VinylSd,VinylSd,None,-0.567015949674981,PConc,0,0,935,935,GasA,0.268289832918241,SBrkr,0.794433074250833,0.259386158980929,0,0,0.781365814350925,1.23259887250509,0.169927088600022,-0.207698474525451,0.98684936683629,0.623631660646747,Attchd,0.283881667563343,-0.0497105998936342,-0.740760408320604,-0.288420377816909,-0.359600750132276,-0.103330530851366,-0.285935458023539,NONE,-0.0895919598967582,Normal,0.44693779307133,1,2,2,3,2,3,3,3,3,7,1,1,2,3,2,1,0,3,0.297607266471232,12.0810761553555,200609
1331,20,RL,0.813519550725098,-0.0213190011037238,Pave,NONE,Lvl,Inside,Gtl,Somerst,Norm,Norm,1Fam,1Story,8,5,2006,VinylSd,VinylSd,Stone,1.7257419468079,PConc,0,0,1588,1588,GasA,0.268289832918241,SBrkr,-0.785025043886639,0.172423511261399,0,0,0.781365814350925,-0.756321032880405,0.169927088600022,-0.207698474525451,0.349545539005509,0.623631660646747,Attchd,0.301674894323861,1.63475382337132,0.397535289886414,-0.0368067846168022,-0.359600750132276,-0.103330530851366,-0.285935458023539,NONE,-0.0895919598967582,Normal,0.44693779307133,1,2,3,4,3,4,4,3,3,7,1,1,2,3,3,3,0,2,0.297607266471232,12.3327052964635,200704
1332,80,RL,-0.0826475443637997,0.0775949080979278,Pave,NONE,Lvl,Inside,Gtl,CollgCr,Norm,Norm,1Fam,SLvl,5,5,1976,MetalSd,MetalSd,None,-0.567015949674981,CBlock,483,0,428,911,GasA,0.268289832918241,SBrkr,-0.785025043886639,-1.08062918542455,0,0,-1.02736282330994,-0.756321032880405,0.169927088600022,-0.207698474525451,-0.287758288825272,-0.924311211315714,Detchd,0.234950293971921,0.479294756173045,-0.740760408320604,-0.702842766617084,-0.359600750132276,-0.103330530851366,-0.285935458023539,NONE,-0.0895919598967582,Normal,0.44693779307133,1,2,2,3,2,3,0,3,3,7,5,1,2,3,2,3,0,1,-0.250997476711292,11.7943379244084,200610
1333,20,RL,0.275819293671759,-0.163729667813281,Pave,NONE,Lvl,Inside,Mod,Edwards,Norm,Norm,1Fam,1Story,4,6,1938,MetalSd,MetalSd,None,-0.567015949674981,CBlock,690,0,126,816,GasA,0.268289832918241,SBrkr,-0.785025043886639,-1.35337567145398,1,0,-1.02736282330994,-0.756321032880405,-1.04580127322219,-0.207698474525451,-2.19966977231761,0.623631660646747,Detchd,0.194915533760756,-0.857139827574354,-0.740760408320604,-0.702842766617084,-0.359600750132276,-0.103330530851366,-0.285935458023539,NONE,-0.0895919598967582,Normal,0.44693779307133,1,2,2,4,2,3,4,2,2,7,5,1,2,3,3,2,0,1,-0.250997476711292,11.5129254649702,200908
1334,50,RM,0.0667136381510165,-0.376394572596832,Pave,NONE,Lvl,Corner,Gtl,IDOTRR,Norm,Norm,1Fam,1.5Fin,5,6,1938,Wd Sdng,Wd Sdng,None,-0.567015949674981,CBlock,0,0,803,803,GasA,0.268289832918241,SBrkr,0.514470040016717,-0.278201117830708,0,0,-1.02736282330994,1.23259887250509,-1.04580127322219,-0.207698474525451,-0.287758288825272,-0.924311211315714,Detchd,0.179346460345304,-0.815376246832248,-0.740760408320604,0.259209207383323,2.59836929066717,-0.103330530851366,-0.285935458023539,MnPrv,-0.0895919598967582,Normal,0.44693779307133,1,2,2,4,3,3,0,3,3,7,1,1,2,3,3,1,0,1,-0.250997476711292,11.740061037554,200610
1335,160,RM,-1.00868687595566,-0.989153558830653,Pave,NONE,Lvl,Inside,Gtl,BrDale,Norm,Norm,TwnhsE,2Story,5,6,1970,HdBoard,HdBoard,None,1.17771688862419,CBlock,765,0,0,765,GasA,0.268289832918241,SBrkr,0.614790127283942,-0.268318998771671,0,0,-1.02736282330994,1.23259887250509,0.169927088600022,-0.207698474525451,0.349545539005509,-0.924311211315714,Attchd,0.221605373901533,-0.151799352818783,-0.740760408320604,-0.170013981016859,-0.359600750132276,-0.103330530851366,-0.285935458023539,NONE,-0.0895919598967582,Normal,0.44693779307133,1,2,2,2,2,3,0,3,3,6,2,1,2,3,3,1,0,1,-0.250997476711292,11.7360690162844,200908
1336,20,RL,0.664158368210282,-0.0657034475403623,Pave,NONE,Lvl,Inside,Gtl,NWAmes,Norm,Norm,1Fam,1Story,6,5,1977,Plywood,Plywood,BrkFace,1.4461373252856,CBlock,686,0,664,1350,GasA,0.268289832918241,SBrkr,-0.785025043886639,-0.329588136937703,0,1,0.781365814350925,-0.756321032880405,-1.04580127322219,-0.207698474525451,-0.287758288825272,0.623631660646747,Attchd,0.237174447316985,0.729876240625682,-0.740760408320604,-0.466029973016984,-0.359600750132276,-0.103330530851366,-0.285935458023539,NONE,-0.0895919598967582,Normal,0.44693779307133,1,2,2,2,2,3,3,3,3,7,5,1,2,3,3,1,0,2,0.297607266471232,12.0311238430656,200907
1337,90,RL,0.873264023731024,-0.116935779998654,Pave,NONE,Lvl,Inside,Gtl,NWAmes,Feedr,Norm,Duplex,1Story,5,5,1973,Plywood,Plywood,BrkFace,2.58692418109659,CBlock,0,0,1656,1656,GasA,0.268289832918241,SBrkr,-0.785025043886639,0.306820330464309,0,0,0.781365814350925,-0.756321032880405,1.38565545042224,4.45593111885755,0.98684936683629,-0.924311211315714,Detchd,0.228277833936727,0.154466905956663,-0.740760408320604,2.42012594898424,-0.359600750132276,-0.103330530851366,-0.285935458023539,NONE,-0.0895919598967582,Normal,0.44693779307133,1,2,2,2,2,3,0,3,3,7,1,1,2,3,2,1,0,1,-0.250997476711292,11.8130300574206,200803
1338,30,RM,2.8448316329266,-0.767231326647461,Pave,Grvl,Bnk,Corner,Mod,OldTown,Feedr,Norm,1Fam,1Story,4,4,1941,Wd Sdng,Wd Sdng,None,-0.567015949674981,CBlock,0,0,693,693,Grav,-3.72731232161413,FuseA,-0.785025043886639,-1.5964758003063,0,0,-1.02736282330994,-0.756321032880405,-1.04580127322219,-0.207698474525451,-1.56236594448683,-0.924311211315714,NONE,-4.15997671587587,-2.19357441132175,-0.740760408320604,-0.406826774616959,-0.359600750132276,-0.103330530851366,-0.285935458023539,NONE,-0.0895919598967582,Normal,0.44693779307133,1,2,2,1,1,3,0,0,0,7,1,1,0,3,2,1,0,0,-0.250997476711292,10.8685684485797,200606
1339,60,RL,1.11224191575473,0.416184828057428,Pave,NONE,Lvl,Corner,Gtl,CollgCr,Norm,Norm,1Fam,2Story,7,5,2002,VinylSd,VinylSd,None,-0.567015949674981,PConc,700,0,216,916,GasA,0.268289832918241,SBrkr,1.41035174956589,0.711987211884844,1,0,0.781365814350925,1.23259887250509,0.169927088600022,-0.207698474525451,0.98684936683629,-0.924311211315714,BuiltIn,0.292778280943602,0.0895013359133866,0.413344952361511,0.644029996983486,-0.359600750132276,-0.103330530851366,-0.285935458023539,NONE,-0.0895919598967582,Normal,0.44693779307133,1,2,3,4,3,3,0,3,3,7,6,1,2,3,2,1,0,2,0.297607266471232,12.2060726455302,200609
1340,20,RL,1.85904782832881,-0.0771165909097837,Pave,NONE,Lvl,Corner,Gtl,CollgCr,Norm,Norm,1Fam,1Story,5,7,1972,MetalSd,MetalSd,None,-0.567015949674981,CBlock,360,0,504,864,GasA,0.268289832918241,SBrkr,-0.785025043886639,-1.25850732848722,0,0,-1.02736282330994,-0.756321032880405,0.169927088600022,-0.207698474525451,-0.925062116656053,-0.924311211315714,Attchd,0.226053680591662,-0.857139827574354,-0.740760408320604,-0.702842766617084,-0.359600750132276,-0.103330530851366,-0.285935458023539,NONE,-0.0895919598967582,Normal,0.44693779307133,1,3,2,4,2,3,0,3,3,7,3,1,2,3,2,2,0,2,-0.250997476711292,11.7636841833174,200609
1341,20,RL,0.365436003180649,-0.23766147430631,Pave,NONE,Lvl,Inside,Gtl,NAmes,Norm,Norm,1Fam,1Story,4,5,1971,MetalSd,MetalSd,None,-0.567015949674981,CBlock,0,0,858,858,GasA,0.268289832918241,SBrkr,-0.785025043886639,-1.24269593799276,0,0,-1.02736282330994,-0.756321032880405,0.169927088600022,-0.207698474525451,-0.925062116656053,-0.924311211315714,Detchd,0.230501987281791,0.0338165615905783,-0.740760408320604,-0.702842766617084,-0.359600750132276,-0.103330530851366,-0.285935458023539,GdWo,-0.0895919598967582,Normal,0.44693779307133,1,2,2,2,2,3,0,3,3,7,1,1,2,3,3,1,0,1,-0.250997476711292,11.7199396343546,200709
1342,20,RL,0.245947057168796,0.447253940563074,Pave,NONE,Lvl,Inside,Gtl,SawyerW,RRAe,Norm,1Fam,1Story,6,5,2003,VinylSd,VinylSd,None,-0.567015949674981,PConc,814,0,300,1114,GasA,0.268289832918241,SBrkr,-0.785025043886639,-0.76440137553535,1,0,-1.02736282330994,-0.756321032880405,0.169927088600022,-0.207698474525451,-0.287758288825272,-0.924311211315714,Detchd,0.297226587633731,0.479294756173045,-0.740760408320604,0.451619602183404,-0.359600750132276,-0.103330530851366,-0.285935458023539,NONE,-0.0895919598967582,Normal,0.44693779307133,1,2,2,4,3,3,0,3,3,7,6,1,2,3,3,1,0,1,0.297607266471232,11.9511803959014,200810
1343,60,RL,-1.72562055202678,-0.10057694116915,Pave,NONE,Lvl,Inside,Gtl,CollgCr,Norm,Norm,1Fam,2Story,8,5,2002,VinylSd,VinylSd,BrkFace,0.26620582246148,PConc,0,0,1284,1284,GasA,0.268289832918241,SBrkr,1.27970233358997,1.32072574592155,0,0,0.781365814350925,1.23259887250509,0.169927088600022,-0.207698474525451,0.349545539005509,0.623631660646747,Attchd,0.292778280943602,0.80876300424966,0.776967189288753,0.584826798583461,-0.359600750132276,-0.103330530851366,-0.285935458023539,NONE,-0.0895919598967582,Normal,-2.23744784062252,1,2,3,4,3,3,4,3,3,7,1,1,2,3,3,1,0,2,0.297607266471232,12.3392914893164,200711
1344,50,RL,-0.0229030713578732,-0.330995624527356,Pave,NONE,Bnk,Inside,Gtl,Crawfor,Norm,Norm,1Fam,1.5Fin,6,6,1928,BrkFace,Stone,None,-0.567015949674981,BrkTil,0,0,896,896,GasA,0.268289832918241,SBrkr,0.943746692509028,0.814761250098833,0,0,-1.02736282330994,1.23259887250509,0.169927088600022,-0.207698474525451,1.62415319466707,0.623631660646747,Detchd,0.130415086753881,-0.606558343121717,-0.740760408320604,-0.702842766617084,-0.359600750132276,-0.103330530851366,-0.285935458023539,NONE,-0.0895919598967582,Normal,0.44693779307133,1,2,2,3,2,3,3,2,2,7,1,1,2,3,3,1,0,1,-0.250997476711292,12.083905011556,200906
1345,60,RL,0.813519550725098,0.11855541152374,Pave,NONE,Lvl,Corner,Gtl,CollgCr,Norm,Norm,1Fam,2Story,7,5,2006,VinylSd,VinylSd,None,-0.567015949674981,PConc,0,0,728,728,GasA,0.268289832918241,SBrkr,0.913417363800332,-0.0884644318971892,0,0,0.781365814350925,1.23259887250509,0.169927088600022,-0.207698474525451,0.98684936683629,0.623631660646747,Attchd,0.301674894323861,-0.151799352818783,-0.740760408320604,-0.702842766617084,-0.359600750132276,-0.103330530851366,-0.285935458023539,NONE,-0.0895919598967582,Partial,0.44693779307133,1,2,3,4,3,3,3,3,3,7,1,1,2,3,2,1,0,3,0.297607266471232,11.9565530341727,200710
1346,30,RM,-0.232008726878616,-0.52856981752245,Pave,NONE,Lvl,Inside,Gtl,OldTown,Norm,Norm,1Fam,1Story,4,4,1920,MetalSd,MetalSd,None,-0.567015949674981,PConc,250,0,710,960,GasA,0.268289832918241,FuseA,-0.785025043886639,-1.0687706425537,0,0,-1.02736282330994,-0.756321032880405,-1.04580127322219,-0.207698474525451,-0.925062116656053,-0.924311211315714,Detchd,0.281657514218279,-0.764331870369674,-0.740760408320604,-0.702842766617084,2.25586749646934,-0.103330530851366,-0.285935458023539,NONE,-0.0895919598967582,Normal,0.44693779307133,1,2,2,3,1,3,0,3,3,7,5,1,2,3,3,1,0,1,-0.250997476711292,11.5945054519627,200710
1347,20,RL,-1.72562055202678,1.34584876184885,Pave,NONE,Lvl,CulDSac,Gtl,NWAmes,PosN,Norm,1Fam,1Story,7,7,1968,BrkFace,HdBoard,None,-0.567015949674981,CBlock,297,68,1203,1568,GasA,0.268289832918241,SBrkr,-0.785025043886639,1.29503223636805,0,0,0.781365814350925,-0.756321032880405,0.169927088600022,-0.207698474525451,1.62415319466707,0.623631660646747,Attchd,0.217157067211403,0.163747701677131,-0.740760408320604,0.481221201383417,-0.359600750132276,11.4119838018224,-0.285935458023539,NONE,-0.0895919598967582,Normal,-2.23744784062252,1,2,2,2,2,3,4,4,3,7,4,3,2,3,1,1,0,2,-0.250997476711292,12.4780063610138,200609
1348,20,RL,1.0524974427488,0.651549206875716,Pave,NONE,HLS,Corner,Gtl,Timber,Norm,Norm,1Fam,1Story,8,5,2006,VinylSd,VinylSd,Stone,-0.00780670663037599,PConc,80,0,1652,1732,GasA,0.268289832918241,SBrkr,-0.785025043886639,0.543991187881207,1,0,0.781365814350925,-0.756321032880405,0.169927088600022,-0.207698474525451,0.349545539005509,0.623631660646747,Attchd,0.301674894323861,1.11038886516487,-0.740760408320604,-0.702842766617084,-0.359600750132276,-0.103330530851366,-0.285935458023539,NONE,-0.0895919598967582,Partial,0.44693779307133,1,2,3,4,3,3,4,3,3,7,6,1,2,3,2,4,0,3,1.66911912442754,12.5548368821687,200708
1349,20,RL,-1.72562055202678,0.764412513528883,Pave,NONE,Low,Inside,Gtl,SawyerW,Norm,Norm,1Fam,1Story,7,5,1998,VinylSd,VinylSd,None,-0.567015949674981,PConc,1443,0,39,1482,GasA,0.268289832918241,SBrkr,-0.785025043886639,-0.0133603270485046,1,0,0.781365814350925,-0.756321032880405,0.169927088600022,-0.207698474525451,-0.925062116656053,0.623631660646747,Attchd,0.283881667563343,0.191590088838535,2.43698174917399,-0.332822776616927,-0.359600750132276,-0.103330530851366,-0.285935458023539,NONE,-0.0895919598967582,Normal,-2.23744784062252,1,2,3,4,3,3,2,3,3,7,6,1,2,3,0,4,0,2,0.297607266471232,12.2783933071098,200711
1350,70,RM,-0.232008726878616,-0.623679345600961,Pave,Pave,Lvl,Inside,Gtl,OldTown,Norm,Norm,1Fam,2Story,8,5,1872,MetalSd,MetalSd,None,-0.567015949674981,BrkTil,259,0,425,684,OthW,-3.72731232161413,SBrkr,2.04960067773379,1.69426984635317,0,0,0.781365814350925,-0.756321032880405,1.38565545042224,-0.207698474525451,0.98684936683629,-0.924311211315714,NONE,-4.15997671587587,-2.19357441132175,-0.740760408320604,0.0964004117832542,-0.0482354826797031,-0.103330530851366,-0.285935458023539,NONE,-0.0895919598967582,Normal,0.44693779307133,1,3,2,1,2,2,0,0,0,7,2,1,2,3,3,1,0,0,-0.250997476711292,11.7117763237154,200804
1351,90,RL,0.992752969742877,0.187034271740268,Pave,NONE,Lvl,Inside,Gtl,NAmes,Artery,Norm,Duplex,2Story,5,5,1969,MetalSd,MetalSd,BrkFace,1.49087406472916,CBlock,500,0,748,1248,GasA,0.268289832918241,SBrkr,2.23857572584182,2.23976281841203,1,1,0.781365814350925,3.22151877789059,3.81711217406667,4.45593111885755,3.53606467815941,-0.924311211315714,Detchd,0.219381220556468,2.29833071738478,-0.740760408320604,-0.702842766617084,-0.359600750132276,-0.103330530851366,-0.285935458023539,NONE,-0.0895919598967582,Normal,0.44693779307133,1,2,2,2,2,3,0,3,3,7,2,1,2,3,3,1,0,1,-0.250997476711292,12.2060726455302,200911
1352,60,RL,0.365436003180649,-0.116808967294549,Pave,NONE,Lvl,Inside,Gtl,NAmes,Norm,Norm,1Fam,2Story,6,6,1962,HdBoard,HdBoard,BrkFace,1.21126944320686,CBlock,319,0,539,858,GasA,0.268289832918241,SBrkr,1.21671065088729,0.425405759172758,0,0,-1.02736282330994,1.23259887250509,1.38565545042224,-0.207698474525451,0.98684936683629,0.623631660646747,Attchd,0.203812147141015,0.0802205401929185,-0.740760408320604,0.540424399783442,-0.359600750132276,-0.103330530851366,1.85025599009499,NONE,-0.0895919598967582,Normal,0.44693779307133,1,2,2,4,2,3,4,3,3,7,3,1,2,3,2,1,0,3,-0.250997476711292,12.0494188354848,200806
1353,50,RM,-0.232008726878616,-0.52856981752245,Pave,NONE,Lvl,Inside,Gtl,BrkSide,Norm,Norm,1Fam,1.5Fin,6,9,1937,MetalSd,MetalSd,None,-0.567015949674981,BrkTil,0,0,698,698,GasA,0.268289832918241,SBrkr,0.124854817374238,-0.641863099203286,0,0,-1.02736282330994,-0.756321032880405,-1.04580127322219,-0.207698474525451,-1.56236594448683,-0.924311211315714,Detchd,0.286105820908408,0.702033853464278,0.91925415156463,-0.702842766617084,-0.359600750132276,-0.103330530851366,-0.285935458023539,NONE,-0.0895919598967582,Normal,0.44693779307133,1,2,3,2,2,3,0,3,3,7,1,1,0,3,3,1,0,1,-0.250997476711292,11.8122890421958,200910
1354,50,RL,-0.0527753078608365,0.577236962270373,Pave,NONE,Lvl,CulDSac,Gtl,NoRidge,Norm,Norm,1Fam,1.5Fin,8,5,1995,VinylSd,VinylSd,BrkFace,2.67080556755328,PConc,816,0,1217,2033,GasA,0.268289832918241,SBrkr,1.97960991917526,3.43352280074375,1,0,0.781365814350925,1.23259887250509,1.38565545042224,-0.207698474525451,1.62415319466707,0.623631660646747,Attchd,0.279433360873214,0.896930563594107,1.49630683190569,0.570025998983455,-0.359600750132276,-0.103330530851366,-0.285935458023539,NONE,-0.0895919598967582,Normal,0.44693779307133,1,2,3,4,3,3,5,3,3,7,6,1,2,3,2,3,0,3,0.297607266471232,12.9239124386805,201006
1355,60,RL,-1.72562055202678,0.0187538133933556,Pave,NONE,Lvl,Inside,Gtl,CollgCr,Norm,Norm,1Fam,2Story,7,5,2000,VinylSd,VinylSd,None,-0.567015949674981,PConc,735,0,257,992,GasA,0.268289832918241,SBrkr,1.25170603016656,0.719892907132074,1,0,0.781365814350925,1.23259887250509,0.169927088600022,-0.207698474525451,0.349545539005509,0.623631660646747,Attchd,0.288329974253473,1.69971939341459,-0.740760408320604,2.02050435978407,-0.359600750132276,-0.103330530851366,-0.285935458023539,NONE,-0.0895919598967582,Normal,-2.23744784062252,1,2,3,4,3,3,3,3,3,7,6,1,2,3,2,1,0,2,0.297607266471232,12.3673407931263,200809
1356,80,RL,1.32134757127547,0.00302903808437506,Pave,NONE,Lvl,Inside,Gtl,NWAmes,Norm,Norm,1Fam,SLvl,7,6,1968,MetalSd,MetalSd,BrkFace,0.232653267878804,CBlock,0,0,570,570,GasA,0.268289832918241,SBrkr,0.843426605241803,0.828596216781485,0,0,2.59009445201179,-0.756321032880405,1.38565545042224,-0.207698474525451,0.98684936683629,0.623631660646747,Attchd,0.217157067211403,0.0662993466122164,-0.740760408320604,0.74763559418353,-0.359600750132276,-0.103330530851366,-0.285935458023539,GdPrv,-0.0895919598967582,Normal,0.44693779307133,1,2,2,3,3,3,3,3,3,7,1,1,2,3,2,1,0,2,-0.250997476711292,12.0435537160324,200612
1357,20,RL,-1.72562055202678,-0.0876420453504722,Pave,NONE,Lvl,Corner,Gtl,NAmes,Norm,Norm,1Fam,1Story,5,5,1966,HdBoard,HdBoard,BrkFace,-0.203529941695988,CBlock,340,0,524,864,GasA,0.268289832918241,SBrkr,-0.785025043886639,-1.20316746175661,0,0,-1.02736282330994,-0.756321032880405,0.169927088600022,-0.207698474525451,-0.925062116656053,-0.924311211315714,Attchd,0.212708760521274,-0.968509376219971,-0.740760408320604,-0.702842766617084,-0.359600750132276,-0.103330530851366,-0.285935458023539,GdWo,-0.0895919598967582,Normal,-2.23744784062252,1,2,2,2,2,3,0,3,3,7,3,1,2,3,3,1,0,2,-0.250997476711292,11.6082356447746,200802
1358,20,RL,-1.72562055202678,0.300404829209853,Pave,NONE,Lvl,CulDSac,Gtl,NAmes,Norm,Norm,1Fam,1Story,5,6,1971,VinylSd,VinylSd,None,-0.567015949674981,CBlock,734,0,344,1078,GasA,0.268289832918241,SBrkr,-0.785025043886639,-0.83555263276042,1,0,-1.02736282330994,1.23259887250509,0.169927088600022,-0.207698474525451,-0.287758288825272,0.623631660646747,Attchd,0.223829527246597,0.126624518795259,-0.740760408320604,-0.702842766617084,-0.359600750132276,-0.103330530851366,-0.285935458023539,NONE,-0.0895919598967582,Normal,-2.23744784062252,1,2,2,4,2,3,2,3,3,7,6,1,2,3,2,1,0,3,-0.250997476711292,11.9177236840907,201007
1359,160,FV,-1.72562055202678,-1.02098354756093,Pave,NONE,Lvl,Inside,Gtl,Somerst,Norm,Norm,Twnhs,2Story,6,5,2000,MetalSd,MetalSd,BrkFace,0.640876015301365,PConc,378,0,378,756,GasA,0.268289832918241,SBrkr,1.09072728548194,0.142777154084287,0,0,0.781365814350925,1.23259887250509,0.169927088600022,-0.207698474525451,-0.925062116656053,-0.924311211315714,Detchd,0.288329974253473,-0.151799352818783,-0.740760408320604,-0.229217179416884,-0.359600750132276,-0.103330530851366,-0.285935458023539,NONE,-0.0895919598967582,Normal,-2.23744784062252,1,2,3,4,3,3,0,3,3,7,6,1,2,3,3,1,0,1,0.297607266471232,12.0867258878976,201009
1360,20,RL,2.12789795685548,0.833018186449516,Pave,NONE,Lvl,FR3,Gtl,NridgHt,Norm,Norm,1Fam,1Story,9,5,2004,VinylSd,VinylSd,BrkFace,-0.197937849265542,PConc,1447,0,533,1980,GasA,0.268289832918241,SBrkr,-0.785025043886639,0.947181645489935,1,0,0.781365814350925,-0.756321032880405,0.169927088600022,-0.207698474525451,0.98684936683629,0.623631660646747,Attchd,0.297226587633731,1.37953194105845,0.79277685176385,-0.0368067846168022,-0.359600750132276,-0.103330530851366,-0.285935458023539,NONE,-0.0895919598967582,Normal,0.44693779307133,1,2,3,4,4,3,4,3,3,7,6,1,2,3,3,3,0,3,1.66911912442754,12.6603279178078,200612
1361,70,RL,-0.202136490375653,-0.0413554083522635,Pave,NONE,Lvl,Inside,Gtl,SWISU,Feedr,Norm,1Fam,2Story,5,6,1921,MetalSd,Wd Sdng,None,-0.567015949674981,BrkTil,0,0,612,612,GasA,0.268289832918241,SBrkr,2.97347869070637,2.17454083262239,0,0,2.59009445201179,1.23259887250509,1.38565545042224,-0.207698474525451,0.98684936683629,-0.924311211315714,BuiltIn,0.283881667563343,0.688112659883576,0.705823708150814,-0.702842766617084,4.32644652502895,-0.103330530851366,-0.285935458023539,NONE,-0.0895919598967582,Normal,0.44693779307133,1,2,2,4,2,2,0,3,3,7,1,1,2,3,3,1,0,2,-0.250997476711292,12.1495022940418,200808
1362,20,RL,1.97853677434066,0.759593630772905,Pave,NONE,Low,Inside,Mod,StoneBr,Norm,Norm,1Fam,1Story,7,5,2005,VinylSd,VinylSd,Stone,-0.477542470787844,PConc,1274,0,256,1530,GasA,0.268289832918241,SBrkr,-0.785025043886639,0.057790930176565,1,0,0.781365814350925,-0.756321032880405,0.169927088600022,-0.207698474525451,0.349545539005509,0.623631660646747,Attchd,0.299450740978796,-0.198203331421123,0.587251239587583,-0.170013981016859,-0.359600750132276,-0.103330530851366,-0.285935458023539,NONE,-0.0895919598967582,Normal,0.44693779307133,1,2,3,4,3,3,4,3,3,7,5,1,2,3,2,3,0,3,1.66911912442754,12.4684369099977,200909
1363,50,RL,-1.72562055202678,0.297361324311341,Pave,NONE,Lvl,FR2,Gtl,NAmes,Feedr,Norm,1Fam,1.5Fin,4,4,1920,VinylSd,VinylSd,None,-0.567015949674981,BrkTil,0,0,715,715,GasA,0.268289832918241,SBrkr,0.281167511488287,0.468887083032523,0,0,0.781365814350925,-0.756321032880405,1.38565545042224,-0.207698474525451,0.349545539005509,0.623631660646747,Attchd,0.110397706648299,-0.485907998755633,-0.305994690255424,-0.702842766617084,-0.359600750132276,-0.103330530851366,-0.285935458023539,NONE,-0.0895919598967582,Normal,-2.23744784062252,1,3,2,3,2,2,4,3,3,7,1,1,2,3,2,1,0,1,-0.250997476711292,11.5607627943844,200909
1364,60,RL,0.455052712689539,-0.211664869964851,Pave,NONE,Lvl,Inside,Gtl,Gilbert,Norm,Norm,1Fam,2Story,6,5,2006,VinylSd,VinylSd,None,-0.567015949674981,PConc,0,0,616,616,GasA,0.268289832918241,SBrkr,1.07206308319966,-0.175427079616719,0,0,0.781365814350925,1.23259887250509,0.169927088600022,-0.207698474525451,-0.287758288825272,0.623631660646747,BuiltIn,0.303899047668925,-0.188922535700655,-0.740760408320604,-0.170013981016859,-0.359600750132276,-0.103330530851366,-0.285935458023539,NONE,-0.0895919598967582,Partial,0.44693779307133,1,2,2,4,3,3,4,3,3,7,1,1,2,3,2,1,0,3,0.297607266471232,11.9635678694873,200706
1365,160,FV,-0.829453456937881,-0.886181643097652,Pave,Pave,Lvl,Inside,Gtl,Somerst,Norm,Norm,TwnhsE,2Story,7,5,2005,MetalSd,MetalSd,None,-0.567015949674981,PConc,0,0,600,600,GasA,0.268289832918241,SBrkr,0.614790127283942,-0.594428927719906,0,0,0.781365814350925,1.23259887250509,-1.04580127322219,-0.207698474525451,-1.56236594448683,-0.924311211315714,Detchd,0.299450740978796,0.0338165615905783,-0.740760408320604,1.75408996698396,-0.359600750132276,-0.103330530851366,-0.285935458023539,NONE,-0.0895919598967582,Abnorml,0.44693779307133,1,2,3,4,3,3,0,3,3,7,1,1,2,3,3,1,0,2,0.297607266471232,11.8786235774067,200607
1366,60,FV,-1.72562055202678,-0.338350761365428,Pave,NONE,Lvl,Inside,Gtl,Somerst,Norm,Norm,1Fam,2Story,7,5,2000,VinylSd,VinylSd,None,-0.567015949674981,PConc,533,0,281,814,GasA,0.268289832918241,SBrkr,1.22137670145786,0.342395959076843,1,0,0.781365814350925,1.23259887250509,0.169927088600022,-0.207698474525451,0.349545539005509,-0.924311211315714,Attchd,0.288329974253473,0.883009370013405,-0.740760408320604,0.718033994983517,-0.359600750132276,-0.103330530851366,-0.285935458023539,NONE,-0.0895919598967582,Normal,-2.23744784062252,1,2,3,4,3,3,0,3,3,7,6,1,2,3,3,1,0,2,0.297607266471232,12.2830336866663,201001
1367,60,RL,0.305691530174723,-0.125432231173667,Pave,NONE,Lvl,Inside,Gtl,CollgCr,Norm,Norm,1Fam,2Story,7,5,1999,VinylSd,VinylSd,BrkFace,0.316534654335495,PConc,633,0,240,873,GasA,0.268289832918241,SBrkr,1.33336191515151,0.571661121246512,1,0,0.781365814350925,1.23259887250509,0.169927088600022,-0.207698474525451,0.349545539005509,-0.924311211315714,Attchd,0.286105820908408,0.534979530495853,-0.740760408320604,0.599627598183467,-0.359600750132276,-0.103330530851366,-0.285935458023539,NONE,-0.0895919598967582,Abnorml,0.44693779307133,1,2,3,4,3,3,0,3,3,7,6,1,2,3,2,1,0,2,0.297607266471232,12.170445467887,200809
1368,160,RM,-0.500858855405285,-0.951490185711563,Pave,NONE,Lvl,Inside,Gtl,MeadowV,Norm,Norm,TwnhsE,2Story,5,6,1977,CemntBd,CmentBd,None,-0.567015949674981,PConc,548,173,36,757,GasA,0.268289832918241,SBrkr,0.498138863019727,-0.0509123794728469,0,0,0.781365814350925,-0.756321032880405,1.38565545042224,-0.207698474525451,-0.287758288825272,0.623631660646747,Attchd,0.237174447316985,-0.634400730283121,0.0813420403844643,-0.318021977016921,-0.359600750132276,-0.103330530851366,-0.285935458023539,NONE,-0.0895919598967582,Normal,0.44693779307133,1,2,2,4,2,3,3,3,3,7,5,3,2,3,3,1,0,2,-0.250997476711292,11.7519423654407,200610
1369,120,RM,-1.72562055202678,-0.727031699446277,Pave,NONE,Lvl,Inside,Gtl,CollgCr,Norm,Norm,TwnhsE,1Story,6,5,2003,VinylSd,VinylSd,BrkFace,0.383639763500847,PConc,685,0,163,848,GasA,0.268289832918241,SBrkr,-0.785025043886639,-1.29013010947614,1,0,-1.02736282330994,-0.756321032880405,-2.26152963504441,-0.207698474525451,-1.56236594448683,-0.924311211315714,Attchd,0.295002434288667,-0.244607310023463,0.365915964936219,-0.702842766617084,-0.359600750132276,-0.103330530851366,-0.285935458023539,NONE,-0.0895919598967582,Normal,-2.23744784062252,1,2,3,4,3,3,0,3,3,7,6,1,2,3,3,3,0,3,0.297607266471232,11.8775685785581,200909
1370,20,RL,-0.291753199884543,0.059207066002749,Pave,NONE,Lvl,FR2,Gtl,CollgCr,Norm,Norm,1Fam,1Story,8,5,2003,VinylSd,VinylSd,BrkFace,0.389231855931293,PConc,370,972,315,1657,GasA,0.268289832918241,SBrkr,-0.785025043886639,0.330537416205998,1,0,0.781365814350925,-0.756321032880405,0.169927088600022,-0.207698474525451,0.98684936683629,0.623631660646747,Attchd,0.295002434288667,0.135905314515727,-0.740760408320604,3.17496672858456,-0.359600750132276,-0.103330530851366,-0.285935458023539,NONE,-0.0895919598967582,Normal,0.44693779307133,1,2,3,4,3,3,3,3,3,7,4,6,2,3,1,3,0,3,0.297607266471232,12.3544926506484,201008
1371,50,RL,0.962880733239914,-0.604657439985259,Pave,NONE,Lvl,Corner,Gtl,OldTown,Artery,Norm,1Fam,1.5Fin,4,6,1920,CBlock,CBlock,None,-0.567015949674981,PConc,315,105,420,840,GasA,0.268289832918241,SBrkr,0.460810458455178,-0.250531184465403,0,0,-1.02736282330994,-0.756321032880405,-1.04580127322219,-0.207698474525451,-0.287758288825272,-0.924311211315714,Detchd,0.214932913866338,-0.625119934562653,-0.740760408320604,-0.702842766617084,2.7229153976482,-0.103330530851366,-0.285935458023539,NONE,-0.0895919598967582,Normal,0.44693779307133,1,2,1,4,2,3,0,3,3,7,5,3,2,3,3,1,0,3,-0.250997476711292,11.5617156291397,200902
1372,80,RL,0.664158368210282,-0.0720440827455964,Pave,NONE,Lvl,Inside,Gtl,NAmes,Norm,Norm,1Fam,SLvl,6,6,1955,AsbShng,AsbShng,None,-0.567015949674981,CBlock,831,0,161,992,GasA,0.268289832918241,SBrkr,-0.785025043886639,0.316702449523346,1,0,-1.02736282330994,-0.756321032880405,0.169927088600022,-0.207698474525451,0.98684936683629,0.623631660646747,BuiltIn,0.188243073725562,-0.444144418013526,-0.740760408320604,-0.288420377816909,-0.359600750132276,-0.103330530851366,2.88274852335227,MnPrv,-0.0895919598967582,Normal,0.44693779307133,1,2,2,3,3,3,3,3,3,7,4,1,2,3,3,3,0,2,-0.250997476711292,12.0167264737993,200802
1373,60,RL,0.514797185695465,-0.0530221771298942,Pave,NONE,Lvl,Corner,Gtl,CollgCr,Norm,Norm,1Fam,2Story,7,6,1998,VinylSd,VinylSd,None,-0.567015949674981,PConc,975,0,133,1108,GasA,0.268289832918241,SBrkr,1.52233696325953,1.17842323147141,1,0,0.781365814350925,1.23259887250509,0.169927088600022,-0.207698474525451,0.98684936683629,0.623631660646747,Detchd,0.283881667563343,0.511777541194683,1.25916189477923,1.81329316538398,-0.359600750132276,-0.103330530851366,-0.285935458023539,NONE,-0.0895919598967582,Normal,0.44693779307133,1,2,2,4,3,3,3,3,3,7,6,1,2,3,3,3,0,2,0.297607266471232,12.5219776769257,200609
1374,20,RL,-1.72562055202678,0.15621878464283,Pave,NONE,Lvl,Inside,Gtl,NoRidge,Norm,Norm,1Fam,1Story,10,5,2001,VinylSd,VinylSd,BrkFace,3.37540921378948,PConc,1282,0,1351,2633,GasA,0.268289832918241,SBrkr,-0.785025043886639,2.23778639460022,1,0,0.781365814350925,1.23259887250509,-1.04580127322219,-0.207698474525451,0.98684936683629,2.17157453260921,Attchd,0.290554127598537,1.5373054683064,1.7413566002697,1.36926917738379,-0.359600750132276,-0.103330530851366,-0.285935458023539,NONE,-0.0895919598967582,Normal,-2.23744784062252,1,2,4,4,4,3,4,3,3,7,6,1,2,3,3,4,0,2,1.66911912442754,13.0530132992695,200706
1375,60,FV,0.813519550725098,0.0579389389617022,Pave,NONE,Lvl,Inside,Gtl,Somerst,Norm,Norm,1Fam,2Story,7,5,2005,CemntBd,CmentBd,None,-0.567015949674981,PConc,0,0,1026,1026,GasA,0.268289832918241,SBrkr,1.38935452199833,0.90370032163017,0,0,0.781365814350925,1.23259887250509,0.169927088600022,-0.207698474525451,1.62415319466707,0.623631660646747,Attchd,0.299450740978796,2.14983798585729,0.476583602261901,2.40532514938423,-0.359600750132276,-0.103330530851366,-0.285935458023539,NONE,-0.0895919598967582,Normal,0.44693779307133,1,2,3,4,3,3,4,3,3,7,1,1,2,3,3,1,0,3,0.297607266471232,12.4292161968444,200810
1376,20,RL,0.933008496736951,0.104352388664016,Pave,NONE,HLS,Inside,Gtl,Timber,Norm,Norm,1Fam,1Story,8,5,2007,VinylSd,VinylSd,BrkFace,-0.119648555239297,PConc,0,0,1571,1571,GasA,0.268289832918241,SBrkr,-0.785025043886639,0.138824306460672,0,0,0.781365814350925,-0.756321032880405,0.169927088600022,-0.207698474525451,0.349545539005509,0.623631660646747,Attchd,0.303899047668925,1.15679284376721,0.0497227154342694,-0.170013981016859,-0.359600750132276,-0.103330530851366,-0.285935458023539,NONE,-0.0895919598967582,Partial,0.44693779307133,1,2,3,4,3,3,4,3,3,7,1,1,2,3,2,4,0,3,0.297607266471232,12.3842188309136,200704
1377,30,RL,-0.172264253872689,-0.491540507923883,Pave,NONE,Bnk,Inside,Gtl,SWISU,Norm,Norm,1Fam,1Story,6,5,1930,Wd Sdng,Wd Sdng,None,-0.567015949674981,BrkTil,384,0,384,768,GasA,-3.72731232161413,SBrkr,-0.785025043886639,-1.40476269056098,0,0,-1.02736282330994,-0.756321032880405,-1.04580127322219,-0.207698474525451,-1.56236594448683,-0.924311211315714,Detchd,0.121518473373622,-1.45111075368431,-0.740760408320604,1.3840699769838,-0.359600750132276,-0.103330530851366,-0.285935458023539,NONE,-0.0895919598967582,Normal,0.44693779307133,1,2,2,2,2,3,0,2,3,7,3,1,2,3,3,2,0,1,0.297607266471232,11.418614785499,200807
1378,50,RL,0.0667136381510165,0.105240077592748,Pave,Grvl,Lvl,Inside,Gtl,Edwards,Norm,Norm,1Fam,1.5Fin,5,5,1941,Wd Sdng,Wd Sdng,None,-0.567015949674981,CBlock,408,420,156,984,GasA,0.268289832918241,SBrkr,0.661450632989628,0.204046292250319,0,0,0.781365814350925,-0.756321032880405,0.169927088600022,-0.207698474525451,-0.287758288825272,-0.924311211315714,Detchd,0.237174447316985,0.869088176432703,-0.740760408320604,0.303611606183342,-0.359600750132276,-0.103330530851366,-0.285935458023539,NONE,-0.0895919598967582,Normal,0.44693779307133,1,2,2,4,2,3,0,3,3,5,2,4,2,3,3,1,0,1,-0.250997476711292,11.6699292137799,200910
1379,160,RM,-1.09830358546455,-1.0417808310341,Pave,NONE,Lvl,Inside,Gtl,BrDale,Norm,Norm,Twnhs,2Story,6,5,1973,HdBoard,HdBoard,BrkFace,1.71455776194701,CBlock,309,0,174,483,GasA,0.268289832918241,SBrkr,0.390819699896649,-1.0154071996349,0,0,-1.02736282330994,1.23259887250509,-1.04580127322219,-0.207698474525451,-0.925062116656053,-0.924311211315714,Detchd,0.228277833936727,-0.968509376219971,-0.171612559217095,-0.702842766617084,-0.359600750132276,-0.103330530851366,-0.285935458023539,NONE,-0.0895919598967582,Normal,0.44693779307133,1,2,2,2,2,2,0,3,3,7,4,1,2,3,3,1,0,1,-0.250997476711292,11.3265958867787,200609
1380,80,RL,0.455052712689539,-0.0549243676914644,Pave,NONE,Lvl,Inside,Gtl,Timber,Norm,Norm,1Fam,SLvl,5,5,2006,VinylSd,VinylSd,None,-0.567015949674981,PConc,0,0,384,384,GasA,0.268289832918241,1,0.708111138695314,-0.211002708229253,0,0,0.781365814350925,1.23259887250509,0.169927088600022,-0.207698474525451,0.349545539005509,-0.924311211315714,BuiltIn,0.303899047668925,-0.337415267228144,0.0497227154342694,-0.702842766617084,-0.359600750132276,-0.103330530851366,-0.285935458023539,NONE,-0.0895919598967582,Normal,0.44693779307133,1,2,2,3,3,3,0,3,3,7,1,1,2,3,3,1,0,3,0.297607266471232,12.0287386302473,200808
1381,30,RL,-0.381369909393432,-0.248060116042894,Pave,Grvl,Lvl,Inside,Gtl,Edwards,Norm,Norm,1Fam,1Story,3,3,1914,Stucco,Stucco,None,-0.567015949674981,BrkTil,203,0,661,864,GasA,-3.72731232161413,FuseF,-0.785025043886639,-1.25850732848722,1,0,-1.02736282330994,-0.756321032880405,-1.04580127322219,-0.207698474525451,-0.925062116656053,-0.924311211315714,Detchd,0.150432466859463,-1.26549483927495,-0.740760408320604,-0.702842766617084,1.13495253364007,-0.103330530851366,-0.285935458023539,NONE,-0.0895919598967582,Normal,0.44693779307133,1,1,2,2,2,2,0,3,2,7,3,1,2,3,3,1,0,1,-0.250997476711292,10.9767820332199,201009
1382,20,RL,-1.72562055202678,0.34960815840247,Pave,NONE,Lvl,Corner,Gtl,NAmes,Norm,Norm,1Fam,1Story,6,7,1970,BrkFace,Plywood,None,-0.567015949674981,CBlock,865,0,340,1205,GasA,0.268289832918241,SBrkr,-0.785025043886639,1.21795170770756,0,0,0.781365814350925,1.23259887250509,1.38565545042224,-0.207698474525451,0.349545539005509,2.17157453260921,Attchd,0.221605373901533,0.35864441180696,-0.740760408320604,-0.0812091834168209,-0.359600750132276,-0.103330530851366,-0.285935458023539,NONE,-0.0895919598967582,Normal,-2.23744784062252,1,2,2,4,2,3,4,3,3,7,4,1,2,3,2,2,0,3,-0.250997476711292,12.3779229024568,200808
1383,70,RM,0.0667136381510165,-0.376394572596832,Pave,NONE,Lvl,Corner,Gtl,OldTown,Norm,Norm,1Fam,2Story,7,7,1920,Wd Sdng,Wd Sdng,None,-0.567015949674981,BrkTil,0,0,596,596,GasA,0.268289832918241,SBrkr,0.997406274070567,0.516321254515902,1,0,-1.02736282330994,1.23259887250509,1.38565545042224,-0.207698474525451,0.98684936683629,-0.924311211315714,Detchd,0.263864287457761,0.479294756173045,-0.45618648376885,-0.702842766617084,3.08098545521866,-0.103330530851366,-0.285935458023539,NONE,-0.0895919598967582,Normal,0.44693779307133,1,2,2,4,3,3,0,3,3,7,1,1,0,3,3,1,0,1,-0.799602219893816,11.9640010843304,200602
1384,30,RL,-1.72562055202678,1.92386106715799,Pave,NONE,Lvl,Inside,Gtl,Sawyer,Norm,Norm,1Fam,1Story,5,7,1918,Wd Sdng,Wd Sdng,None,-0.567015949674981,BrkTil,0,0,816,816,GasA,0.268289832918241,SBrkr,-0.785025043886639,-0.167521384369489,0,0,0.781365814350925,-0.756321032880405,0.169927088600022,-0.207698474525451,0.349545539005509,-0.924311211315714,Attchd,0.303899047668925,0.479294756173045,-0.740760408320604,-0.702842766617084,1.38404474760213,-0.103330530851366,-0.285935458023539,NONE,-0.0895919598967582,Normal,-2.23744784062252,1,3,2,4,3,3,0,3,3,7,1,1,0,3,3,1,0,1,-0.250997476711292,11.6262541502772,200711
1385,50,RL,0.0667136381510165,-0.140522942962124,Pave,NONE,Lvl,Inside,Gtl,Edwards,Norm,Norm,1Fam,1.5Fin,6,5,1939,WdShing,Wd Shng,None,-0.567015949674981,BrkTil,204,0,356,560,GasA,0.268289832918241,SBrkr,0.52146911587257,-0.479796346635072,0,0,-1.02736282330994,-0.756321032880405,-1.04580127322219,-0.207698474525451,-0.287758288825272,-0.924311211315714,Detchd,0.152656620204528,-0.894263010456227,-0.740760408320604,-0.702842766617084,-0.359600750132276,-0.103330530851366,-0.285935458023539,MnPrv,-0.0895919598967582,Normal,0.44693779307133,1,2,2,2,2,3,0,3,3,7,3,1,1,3,3,2,0,1,-0.250997476711292,11.5617156291397,200902
1386,50,RM,-0.530731091908249,-0.60009218263749,Pave,NONE,Lvl,Inside,Gtl,IDOTRR,Norm,Norm,1Fam,1.5Fin,4,8,1922,VinylSd,VinylSd,None,-0.567015949674981,BrkTil,735,0,61,796,GasA,0.268289832918241,SBrkr,0.0501980082451407,-0.685344423063051,1,0,-1.02736282330994,-0.756321032880405,0.169927088600022,-0.207698474525451,0.349545539005509,-0.924311211315714,Detchd,0.114846013338428,-1.07987892486559,-0.740760408320604,0.718033994983517,-0.359600750132276,-0.103330530851366,-0.285935458023539,MnPrv,-0.0895919598967582,Normal,0.44693779307133,1,3,2,3,3,3,0,3,3,7,4,1,0,3,3,1,0,1,-0.250997476711292,11.740061037554,201008
1387,60,RL,0.664158368210282,0.827311614764805,Pave,NONE,Lvl,Inside,Gtl,NWAmes,RRAn,Norm,1Fam,2Story,7,5,1978,Plywood,Plywood,BrkFace,0.461929057527092,CBlock,790,469,133,1392,GasA,0.268289832918241,SBrkr,2.46254615322911,2.53622639018316,1,0,2.59009445201179,1.23259887250509,2.60138381224446,-0.207698474525451,3.53606467815941,2.17157453260921,Attchd,0.23939860066205,0.423609981850236,-0.740760408320604,0.954846788583617,-0.359600750132276,-0.103330530851366,7.54676651841105,MnPrv,3.4358484312928,Normal,0.44693779307133,1,2,2,2,3,3,3,3,3,7,4,2,2,3,2,1,1,2,0.297607266471232,12.4292161968444,200610
1388,50,RM,0.0667136381510165,-0.209001803178652,Pave,Grvl,Lvl,Inside,Gtl,OldTown,Artery,Norm,1Fam,1.5Fin,6,7,1916,Stucco,Stucco,None,-0.567015949674981,BrkTil,168,546,0,714,GasW,-3.72731232161413,SBrkr,1.22604275202843,2.02630904673682,0,0,0.781365814350925,-0.756321032880405,2.60138381224446,-0.207698474525451,2.26145702249785,0.623631660646747,Detchd,0.10150109326804,-1.1912484735112,-0.0451352594163155,-0.48083077261699,-0.359600750132276,-0.103330530851366,-0.285935458023539,GdWo,-0.0895919598967582,Family,0.44693779307133,1,3,2,2,3,3,4,3,3,7,3,2,2,3,3,1,0,1,-0.250997476711292,11.8204101647182,200711
1389,20,RL,-0.470986618902322,0.599048747376378,Pave,NONE,HLS,CulDSac,Gtl,Gilbert,Norm,Norm,1Fam,1Story,9,5,2006,VinylSd,VinylSd,Stone,0.327718839196387,PConc,1320,0,426,1746,GasA,0.268289832918241,SBrkr,-0.785025043886639,0.484698473526982,1,0,0.781365814350925,-0.756321032880405,0.169927088600022,-0.207698474525451,0.349545539005509,2.17157453260921,Attchd,0.301674894323861,1.32384716673564,0.848110670426691,-0.12561158221684,-0.359600750132276,-0.103330530851366,-0.285935458023539,NONE,-0.0895919598967582,Normal,0.44693779307133,1,2,4,4,4,3,4,3,3,7,6,1,2,3,2,4,0,3,1.66911912442754,12.8413258476712,200902
1390,50,RM,0.0667136381510165,-0.52856981752245,Pave,NONE,Lvl,Inside,Gtl,BrkSide,Norm,Norm,1Fam,1.5Fin,6,6,1941,Wd Sdng,Wd Sdng,None,-0.567015949674981,BrkTil,375,0,360,735,GasA,0.268289832918241,SBrkr,0.029200780677582,-0.558853299107371,0,1,-1.02736282330994,-0.756321032880405,0.169927088600022,-0.207698474525451,-0.287758288825272,0.623631660646747,Detchd,0.295002434288667,-0.151799352818783,-0.740760408320604,-0.702842766617084,-0.359600750132276,-0.103330530851366,-0.285935458023539,NONE,-0.0895919598967582,Normal,0.44693779307133,1,3,2,4,2,4,4,3,3,7,5,1,2,3,3,1,0,1,-0.250997476711292,11.7829526021833,200706
1391,20,RL,0.365436003180649,-0.135450434797937,Pave,NONE,Lvl,Inside,Gtl,CollgCr,Norm,Norm,1Fam,1Story,7,5,2000,VinylSd,VinylSd,BrkFace,0.797454603353855,PConc,1400,0,125,1525,GasA,0.268289832918241,SBrkr,-0.785025043886639,0.0479088111175275,1,0,0.781365814350925,-0.756321032880405,0.169927088600022,-0.207698474525451,-0.287758288825272,-0.924311211315714,Attchd,0.288329974253473,0.316880831064854,0.990397632702569,-0.170013981016859,-0.359600750132276,-0.103330530851366,-0.285935458023539,NONE,-0.0895919598967582,Normal,0.44693779307133,1,2,3,4,3,3,0,3,3,7,6,1,2,3,3,3,0,2,0.297607266471232,12.3673407931263,200612
1392,90,RL,0.216074820665833,-0.155233216638268,Pave,NONE,Lvl,Inside,Gtl,NAmes,Norm,Norm,Duplex,1Story,5,5,1967,Plywood,Plywood,None,-0.567015949674981,CBlock,0,0,1584,1584,GasA,0.268289832918241,SBrkr,-0.785025043886639,0.164517816014169,0,0,0.781365814350925,-0.756321032880405,1.38565545042224,4.45593111885755,0.98684936683629,-0.924311211315714,Detchd,0.214932913866338,1.48162069398359,-0.740760408320604,1.54687877258387,-0.359600750132276,-0.103330530851366,-0.285935458023539,NONE,-0.0895919598967582,Normal,0.44693779307133,1,2,2,2,2,3,0,3,3,4,1,1,2,3,3,1,0,1,-0.250997476711292,11.7280368445872,200907
1393,85,RL,0.305691530174723,-0.295488067378045,Pave,NONE,Lvl,Inside,Gtl,NAmes,Norm,Norm,1Fam,SFoyer,5,5,1967,HdBoard,HdBoard,None,-0.567015949674981,CBlock,769,0,95,864,GasA,0.268289832918241,SBrkr,-0.785025043886639,-1.18735607126215,1,0,-1.02736282330994,-0.756321032880405,0.169927088600022,-0.207698474525451,-0.287758288825272,0.623631660646747,Attchd,0.214932913866338,-0.857139827574354,0.642585058250424,1.42847237578382,-0.359600750132276,-0.103330530851366,-0.285935458023539,MnWw,-0.0895919598967582,Normal,0.44693779307133,1,2,2,2,2,3,1,3,3,7,5,1,2,3,3,3,0,2,-0.250997476711292,11.7199396343546,200604
1394,190,RM,0.0667136381510165,0.0801311621800214,Pave,Pave,Lvl,Inside,Gtl,OldTown,Norm,Norm,2fmCon,1.5Fin,6,7,1905,Wd Sdng,Wd Sdng,None,-0.567015949674981,BrkTil,0,0,482,482,GasA,-3.72731232161413,SBrkr,0.827095428244813,0.812784826287026,0,0,0.781365814350925,-0.756321032880405,0.169927088600022,4.45593111885755,0.349545539005509,0.623631660646747,Detchd,0.295002434288667,0.924772950755511,-0.740760408320604,-0.332822776616927,2.940871084865,-0.103330530851366,-0.285935458023539,NONE,-0.0895919598967582,Normal,0.44693779307133,1,2,2,4,2,3,3,4,3,7,1,1,2,3,3,1,0,1,-0.799602219893816,12.0015054797889,200807
1395,120,RL,-0.142392017369726,-0.776488654047102,Pave,NONE,Lvl,Inside,Gtl,Blmngtn,Norm,Norm,TwnhsE,1Story,7,5,2006,VinylSd,VinylSd,BrkFace,-0.315371790304909,PConc,1070,0,286,1356,GasA,0.268289832918241,SBrkr,-0.785025043886639,-0.00150178417765967,1,0,0.781365814350925,-0.756321032880405,-1.04580127322219,-0.207698474525451,-0.287758288825272,0.623631660646747,Attchd,0.301674894323861,0.813403402109894,0.531917420924742,-0.406826774616959,-0.359600750132276,-0.103330530851366,-0.285935458023539,NONE,-0.0895919598967582,Partial,0.44693779307133,1,2,3,4,3,3,4,3,3,7,6,1,2,3,3,3,0,3,0.297607266471232,12.4154336524317,200602
1396,60,RL,0.903136260233988,0.316636855335252,Pave,NONE,Lvl,Inside,Gtl,Timber,Norm,Norm,1Fam,2Story,8,5,2005,VinylSd,VinylSd,BrkFace,0.803046695784301,PConc,0,0,1094,1094,GasA,0.268289832918241,SBrkr,2.36222606596188,1.93934639901729,0,0,0.781365814350925,1.23259887250509,1.38565545042224,-0.207698474525451,1.62415319466707,0.623631660646747,BuiltIn,0.299450740978796,0.78556101494849,0.397535289886414,-0.12561158221684,-0.359600750132276,-0.103330530851366,-0.285935458023539,NONE,-0.0895919598967582,Normal,0.44693779307133,1,2,3,4,3,4,4,3,3,7,1,1,2,3,2,4,0,3,0.297607266471232,12.546867668291,200705
1397,20,RL,-1.72562055202678,5.96424063263725,Pave,NONE,Bnk,Inside,Sev,Timber,Norm,Norm,1Fam,1Story,5,5,1948,Wd Sdng,Wd Sdng,None,-0.567015949674981,CBlock,353,334,60,747,GasA,0.268289832918241,SBrkr,-0.785025043886639,0.368089468630341,1,0,-1.02736282330994,-0.756321032880405,0.169927088600022,-0.207698474525451,0.349545539005509,2.17157453260921,Detchd,0.212708760521274,0.460733164732109,-0.740760408320604,-0.702842766617084,0.418812418499156,-0.103330530851366,-0.285935458023539,NONE,-0.0895919598967582,Normal,-2.23744784062252,1,2,2,2,2,3,3,3,3,6,4,3,0,3,2,3,0,1,-0.250997476711292,11.982929094216,201009
1398,70,RM,-0.202136490375653,-0.513352293029888,Pave,NONE,Lvl,Inside,Gtl,BrkSide,Norm,Norm,1Fam,2Story,5,8,1920,MetalSd,MetalSd,None,-0.567015949674981,BrkTil,0,0,939,939,GasA,0.268289832918241,SBrkr,0.55413146986655,0.0241917253758377,0,0,-1.02736282330994,1.23259887250509,1.38565545042224,-0.207698474525451,0.98684936683629,-0.924311211315714,Detchd,0.13931170013414,-1.35830279647963,-0.551044458619434,-0.702842766617084,1.97563875576202,-0.103330530851366,-0.285935458023539,NONE,-0.0895919598967582,Normal,0.44693779307133,1,2,2,4,2,3,0,2,2,7,1,1,0,3,3,2,0,1,-0.250997476711292,11.8313791960888,200708
1399,50,RL,0.0667136381510165,-0.376394572596832,Pave,NONE,Lvl,Inside,Gtl,NAmes,Norm,Norm,1Fam,1.5Fin,5,4,1950,VinylSd,Wd Sdng,None,-0.567015949674981,CBlock,180,352,676,1208,GasA,0.268289832918241,FuseA,1.0067383752117,0.796973435792566,1,0,-1.02736282330994,1.23259887250509,0.169927088600022,-0.207698474525451,0.349545539005509,-0.924311211315714,Attchd,0.177122307000239,-1.07987892486559,-0.740760408320604,-0.702842766617084,2.25586749646934,-0.103330530851366,-0.285935458023539,GdPrv,-0.0895919598967582,Normal,0.44693779307133,1,2,2,3,2,3,0,3,3,6,3,4,2,3,3,1,0,1,-0.250997476711292,11.8350089641393,200908
1400,50,RL,-0.202136490375653,-0.506884845120549,Pave,NONE,Lvl,Inside,Gtl,SWISU,Norm,Norm,1Fam,1.5Fin,6,6,1925,WdShing,Wd Shng,None,-0.567015949674981,BrkTil,264,0,712,976,GasA,0.268289832918241,SBrkr,0.260170283920728,0.211951987497549,0,0,0.781365814350925,1.23259887250509,0.169927088600022,-0.207698474525451,0.349545539005509,0.623631660646747,Detchd,0.121518473373622,-1.1912484735112,0.42124978359906,-0.466029973016984,-0.359600750132276,-0.103330530851366,-0.285935458023539,MnPrv,-0.0895919598967582,Normal,0.44693779307133,1,2,2,4,3,3,4,2,3,7,4,1,2,3,3,1,0,1,-0.250997476711292,11.8310154935934,200902
1401,50,RM,-0.232008726878616,-0.52856981752245,Pave,NONE,Lvl,Corner,Gtl,BrkSide,Norm,Norm,1Fam,1.5Fin,6,7,1929,WdShing,Wd Shng,None,-0.567015949674981,BrkTil,0,0,862,862,GasA,0.268289832918241,SBrkr,-0.299755784547504,-0.677438727815821,0,0,-1.02736282330994,-0.756321032880405,0.169927088600022,-0.207698474525451,-0.925062116656053,0.623631660646747,BuiltIn,0.130415086753881,-1.22837165639308,-0.740760408320604,-0.702842766617084,1.38404474760213,-0.103330530851366,-0.285935458023539,NONE,-0.0895919598967582,Normal,0.44693779307133,1,2,2,2,2,3,4,3,3,7,1,1,2,3,3,1,0,2,-0.250997476711292,11.6952470217642,200810
1402,60,RL,0.126458111156943,-0.349129841214326,Pave,NONE,Lvl,Inside,Gtl,Gilbert,Norm,Norm,1Fam,2Story,6,5,2004,VinylSd,VinylSd,None,-0.567015949674981,PConc,759,0,80,839,GasA,0.268289832918241,SBrkr,0.915750389085616,0.182305630320437,1,0,0.781365814350925,1.23259887250509,0.169927088600022,-0.207698474525451,0.98684936683629,0.623631660646747,Attchd,0.297226587633731,-0.346696062948612,0.0497227154342694,0.407217203383386,-0.359600750132276,-0.103330530851366,-0.285935458023539,NONE,-0.0895919598967582,Normal,0.44693779307133,1,2,2,4,2,3,3,3,3,7,6,1,2,3,2,1,0,3,-0.250997476711292,12.170445467887,200807
1403,20,RL,0.18620258416287,-0.431938536994683,Pave,NONE,Lvl,Inside,Gtl,CollgCr,Norm,Norm,1Fam,1Story,7,5,2006,VinylSd,VinylSd,None,-0.567015949674981,PConc,0,0,1286,1286,GasA,0.268289832918241,SBrkr,-0.785025043886639,-0.408645089410002,0,0,0.781365814350925,-0.756321032880405,-1.04580127322219,-0.207698474525451,-0.287758288825272,0.623631660646747,Attchd,0.301674894323861,0.878368972153171,0.587251239587583,0.11120121138326,-0.359600750132276,-0.103330530851366,-0.285935458023539,NONE,-0.0895919598967582,Partial,0.44693779307133,1,2,3,4,3,4,4,3,3,7,1,1,2,3,3,3,0,2,0.297607266471232,12.1749895321164,200610
1404,20,RL,-0.261880963381579,0.645208571670482,Pave,NONE,Lvl,CulDSac,Gtl,Somerst,RRAn,Norm,1Fam,1Story,8,5,2007,VinylSd,VinylSd,Stone,-0.0972801855175127,PConc,929,0,556,1485,GasA,0.268289832918241,SBrkr,-0.785025043886639,-0.0726530414027293,1,0,0.781365814350925,-0.756321032880405,0.169927088600022,-0.207698474525451,-0.287758288825272,-0.924311211315714,Attchd,0.303899047668925,1.3052855752947,0.587251239587583,1.66528516938392,-0.359600750132276,-0.103330530851366,-0.285935458023539,NONE,-0.0895919598967582,Normal,0.44693779307133,1,2,3,4,3,3,0,3,3,7,6,1,2,3,2,4,0,1,0.297607266471232,12.5529265202611,200711
1405,50,RL,0.0667136381510165,0.0306742075791956,Pave,Grvl,Lvl,Corner,Gtl,OldTown,Artery,Norm,1Fam,1.5Fin,3,4,1915,Wd Sdng,Wd Sdng,None,-0.567015949674981,PConc,0,0,672,672,GasA,0.268289832918241,SBrkr,0.428148104461198,-0.566758994354601,0,0,-1.02736282330994,-0.756321032880405,0.169927088600022,-0.207698474525451,-0.287758288825272,-0.924311211315714,Detchd,0.283881667563343,2.14983798585729,0.966683138989922,-0.702842766617084,2.13132138948831,-0.103330530851366,-0.285935458023539,MnPrv,-0.0895919598967582,Family,0.44693779307133,1,2,2,2,2,3,0,3,3,7,1,1,2,3,3,1,0,1,-0.250997476711292,11.5617156291397,200601
1406,120,RM,-0.411242145896396,-0.802231632980353,Pave,NONE,HLS,Inside,Mod,Crawfor,Norm,Norm,TwnhsE,1Story,8,5,2004,CemntBd,CmentBd,Stone,0.406008133222631,PConc,1373,0,221,1594,GasA,0.268289832918241,SBrkr,-0.785025043886639,0.287056092346234,1,1,0.781365814350925,-0.756321032880405,-1.04580127322219,-0.207698474525451,-0.925062116656053,0.623631660646747,Attchd,0.297226587633731,0.0430973573110463,0.271057990085634,0.0815996121832479,-0.359600750132276,-0.103330530851366,2.47331182912956,NONE,-0.0895919598967582,Normal,0.44693779307133,1,2,3,4,3,3,4,3,3,7,6,1,2,3,2,4,0,3,1.66911912442754,12.5245263766487,200801
1407,85,RL,0.365436003180649,-0.218512755986504,Pave,NONE,Lvl,Corner,Gtl,CollgCr,Norm,Norm,1Fam,SFoyer,5,7,1972,HdBoard,Wd Shng,None,-0.567015949674981,CBlock,656,0,112,768,GasA,0.268289832918241,SBrkr,-0.785025043886639,-1.44824401442074,1,0,-1.02736282330994,-0.756321032880405,-1.04580127322219,-0.207698474525451,-0.925062116656053,-0.924311211315714,Detchd,0.261640134112697,-0.35597685866908,-0.282280196542777,-0.702842766617084,-0.359600750132276,-0.103330530851366,-0.285935458023539,MnPrv,-0.0895919598967582,Normal,0.44693779307133,1,2,2,2,2,3,0,3,3,7,6,1,2,3,3,3,0,1,0.297607266471232,11.7981044072039,200906
1408,20,RL,-1.72562055202678,-0.176030500111435,Pave,NONE,Lvl,Corner,Gtl,Mitchel,Norm,Norm,1Fam,1Story,5,5,1985,HdBoard,Plywood,None,-0.567015949674981,CBlock,625,0,208,833,GasA,0.268289832918241,SBrkr,-0.785025043886639,-1.31977646665325,1,0,-1.02736282330994,-0.756321032880405,0.169927088600022,-0.207698474525451,-0.925062116656053,-0.924311211315714,NONE,-4.15997671587587,-2.19357441132175,-0.740760408320604,-0.702842766617084,-0.359600750132276,-0.103330530851366,-0.285935458023539,MnPrv,-0.0895919598967582,Normal,-2.23744784062252,1,2,2,4,2,3,0,0,0,7,5,1,2,3,2,1,0,0,-0.250997476711292,11.6262541502772,200906
1409,70,RM,0.0667136381510165,-0.307915712380304,Pave,NONE,Lvl,Inside,Gtl,OldTown,Norm,Norm,1Fam,2Story,4,7,1910,VinylSd,VinylSd,None,-0.567015949674981,CBlock,0,0,622,622,GasA,0.268289832918241,SBrkr,0.666116683560196,-0.272271846395286,0,0,-1.02736282330994,-0.756321032880405,0.169927088600022,-0.207698474525451,-0.287758288825272,-0.924311211315714,Detchd,0.212708760521274,0.256555658881811,-0.740760408320604,-0.702842766617084,-0.359600750132276,-0.103330530851366,2.7047325693424,NONE,-0.0895919598967582,Normal,0.44693779307133,1,2,2,3,2,3,0,3,3,7,1,1,2,3,3,1,0,1,-0.799602219893816,11.740061037554,201009
1410,60,RL,-0.351497672890469,1.31579415097604,Pave,NONE,Lvl,CulDSac,Gtl,NWAmes,Norm,Norm,1Fam,2Story,7,6,1986,Plywood,Plywood,BrkFace,0.120811419269883,CBlock,0,0,791,791,GasA,0.268289832918241,SBrkr,1.21437762560201,1.17051753622418,0,0,0.781365814350925,1.23259887250509,0.169927088600022,-0.207698474525451,0.349545539005509,0.623631660646747,Attchd,0.257191827422567,0.321521228925088,2.13659816214713,0.229607608183311,-0.359600750132276,-0.103330530851366,-0.285935458023539,MnPrv,-0.0895919598967582,Normal,0.44693779307133,1,3,2,3,2,3,3,3,3,7,1,1,2,3,2,1,0,3,0.297607266471232,12.2783933071098,200803
1411,60,RL,0.634286131707318,0.285567742829606,Pave,NONE,Lvl,Inside,Gtl,CollgCr,Norm,Norm,1Fam,2Story,7,5,2001,VinylSd,VinylSd,None,-0.567015949674981,PConc,666,0,278,944,GasA,0.268289832918241,SBrkr,1.30536561172809,0.670482311836886,1,0,0.781365814350925,1.23259887250509,0.169927088600022,-0.207698474525451,-0.287758288825272,-0.924311211315714,Attchd,0.290554127598537,0.69275305774381,-0.740760408320604,-0.0368067846168022,-0.359600750132276,-0.103330530851366,-0.285935458023539,NONE,-0.0895919598967582,Normal,0.44693779307133,1,2,3,4,3,3,0,3,3,7,6,1,2,3,3,1,0,2,0.297607266471232,12.3458345879053,200909
1412,50,RL,0.664158368210282,-0.0720440827455964,Pave,NONE,Lvl,Inside,Gtl,NAmes,Norm,Norm,1Fam,1.5Fin,6,8,1950,VinylSd,VinylSd,None,-0.567015949674981,CBlock,120,0,736,856,GasA,0.268289832918241,SBrkr,0.512137014731432,0.330537416205998,0,0,-1.02736282330994,1.23259887250509,0.169927088600022,-0.207698474525451,-0.287758288825272,-0.924311211315714,Attchd,0.177122307000239,-0.936026591198333,-0.740760408320604,-0.702842766617084,-0.359600750132276,-0.103330530851366,-0.285935458023539,MnPrv,-0.0895919598967582,Normal,0.44693779307133,1,3,2,4,2,3,0,3,3,5,4,1,2,3,3,1,0,1,-0.250997476711292,11.8493977015914,200912
1413,90,RL,0.0667136381510165,-0.376394572596832,Pave,NONE,Lvl,Inside,Gtl,NAmes,Norm,Norm,Duplex,1Story,4,5,1949,BrkFace,Stone,None,-0.567015949674981,Slab,0,0,0,0,Wall,-3.72731232161413,FuseF,-0.785025043886639,-0.910656737609104,0,0,0.781365814350925,-0.756321032880405,-1.04580127322219,4.45593111885755,-0.287758288825272,-0.924311211315714,Detchd,0.190467227070627,-0.244607310023463,-0.740760408320604,-0.702842766617084,-0.359600750132276,-0.103330530851366,-0.285935458023539,NONE,-0.0895919598967582,Normal,0.44693779307133,0,2,2,1,2,0,0,3,3,7,0,0,2,3,3,0,0,1,-4.91413779376274,11.4075649493124,200909
1414,20,RL,0.903136260233988,0.10473282677633,Pave,NONE,Lvl,Corner,Gtl,SawyerW,Norm,Norm,1Fam,1Story,8,5,2005,VinylSd,VinylSd,Stone,1.47968987986827,PConc,976,0,868,1844,GasA,0.268289832918241,SBrkr,-0.785025043886639,0.678388007084116,1,0,0.781365814350925,-0.756321032880405,-1.04580127322219,-0.207698474525451,0.349545539005509,0.623631660646747,Attchd,0.299450740978796,0.683472262023342,0.563536745874937,-0.0516075842168084,-0.359600750132276,-0.103330530851366,-0.285935458023539,NONE,-0.0895919598967582,Abnorml,0.44693779307133,1,2,3,4,3,4,4,3,3,7,6,1,2,3,2,1,0,3,0.297607266471232,12.4568313638774,200912
1415,50,RL,0.18620258416287,0.365840184527869,Pave,Pave,Bnk,Inside,Gtl,BrkSide,Norm,Norm,1Fam,1.5Fin,6,7,1923,Wd Sdng,Wd Sdng,None,-0.567015949674981,BrkTil,0,0,833,833,GasA,0.268289832918241,SBrkr,1.06973005791438,0.686293702331346,0,0,-1.02736282330994,1.23259887250509,1.38565545042224,-0.207698474525451,0.98684936683629,0.623631660646747,Detchd,0.114846013338428,-0.476627203035164,-0.740760408320604,-0.702842766617084,-0.359600750132276,-0.103330530851366,3.63041553019376,NONE,-0.0895919598967582,Normal,0.44693779307133,1,2,2,3,3,3,4,3,3,7,1,1,0,3,3,1,0,1,-0.250997476711292,12.2404740722475,200809
1416,120,RL,-0.202136490375653,-0.828481862730022,Pave,NONE,Lvl,Inside,Gtl,Blmngtn,Norm,Norm,TwnhsE,1Story,7,5,2007,VinylSd,VinylSd,BrkFace,0.159956066283005,PConc,988,0,398,1386,GasA,0.268289832918241,SBrkr,-0.785025043886639,0.134871458837057,0,1,0.781365814350925,-0.756321032880405,-2.26152963504441,-0.207698474525451,0.349545539005509,0.623631660646747,Attchd,0.303899047668925,0.869088176432703,0.389630458648865,-0.406826774616959,-0.359600750132276,-0.103330530851366,-0.285935458023539,NONE,-0.0895919598967582,Normal,0.44693779307133,1,2,3,4,3,3,3,3,3,7,5,1,2,3,3,1,0,2,0.297607266471232,12.0776709307256,200908
1417,190,RM,0.0667136381510165,0.148610022396549,Pave,NONE,Lvl,Inside,Gtl,OldTown,Norm,Norm,2fmCon,2Story,4,6,1885,VinylSd,AsbShng,None,-0.567015949674981,PConc,0,0,777,777,GasA,0.268289832918241,SBrkr,1.65065335395017,1.55987302715026,0,0,0.781365814350925,-0.756321032880405,1.38565545042224,4.45593111885755,2.89876085032863,-0.924311211315714,Detchd,0.223829527246597,0.4050483904093,-0.740760408320604,-0.702842766617084,1.41518127434739,-0.103330530851366,-0.285935458023539,NONE,-0.0895919598967582,Normal,0.44693779307133,1,2,2,3,2,3,0,3,3,7,1,1,0,3,3,1,0,1,-0.250997476711292,11.7158663089669,201007
1418,60,RL,-1.72562055202678,0.808670147261417,Pave,NONE,Lvl,Inside,Gtl,NoRidge,Norm,Norm,1Fam,2Story,8,5,1998,VinylSd,VinylSd,BrkFace,3.52080361698108,PConc,781,0,503,1284,GasA,0.268289832918241,SBrkr,1.87462378133746,1.87610083703945,1,0,0.781365814350925,1.23259887250509,0.169927088600022,-0.207698474525451,0.349545539005509,0.623631660646747,Attchd,0.283881667563343,2.76701090126842,-0.740760408320604,1.16205798298371,-0.359600750132276,-0.103330530851366,-0.285935458023539,NONE,-0.0895919598967582,Normal,-2.23744784062252,1,2,3,4,3,3,3,3,3,7,6,1,2,3,2,2,0,3,0.297607266471232,12.7367008965923,200908
1419,20,RL,0.395308239683612,-0.12226191357105,Pave,NONE,Lvl,Inside,Gtl,NAmes,Norm,Norm,1Fam,1Story,5,5,1963,HdBoard,HdBoard,None,-0.567015949674981,CBlock,25,872,247,1144,GasA,0.268289832918241,SBrkr,-0.785025043886639,-0.705108661181125,1,0,-1.02736282330994,1.23259887250509,0.169927088600022,-0.207698474525451,-0.287758288825272,-0.924311211315714,Detchd,0.203812147141015,-0.634400730283121,-0.740760408320604,0.599627598183467,-0.359600750132276,-0.103330530851366,-0.285935458023539,NONE,-0.0895919598967582,Normal,0.44693779307133,1,2,2,2,2,3,0,3,3,7,4,3,2,3,3,1,0,1,-0.250997476711292,11.7280368445872,200811
1420,20,RL,-1.72562055202678,0.787872863788249,Pave,NONE,Lvl,Inside,Gtl,Crawfor,Norm,Norm,1Fam,1Story,6,5,1969,Plywood,Plywood,BrkFace,1.17771688862419,CBlock,1110,0,734,1844,GasA,0.268289832918241,SBrkr,-0.785025043886639,0.678388007084116,1,0,0.781365814350925,-0.756321032880405,0.169927088600022,-0.207698474525451,0.349545539005509,0.623631660646747,Attchd,0.219381220556468,0.31224043320462,-0.740760408320604,0.377615604183373,3.00314413835551,-0.103330530851366,-0.285935458023539,NONE,-0.0895919598967582,Normal,-2.23744784062252,1,3,3,3,3,3,3,3,3,7,3,1,2,3,2,3,0,2,-0.250997476711292,12.3149270504423,200604
1421,60,RL,0.962880733239914,0.194262595874235,Pave,NONE,Lvl,Corner,Gtl,NWAmes,Norm,Norm,1Fam,2Story,6,6,1968,HdBoard,HdBoard,BrkFace,1.78166287111236,CBlock,404,0,304,708,GasA,0.268289832918241,SBrkr,0.866756858094646,-0.167521384369489,0,0,0.781365814350925,1.23259887250509,0.169927088600022,-0.207698474525451,0.349545539005509,0.623631660646747,Attchd,0.217157067211403,1.40737432821985,-0.740760408320604,1.79849236578397,-0.359600750132276,-0.103330530851366,1.832454394694,NONE,-0.0895919598967582,Normal,0.44693779307133,1,2,2,3,2,3,3,3,3,7,5,1,2,3,3,1,0,2,-0.250997476711292,12.1001564199386,200608
1422,120,RL,-0.142392017369726,-0.776742279455312,Pave,NONE,Lvl,Inside,Gtl,NPkVill,Norm,Norm,TwnhsE,1Story,6,5,1977,Plywood,Plywood,None,-0.567015949674981,CBlock,360,0,709,1069,GasA,0.268289832918241,SBrkr,-0.785025043886639,-0.853340447066687,0,0,0.781365814350925,-0.756321032880405,-1.04580127322219,-0.207698474525451,-1.56236594448683,0.623631660646747,Attchd,0.237174447316985,-0.151799352818783,-0.740760408320604,0.11120121138326,-0.359600750132276,-0.103330530851366,2.65132778313943,NONE,-0.0895919598967582,Normal,0.44693779307133,1,2,2,2,2,3,2,3,3,7,5,1,2,3,3,1,0,2,0.297607266471232,11.7558716435806,201010
1423,120,RM,-0.620347801417138,-0.727031699446277,Pave,NONE,Lvl,Inside,Gtl,CollgCr,Norm,Norm,TwnhsE,1Story,6,5,2003,VinylSd,VinylSd,BrkFace,0.383639763500847,PConc,686,0,162,848,GasA,0.268289832918241,SBrkr,-0.785025043886639,-1.29013010947614,1,0,-1.02736282330994,-0.756321032880405,-2.26152963504441,-0.207698474525451,-2.19966977231761,-0.924311211315714,Attchd,0.295002434288667,-0.244607310023463,0.365915964936219,-0.702842766617084,-0.359600750132276,-0.103330530851366,-0.285935458023539,NONE,-0.0895919598967582,Normal,0.44693779307133,1,2,3,4,3,3,0,3,3,7,6,1,2,3,3,3,0,3,0.297607266471232,11.8240798936072,200806
1424,80,RL,-1.72562055202678,1.20749610167064,Pave,NONE,Lvl,CulDSac,Gtl,Edwards,Norm,Norm,1Fam,SLvl,6,7,1966,Plywood,Plywood,None,-0.567015949674981,CBlock,0,0,697,697,GasA,0.268289832918241,SBrkr,0.675448784701333,1.38397130789939,0,0,0.781365814350925,-0.756321032880405,1.38565545042224,-0.207698474525451,0.98684936683629,0.623631660646747,Attchd,0.212708760521274,-0.188922535700655,3.89147069688295,2.79014593898439,-0.359600750132276,-0.103330530851366,-0.285935458023539,GdPrv,-0.0895919598967582,Alloca,-2.23744784062252,1,3,3,2,3,3,4,4,4,7,1,1,2,3,2,3,3,1,0.297607266471232,12.5244172797888,200611
1425,20,RL,-1.72562055202678,-0.0843449150437505,Pave,NONE,Lvl,Inside,Gtl,NAmes,Norm,Norm,1Fam,1Story,5,5,1958,HdBoard,HdBoard,None,-0.567015949674981,CBlock,457,374,193,1024,GasA,0.268289832918241,SBrkr,-0.785025043886639,-0.309823898819628,1,0,-1.02736282330994,-0.756321032880405,-1.04580127322219,-0.207698474525451,-0.287758288825272,0.623631660646747,Detchd,0.221605373901533,0.0523781530315144,1.7571662627448,-0.288420377816909,-0.359600750132276,-0.103330530851366,-0.285935458023539,GdWo,-0.0895919598967582,Normal,-2.23744784062252,1,2,2,2,2,3,3,3,3,6,5,3,2,3,3,1,0,1,-0.250997476711292,11.8775685785581,200709
1426,20,RL,0.664158368210282,0.0701129585557516,Pave,NONE,Lvl,Inside,Gtl,NAmes,Norm,Norm,1Fam,1Story,6,6,1959,HdBoard,HdBoard,Stone,0.791862510923409,CBlock,0,0,1252,1252,GasA,0.268289832918241,SBrkr,-0.785025043886639,-0.491654889505917,0,0,-1.02736282330994,-0.756321032880405,0.169927088600022,-0.207698474525451,0.349545539005509,-0.924311211315714,Detchd,0.199363840450886,0.256555658881811,-0.740760408320604,-0.12561158221684,-0.359600750132276,-0.103330530851366,-0.285935458023539,NONE,-0.0895919598967582,Normal,0.44693779307133,1,2,3,4,3,3,0,3,3,7,1,1,2,3,2,1,0,1,-0.250997476711292,11.8635823365834,200802
1427,60,RL,0.694030604713245,0.0983921915710956,Pave,NONE,Lvl,Inside,Gtl,NoRidge,Norm,Norm,1Fam,2Story,7,5,1994,VinylSd,VinylSd,BrkFace,1.93824145916485,PConc,1000,0,223,1223,GasA,0.268289832918241,SBrkr,1.32402981401037,1.23771594582564,1,0,0.781365814350925,1.23259887250509,0.169927088600022,-0.207698474525451,-0.925062116656053,2.17157453260921,Attchd,0.274985054183085,0.242634465301109,0.610965733300229,1.25086278058374,-0.359600750132276,-0.103330530851366,-0.285935458023539,NONE,-0.0895919598967582,Normal,0.44693779307133,1,2,3,4,3,3,3,3,3,7,6,1,2,3,2,1,0,2,0.297607266471232,12.5098740998618,200811
1428,50,RL,0.0667136381510165,0.09661681371363,Pave,Grvl,Bnk,Inside,Gtl,NAmes,Artery,Norm,1Fam,1.5Fin,5,6,1945,MetalSd,MetalSd,None,-0.567015949674981,CBlock,580,0,333,913,GasA,0.268289832918241,FuseA,0.404817851608354,0.113130796907175,1,0,-1.02736282330994,1.23259887250509,0.169927088600022,-0.207698474525451,-0.287758288825272,0.623631660646747,Attchd,0.203812147141015,-0.857139827574354,-0.740760408320604,-0.702842766617084,-0.359600750132276,-0.103330530851366,-0.285935458023539,NONE,-0.0895919598967582,Normal,0.44693779307133,1,2,2,2,2,3,3,3,3,7,4,1,2,3,3,1,0,1,-0.250997476711292,11.8493977015914,200807
1429,30,RM,0.0667136381510165,-0.376394572596832,Pave,NONE,Lvl,Corner,Gtl,OldTown,Norm,Norm,1Fam,1Story,5,7,1940,MetalSd,MetalSd,Stone,1.07705922487616,CBlock,510,0,278,788,GasA,0.268289832918241,SBrkr,-0.785025043886639,-1.37709275719567,1,0,-1.02736282330994,-0.756321032880405,-1.04580127322219,-0.207698474525451,-1.56236594448683,2.17157453260921,Attchd,0.154880773549592,-1.07987892486559,-0.740760408320604,-0.702842766617084,2.03791180925254,-0.103330530851366,-0.285935458023539,MnPrv,-0.0895919598967582,Abnorml,0.44693779307133,1,3,2,2,3,3,4,3,3,7,4,1,2,3,3,1,0,1,-0.250997476711292,11.6868787720937,201005
1430,20,RL,-1.72562055202678,0.301546143546795,Pave,NONE,Lvl,Corner,Gtl,NWAmes,Norm,Norm,1Fam,1Story,6,7,1981,MetalSd,MetalSd,BrkFace,1.16653270376329,CBlock,678,0,762,1440,GasA,0.268289832918241,SBrkr,-0.785025043886639,-0.120087212886109,0,0,0.781365814350925,-0.756321032880405,0.169927088600022,-0.207698474525451,0.349545539005509,0.623631660646747,Attchd,0.246071060697244,-0.0265086105924641,-0.740760408320604,-0.702842766617084,1.18165732375796,-0.103330530851366,-0.285935458023539,NONE,-0.0895919598967582,Normal,-2.23744784062252,1,3,3,4,3,3,3,3,3,7,4,1,2,3,2,1,0,3,0.297607266471232,12.116694834379,200707
1431,60,RL,0.0667136381510165,1.49155655886513,Pave,NONE,Lvl,Inside,Gtl,Gilbert,RRAn,Norm,1Fam,2Story,5,5,2005,VinylSd,VinylSd,None,-0.567015949674981,PConc,0,0,732,732,GasA,0.268289832918241,SBrkr,1.79063487106723,0.666529464213271,0,0,0.781365814350925,1.23259887250509,1.38565545042224,-0.207698474525451,0.349545539005509,0.623631660646747,BuiltIn,0.299450740978796,-0.467346407314696,0.0497227154342694,-0.110810782616833,-0.359600750132276,-0.103330530851366,-0.285935458023539,NONE,-0.0895919598967582,Normal,0.44693779307133,1,2,3,4,2,4,4,3,3,7,1,1,2,3,0,3,0,3,0.297607266471232,12.1659795519637,200610
1432,120,RL,-1.72562055202678,-0.664513036322669,Pave,NONE,Lvl,Inside,Gtl,NPkVill,Norm,Norm,TwnhsE,1Story,6,6,1976,Plywood,Plywood,None,-0.567015949674981,CBlock,958,0,0,958,GasA,0.268289832918241,SBrkr,-0.785025043886639,-1.07272349017732,0,0,0.781365814350925,-0.756321032880405,-1.04580127322219,-0.207698474525451,-0.925062116656053,-0.924311211315714,Attchd,0.234950293971921,-0.151799352818783,-0.740760408320604,0.185205209383292,-0.359600750132276,-0.103330530851366,-0.285935458023539,NONE,-0.0895919598967582,Normal,-2.23744784062252,1,2,2,2,2,3,0,3,3,7,2,1,2,3,2,1,0,2,0.297607266471232,11.8758309586596,200902
1433,30,RL,0.0667136381510165,0.0801311621800214,Pave,Grvl,Lvl,Inside,Gtl,OldTown,Norm,Norm,1Fam,1Story,4,6,1927,Wd Sdng,Wd Sdng,None,-0.567015949674981,BrkTil,0,0,656,656,GasA,0.268289832918241,SBrkr,-0.785025043886639,-1.05295925205924,0,0,0.781365814350925,-0.756321032880405,1.38565545042224,-0.207698474525451,-0.925062116656053,-0.924311211315714,Detchd,0.128190933408816,-1.1912484735112,-0.740760408320604,-0.702842766617084,-0.359600750132276,-0.103330530851366,-0.285935458023539,NONE,-0.0895919598967582,Normal,0.44693779307133,1,2,2,2,2,3,0,2,2,7,1,1,2,3,3,1,0,1,-0.250997476711292,11.0744205027839,200711
1434,60,RL,1.0524974427488,0.0117791146675981,Pave,NONE,Lvl,Inside,Gtl,Gilbert,Norm,Norm,1Fam,2Story,6,5,2000,VinylSd,VinylSd,BrkFace,1.21126944320686,PConc,0,0,936,936,GasA,0.268289832918241,SBrkr,1.15138594289933,0.575613968870127,1,0,0.781365814350925,1.23259887250509,0.169927088600022,-0.207698474525451,0.98684936683629,0.623631660646747,Attchd,0.288329974253473,-0.100754976356208,-0.740760408320604,-0.702842766617084,-0.359600750132276,-0.103330530851366,-0.285935458023539,NONE,-0.0895919598967582,Normal,0.44693779307133,1,2,2,4,2,3,3,3,3,7,1,1,2,3,2,1,0,3,0.297607266471232,12.136186518066,200808
1435,20,RL,0.664158368210282,0.91709500927092,Pave,NONE,Low,Inside,Mod,Mitchel,Norm,Norm,1Fam,1Story,5,5,1977,BrkFace,BrkFace,None,-0.567015949674981,CBlock,936,0,190,1126,GasA,0.268289832918241,SBrkr,-0.785025043886639,-0.74068428979366,1,0,0.781365814350925,-0.756321032880405,0.169927088600022,-0.207698474525451,-0.925062116656053,0.623631660646747,Attchd,0.237174447316985,0.0523781530315144,1.59116480675627,-0.0960099830168272,-0.359600750132276,-0.103330530851366,-0.285935458023539,NONE,-0.0895919598967582,Normal,0.44693779307133,1,2,2,1,2,3,4,3,3,7,5,1,1,3,3,1,0,2,-0.250997476711292,11.982929094216,200608
1436,20,RL,0.664158368210282,-0.224219327671214,Pave,NONE,Lvl,Inside,Gtl,NAmes,Norm,Norm,1Fam,1Story,6,9,1962,Wd Sdng,Wd Sdng,BrkFace,0.758309956340732,CBlock,0,0,1319,1319,GasA,0.268289832918241,SBrkr,-0.785025043886639,0.0716258968592174,1,0,-1.02736282330994,1.23259887250509,0.169927088600022,-0.207698474525451,0.349545539005509,0.623631660646747,Attchd,0.203812147141015,-0.0497105998936342,-0.740760408320604,-0.170013981016859,-0.359600750132276,-0.103330530851366,-0.285935458023539,GdPrv,-0.0895919598967582,Abnorml,0.44693779307133,1,3,3,2,3,3,4,3,3,7,1,1,2,3,3,1,0,2,-0.250997476711292,12.0668105781967,200810
1437,20,RL,0.0667136381510165,-0.148131705208405,Pave,NONE,Lvl,FR2,Gtl,NAmes,Norm,Norm,1Fam,1Story,4,6,1971,HdBoard,HdBoard,None,-0.567015949674981,PConc,616,0,248,864,GasA,0.268289832918241,SBrkr,-0.785025043886639,-1.25850732848722,0,0,-1.02736282330994,-0.756321032880405,0.169927088600022,-0.207698474525451,-0.925062116656053,-0.924311211315714,Detchd,0.230501987281791,0.256555658881811,-0.740760408320604,-0.702842766617084,-0.359600750132276,-0.103330530851366,-0.285935458023539,GdWo,-0.0895919598967582,Normal,0.44693779307133,1,2,2,2,2,3,0,3,3,7,5,1,2,3,3,1,0,1,-0.250997476711292,11.6994050319128,200708
1438,20,RL,1.14211415225769,0.288611247728118,Pave,NONE,Lvl,FR2,Gtl,NridgHt,Norm,Norm,1Fam,1Story,8,5,2008,VinylSd,VinylSd,Stone,1.81521542569504,PConc,1336,0,596,1932,GasA,0.268289832918241,SBrkr,-0.785025043886639,0.852313302523175,1,0,0.781365814350925,-0.756321032880405,-1.04580127322219,-0.207698474525451,0.349545539005509,0.623631660646747,Attchd,0.30612320101399,1.39809353249938,-0.740760408320604,0.274010006983329,-0.359600750132276,11.9678955282274,-0.285935458023539,NONE,-0.0895919598967582,Partial,0.44693779307133,1,2,4,4,4,3,4,3,3,7,6,1,2,3,3,3,0,3,1.66911912442754,12.8856709532443,200803
1439,20,RM,0.962880733239914,-0.350144342847163,Pave,NONE,Lvl,Inside,Gtl,OldTown,Artery,Norm,1Fam,1Story,6,7,1957,MetalSd,MetalSd,None,-0.567015949674981,CBlock,600,0,312,912,GasA,0.268289832918241,FuseA,-0.785025043886639,-0.523277670494837,1,0,-1.02736282330994,-0.756321032880405,-1.04580127322219,-0.207698474525451,-0.287758288825272,-0.924311211315714,Attchd,0.192691380415692,2.08951281367425,-0.740760408320604,1.63568357018391,2.10018486274305,-0.103330530851366,-0.285935458023539,MnPrv,-0.0895919598967582,Normal,0.44693779307133,1,2,2,2,2,3,0,3,3,7,6,1,2,3,3,1,0,1,-0.250997476711292,11.9163885704077,201007
1440,60,RL,0.664158368210282,0.179552322198092,Pave,NONE,Lvl,Inside,Gtl,NWAmes,Norm,Norm,1Fam,SLvl,7,6,1979,HdBoard,HdBoard,BrkFace,-0.0301750763521602,CBlock,315,110,114,539,GasA,0.268289832918241,SBrkr,0.813097276533107,0.443193573479025,0,0,0.781365814350925,1.23259887250509,0.169927088600022,-0.207698474525451,-0.287758288825272,0.623631660646747,Attchd,0.241622754007115,0.35864441180696,-0.740760408320604,0.599627598183467,3.00314413835551,-0.103330530851366,-0.285935458023539,NONE,-0.0895919598967582,Normal,0.44693779307133,1,2,2,2,2,3,3,3,3,7,6,3,2,3,3,1,0,2,-0.250997476711292,12.1909590077201,200703
1441,70,RL,0.634286131707318,0.17219718536002,Pave,NONE,Bnk,Inside,Mod,Crawfor,Norm,Norm,1Fam,2.5Fin,6,7,1922,MetalSd,MetalSd,None,-0.567015949674981,BrkTil,0,0,588,588,GasA,0.268289832918241,SBrkr,0.960077869506018,2.08362533727924,0,0,0.781365814350925,-0.756321032880405,0.169927088600022,-0.207698474525451,2.89876085032863,0.623631660646747,Detchd,0.27276090083802,0.924772950755511,2.6662218550629,-0.702842766617084,-0.359600750132276,-0.103330530851366,-0.285935458023539,NONE,-0.0895919598967582,Normal,0.44693779307133,1,2,2,1,2,3,4,3,3,6,1,1,2,3,2,1,0,3,1.66911912442754,12.1600287070288,200812
1442,120,RM,-1.72562055202678,-0.728173013783219,Pave,NONE,Lvl,Inside,Gtl,CollgCr,Norm,Norm,TwnhsE,1Story,6,5,2004,VinylSd,VinylSd,BrkFace,0.255021637600588,PConc,697,0,151,848,GasA,0.268289832918241,SBrkr,-0.785025043886639,-1.29013010947614,1,0,-1.02736282330994,-0.756321032880405,-2.26152963504441,-0.207698474525451,-2.19966977231761,0.623631660646747,Attchd,0.297226587633731,-0.244607310023463,0.437059446074157,-0.702842766617084,-0.359600750132276,-0.103330530851366,-0.285935458023539,NONE,-0.0895919598967582,Normal,-2.23744784062252,1,2,3,4,3,3,3,3,3,7,6,1,2,3,3,3,0,2,0.297607266471232,11.9137129835273,200808
1443,60,FV,0.813519550725098,0.105874141113272,Pave,NONE,Lvl,Inside,Gtl,Somerst,Norm,Norm,1Fam,2Story,10,5,2008,VinylSd,VinylSd,Stone,0.327718839196387,PConc,765,0,252,1017,GasA,0.268289832918241,SBrkr,1.50367276097726,1.00054508840874,1,0,0.781365814350925,1.23259887250509,0.169927088600022,-0.207698474525451,2.26145702249785,0.623631660646747,Attchd,0.30612320101399,1.57442865118827,0.587251239587583,0.0667988125832417,-0.359600750132276,-0.103330530851366,-0.285935458023539,NONE,-0.0895919598967582,Normal,0.44693779307133,1,2,4,4,4,3,5,3,3,7,6,1,2,3,3,3,0,3,1.66911912442754,12.6443275764613,200907
1444,30,RL,-1.72562055202678,-0.166646360007689,Pave,NONE,Lvl,Inside,Gtl,BrkSide,Norm,Norm,1Fam,1.5Unf,6,6,1916,Wd Sdng,Wd Sdng,None,-0.567015949674981,BrkTil,0,0,952,952,Grav,-3.72731232161413,FuseF,-0.785025043886639,-1.08458203304816,0,0,-1.02736282330994,-0.756321032880405,-1.04580127322219,-0.207698474525451,-1.56236594448683,0.623631660646747,Detchd,0.10150109326804,-1.30261802215682,-0.740760408320604,0.74763559418353,-0.359600750132276,-0.103330530851366,0.426128358015969,NONE,-0.0895919598967582,Normal,-2.23744784062252,1,2,2,1,1,3,4,2,1,7,1,1,1,3,3,1,0,1,-0.250997476711292,11.7035458245789,200908
1445,20,RL,0.156330347659906,-0.211538057260746,Pave,NONE,Lvl,FR2,Gtl,CollgCr,Norm,Norm,1Fam,1Story,7,5,2004,VinylSd,VinylSd,BrkFace,0.0257458479523003,PConc,0,0,1422,1422,GasA,0.268289832918241,SBrkr,-0.785025043886639,-0.155662841498644,0,0,0.781365814350925,-0.756321032880405,0.169927088600022,-0.207698474525451,0.349545539005509,-0.924311211315714,Attchd,0.297226587633731,0.711314649184746,0.776967189288753,0.185205209383292,-0.359600750132276,-0.103330530851366,-0.285935458023539,NONE,-0.0895919598967582,Normal,0.44693779307133,1,2,3,4,3,3,0,3,3,7,1,1,2,3,3,3,0,2,0.297607266471232,12.0984874348502,200703
1446,85,RL,0.365436003180649,-0.224219327671214,Pave,NONE,Lvl,Inside,Gtl,Sawyer,Norm,Norm,1Fam,SFoyer,6,5,1966,VinylSd,VinylSd,None,-0.567015949674981,CBlock,187,627,0,814,GasA,0.268289832918241,SBrkr,-0.785025043886639,-1.16166256170866,1,0,-1.02736282330994,-0.756321032880405,0.169927088600022,-0.207698474525451,-0.287758288825272,-0.924311211315714,Detchd,0.266088440802826,-1.07987892486559,-0.740760408320604,-0.702842766617084,3.56360161977014,-0.103330530851366,-0.285935458023539,NONE,-0.0895919598967582,Normal,0.44693779307133,1,2,2,3,2,3,0,3,3,7,2,3,2,3,3,4,0,1,-0.250997476711292,11.7675676833438,200708
1447,20,RL,-1.72562055202678,2.02569166855405,Pave,NONE,Lvl,CulDSac,Gtl,Mitchel,Norm,Norm,1Fam,1Story,5,7,1962,HdBoard,HdBoard,BrkFace,0.489889519679322,CBlock,593,0,595,1188,GasA,0.268289832918241,SBrkr,-0.785025043886639,-0.618146013461596,0,0,-1.02736282330994,-0.756321032880405,0.169927088600022,-0.207698474525451,-0.287758288825272,-0.924311211315714,Attchd,0.203812147141015,-0.745770278928738,1.32240054467962,-0.12561158221684,-0.359600750132276,-0.103330530851366,-0.285935458023539,NONE,-0.0895919598967582,Normal,-2.23744784062252,1,2,2,2,2,3,0,3,3,7,3,1,1,3,2,1,0,1,-0.250997476711292,11.9697172002437,201007
1448,60,RL,0.664158368210282,-0.0213190011037238,Pave,NONE,Lvl,Inside,Gtl,CollgCr,Norm,Norm,1Fam,2Story,8,5,1995,VinylSd,VinylSd,BrkFace,1.88232053486039,PConc,1079,0,141,1220,GasA,0.268289832918241,SBrkr,1.2447069543107,1.16458826478876,1,0,0.781365814350925,1.23259887250509,0.169927088600022,-0.207698474525451,0.98684936683629,0.623631660646747,Attchd,0.277209207528149,0.386486798968364,-0.740760408320604,0.259209207383323,-0.359600750132276,-0.103330530851366,-0.285935458023539,NONE,-0.0895919598967582,Normal,0.44693779307133,1,2,3,4,3,3,3,3,3,7,6,1,2,3,3,1,0,2,0.297607266471232,12.3883942023241,200704
1449,50,RL,0.365436003180649,0.202759047049248,Pave,NONE,Lvl,Inside,Gtl,Edwards,Norm,Norm,1Fam,2Story,4,7,1910,MetalSd,HdBoard,None,-0.567015949674981,CBlock,0,0,560,560,GasA,-3.72731232161413,SBrkr,0.498138863019727,-0.305871051196013,0,0,-1.02736282330994,1.23259887250509,-1.04580127322219,-0.207698474525451,-0.287758288825272,-0.924311211315714,Detchd,0.177122307000239,-0.411661632991888,0.587251239587583,-0.347623576216934,-0.359600750132276,-0.103330530851366,-0.285935458023539,GdWo,-0.0895919598967582,Normal,0.44693779307133,1,2,2,3,2,3,0,2,3,5,1,1,2,3,3,1,0,1,-0.799602219893816,11.6262541502772,200708
1450,180,RM,-1.09830358546455,-1.09504216675806,Pave,NONE,Lvl,Inside,Gtl,MeadowV,Norm,Norm,Twnhs,SFoyer,5,7,1970,CemntBd,CmentBd,None,-0.567015949674981,CBlock,553,0,77,630,GasA,0.268289832918241,SBrkr,-0.785025043886639,-1.72099050045017,1,0,-1.02736282330994,-0.756321032880405,-2.26152963504441,-0.207698474525451,-2.19966977231761,-0.924311211315714,NONE,-4.15997671587587,-2.19357441132175,-0.740760408320604,-0.702842766617084,-0.359600750132276,-0.103330530851366,-0.285935458023539,NONE,-0.0895919598967582,Abnorml,0.44693779307133,1,2,2,4,4,3,0,0,0,7,6,1,2,3,3,3,0,0,0.297607266471232,11.4295438560312,200611
1451,90,RL,0.0667136381510165,-0.148131705208405,Pave,NONE,Lvl,FR2,Gtl,NAmes,Norm,Norm,Duplex,2Story,5,5,1974,VinylSd,VinylSd,None,-0.567015949674981,CBlock,0,0,896,896,GasA,0.268289832918241,SBrkr,1.30536561172809,0.575613968870127,0,0,0.781365814350925,3.22151877789059,1.38565545042224,4.45593111885755,0.98684936683629,-0.924311211315714,NONE,-4.15997671587587,-2.19357441132175,-0.487805808719045,-0.0368067846168022,-0.359600750132276,-0.103330530851366,-0.285935458023539,NONE,-0.0895919598967582,Normal,0.44693779307133,1,2,2,2,2,3,0,0,0,7,1,1,2,3,3,1,0,0,0.297607266471232,11.8204101647182,200912
1452,20,RL,0.604413895204355,-0.114906776732979,Pave,NONE,Lvl,Inside,Gtl,Somerst,Norm,Norm,1Fam,1Story,8,5,2008,CemntBd,CmentBd,Stone,0.517849981831552,PConc,0,0,1573,1573,GasA,0.268289832918241,SBrkr,-0.785025043886639,0.152659273143324,0,0,0.781365814350925,-0.756321032880405,0.169927088600022,-0.207698474525451,0.349545539005509,0.623631660646747,Attchd,0.30612320101399,1.70435979127483,-0.740760408320604,-0.170013981016859,-0.359600750132276,-0.103330530851366,-0.285935458023539,NONE,-0.0895919598967582,Partial,0.44693779307133,1,2,3,4,4,3,4,3,3,7,1,1,2,3,3,1,0,3,0.297607266471232,12.5675510344332,200908
1453,180,RM,-0.680092274423065,-0.823409354565835,Pave,NONE,Lvl,Inside,Gtl,Edwards,Norm,Norm,TwnhsE,SLvl,5,5,2005,VinylSd,VinylSd,BrkFace,-0.119648555239297,PConc,547,0,0,547,GasA,0.268289832918241,SBrkr,-0.785025043886639,-0.847411175631265,1,0,-1.02736282330994,-0.756321032880405,-1.04580127322219,-0.207698474525451,-0.925062116656053,-0.924311211315714,Basment,0.299450740978796,0.242634465301109,-0.740760408320604,-0.288420377816909,-0.359600750132276,-0.103330530851366,-0.285935458023539,NONE,-0.0895919598967582,Normal,0.44693779307133,1,2,2,3,2,3,0,3,3,7,6,1,2,3,3,4,0,3,0.297607266471232,11.8844890214027,200608
1454,20,RL,0.962880733239914,0.893888284419763,Pave,NONE,Lvl,Inside,Gtl,Mitchel,Norm,Norm,1Fam,1Story,5,5,2006,VinylSd,VinylSd,None,-0.567015949674981,PConc,0,0,1140,1140,GasA,0.268289832918241,SBrkr,-0.785025043886639,-0.713014356428355,0,0,-1.02736282330994,-0.756321032880405,0.169927088600022,-0.207698474525451,-0.287758288825272,-0.924311211315714,NONE,-4.15997671587587,-2.19357441132175,-0.45618648376885,0.126002010983267,-0.359600750132276,-0.103330530851366,-0.285935458023539,NONE,-0.0895919598967582,Abnorml,0.44693779307133,1,2,2,4,2,3,0,0,0,7,1,1,2,3,3,1,0,0,0.297607266471232,11.3445068133453,200610
1455,20,FV,0.126458111156943,-0.338350761365428,Pave,Pave,Lvl,Inside,Gtl,Somerst,Norm,Norm,1Fam,1Story,7,5,2004,VinylSd,VinylSd,None,-0.567015949674981,PConc,410,0,811,1221,GasA,0.268289832918241,SBrkr,-0.785025043886639,-0.552924027671949,1,0,0.781365814350925,-0.756321032880405,-1.04580127322219,-0.207698474525451,-0.287758288825272,-0.924311211315714,Attchd,0.297226587633731,-0.337415267228144,-0.740760408320604,0.969647588183624,-0.359600750132276,-0.103330530851366,-0.285935458023539,NONE,-0.0895919598967582,Normal,0.44693779307133,1,2,3,4,3,3,0,3,3,7,6,1,2,3,3,1,0,2,0.297607266471232,12.1281111040605,200902
1456,60,RL,0.126458111156943,-0.285469863753775,Pave,NONE,Lvl,Inside,Gtl,Gilbert,Norm,Norm,1Fam,2Story,6,5,1999,VinylSd,VinylSd,None,-0.567015949674981,PConc,0,0,953,953,GasA,0.268289832918241,SBrkr,0.834094504100666,0.289032516158041,0,0,0.781365814350925,1.23259887250509,0.169927088600022,-0.207698474525451,0.349545539005509,0.623631660646747,Attchd,0.286105820908408,-0.0589913956141022,-0.740760408320604,-0.110810782616833,-0.359600750132276,-0.103330530851366,-0.285935458023539,NONE,-0.0895919598967582,Normal,0.44693779307133,1,2,2,4,2,3,3,3,3,7,1,1,2,3,3,1,0,2,0.297607266471232,12.0725412529057,200711
1457,20,RL,0.813519550725098,0.38131133442864,Pave,NONE,Lvl,Inside,Gtl,NWAmes,Norm,Norm,1Fam,1Story,6,6,1978,Plywood,Plywood,Stone,0.0984430495480989,CBlock,790,163,589,1542,GasA,0.268289832918241,SBrkr,-0.785025043886639,1.13098905998803,1,0,0.781365814350925,-0.756321032880405,0.169927088600022,-0.207698474525451,0.349545539005509,2.17157453260921,Attchd,0.23939860066205,0.126624518795259,2.0180256935839,-0.702842766617084,-0.359600750132276,-0.103330530851366,-0.285935458023539,MnPrv,-0.0895919598967582,Normal,0.44693779307133,1,2,2,2,2,3,3,3,3,6,5,3,2,3,3,1,0,1,0.297607266471232,12.2548628096996,201005
1458,70,RL,0.245947057168796,-0.142805571636009,Pave,NONE,Lvl,Inside,Gtl,Crawfor,Norm,Norm,1Fam,2Story,7,9,1941,CemntBd,CmentBd,None,-0.567015949674981,Stone,275,0,877,1152,GasA,0.268289832918241,SBrkr,1.90262008476088,1.65869421774063,0,0,0.781365814350925,-0.756321032880405,1.38565545042224,-0.207698474525451,1.62415319466707,2.17157453260921,Attchd,0.157104926894657,-1.02419415054278,-0.740760408320604,0.185205209383292,-0.359600750132276,-0.103330530851366,-0.285935458023539,GdPrv,4.31720852909019,Normal,0.44693779307133,1,3,4,4,3,4,4,3,3,7,6,1,2,3,3,1,0,2,-0.250997476711292,12.493129522588,201008
1459,20,RL,0.305691530174723,-0.0572069963653487,Pave,NONE,Lvl,Inside,Gtl,NAmes,Norm,Norm,1Fam,1Story,5,6,1950,MetalSd,MetalSd,None,-0.567015949674981,CBlock,49,1029,0,1078,GasA,0.268289832918241,FuseA,-0.785025043886639,-0.83555263276042,1,0,-1.02736282330994,-0.756321032880405,-1.04580127322219,-0.207698474525451,-0.925062116656053,-0.924311211315714,Attchd,0.177122307000239,-1.07987892486559,2.15240782462223,-0.702842766617084,1.38404474760213,-0.103330530851366,-0.285935458023539,NONE,-0.0895919598967582,Normal,0.44693779307133,1,2,2,3,3,3,0,3,3,7,6,3,2,3,3,2,0,1,-0.250997476711292,11.8644622310528,201007
1460,20,RL,0.514797185695465,-0.0293082014623187,Pave,NONE,Lvl,Inside,Gtl,Edwards,Norm,Norm,1Fam,1Story,5,6,1965,HdBoard,HdBoard,None,-0.567015949674981,CBlock,830,290,136,1256,GasA,0.268289832918241,SBrkr,-0.785025043886639,-0.483749194258687,1,0,-1.02736282330994,1.23259887250509,0.169927088600022,-0.207698474525451,-0.287758288825272,-0.924311211315714,Attchd,0.210484607176209,-0.912824601897163,5.07719538251526,0.303611606183342,-0.359600750132276,-0.103330530851366,-0.285935458023539,NONE,-0.0895919598967582,Normal,0.44693779307133,1,2,3,3,2,3,0,3,3,7,4,2,2,3,3,1,0,3,-0.250997476711292,11.901583454762,200809
1461,20,RH,0.664158368210282,0.18437120495407,Pave,NONE,Lvl,Inside,Gtl,NAmes,Feedr,Norm,1Fam,1Story,5,6,1961,VinylSd,VinylSd,None,-0.567015949674981,CBlock,468,144,270,882,GasA,0.268289832918241,SBrkr,-0.785025043886639,-1.19526176650938,0,0,-1.02736282330994,-0.756321032880405,-1.04580127322219,-0.207698474525451,-0.925062116656053,-0.924311211315714,Attchd,0.20158799379595,1.19391602664908,0.365915964936219,-0.702842766617084,-0.359600750132276,-0.103330530851366,1.85025599009499,MnPrv,-0.0895919598967582,Normal,0.44693779307133,1,2,2,2,2,3,0,3,3,7,3,2,2,3,3,1,0,1,-0.250997476711292,0,201009
1462,20,RL,0.694030604713245,0.519790807310952,Pave,NONE,Lvl,Corner,Gtl,NAmes,Norm,Norm,1Fam,1Story,6,6,1958,Wd Sdng,Wd Sdng,BrkFace,0.0369300328131924,CBlock,923,0,406,1329,GasA,0.268289832918241,SBrkr,-0.785025043886639,-0.33947025599674,0,0,-1.02736282330994,1.23259887250509,0.169927088600022,-0.207698474525451,-0.287758288825272,-0.924311211315714,Attchd,0.194915533760756,-0.745770278928738,2.36583826803605,-0.170013981016859,-0.359600750132276,-0.103330530851366,-0.285935458023539,NONE,21.944410485038,Normal,0.44693779307133,1,2,2,2,3,3,0,3,3,7,5,1,2,3,2,1,0,1,-0.250997476711292,0,201009
1463,60,RL,0.484924949192502,0.464373655617207,Pave,NONE,Lvl,Inside,Gtl,Gilbert,Norm,Norm,1Fam,2Story,5,5,1997,VinylSd,VinylSd,None,-0.567015949674981,PConc,791,0,137,928,GasA,0.268289832918241,SBrkr,0.850425681097656,0.253456887545506,0,0,0.781365814350925,1.23259887250509,0.169927088600022,-0.207698474525451,-0.287758288825272,0.623631660646747,Attchd,0.281657514218279,0.0430973573110463,0.935063814039727,-0.199615580216871,-0.359600750132276,-0.103330530851366,-0.285935458023539,MnPrv,-0.0895919598967582,Normal,0.44693779307133,1,2,2,3,2,3,3,3,3,7,6,1,2,3,2,1,0,3,0.297607266471232,0,201006
1464,60,RL,0.604413895204355,-0.0241088805940268,Pave,NONE,Lvl,Inside,Gtl,Gilbert,Norm,Norm,1Fam,2Story,6,6,1998,VinylSd,VinylSd,BrkFace,-0.45517410106606,PConc,602,0,324,926,GasA,0.268289832918241,SBrkr,0.796766099536117,0.204046292250319,0,0,0.781365814350925,1.23259887250509,0.169927088600022,-0.207698474525451,0.349545539005509,0.623631660646747,Attchd,0.283881667563343,-0.012587417011762,2.10497883719694,-0.170013981016859,-0.359600750132276,-0.103330530851366,-0.285935458023539,NONE,-0.0895919598967582,Normal,0.44693779307133,1,2,2,4,3,3,4,3,3,7,6,1,2,3,2,1,0,3,-0.250997476711292,0,201009
1465,120,RL,-0.441114382399359,-0.654748458106608,Pave,NONE,HLS,Inside,Gtl,StoneBr,Norm,Norm,TwnhsE,1Story,8,5,1992,HdBoard,HdBoard,None,-0.567015949674981,PConc,263,0,1017,1280,GasA,0.268289832918241,SBrkr,-0.785025043886639,-0.436315022775307,0,0,0.781365814350925,-0.756321032880405,-1.04580127322219,-0.207698474525451,-0.925062116656053,-0.924311211315714,Attchd,0.270536747492955,0.154466905956663,-0.740760408320604,0.51082280058343,-0.359600750132276,-0.103330530851366,2.27749427971869,NONE,-0.0895919598967582,Normal,0.44693779307133,1,2,3,4,3,3,0,3,3,7,5,1,2,3,2,1,0,2,0.297607266471232,0,201001
1466,60,RL,0.514797185695465,-0.0213190011037238,Pave,NONE,Lvl,Corner,Gtl,Gilbert,Norm,Norm,1Fam,2Story,6,5,1993,HdBoard,HdBoard,None,-0.567015949674981,PConc,0,0,763,763,GasA,0.268289832918241,SBrkr,1.29603351058696,0.304843906652501,0,0,0.781365814350925,1.23259887250509,0.169927088600022,-0.207698474525451,0.349545539005509,0.623631660646747,Attchd,0.27276090083802,-0.151799352818783,0.500298095974547,0.540424399783442,-0.359600750132276,-0.103330530851366,-0.285935458023539,NONE,-0.0895919598967582,Normal,0.44693779307133,1,2,2,3,2,3,3,3,3,7,1,1,2,3,2,1,0,3,0.297607266471232,0,201007
1467,20,RL,-1.72562055202678,-0.277480663395181,Pave,NONE,Lvl,Inside,Gtl,Gilbert,Norm,Norm,1Fam,1Story,6,7,1992,HdBoard,HdBoard,None,-0.567015949674981,PConc,935,0,233,1168,GasA,0.268289832918241,SBrkr,-0.785025043886639,-0.620122437273404,1,0,0.781365814350925,-0.756321032880405,0.169927088600022,-0.207698474525451,-0.287758288825272,-0.924311211315714,Attchd,0.270536747492955,-0.244607310023463,3.07727307941543,-0.392025975016952,-0.359600750132276,-0.103330530851366,-0.285935458023539,GdPrv,0.791768137900632,Normal,-2.23744784062252,1,3,2,4,2,3,0,3,3,7,5,1,2,3,2,1,0,3,0.297607266471232,0,201006
1468,60,RL,0.156330347659906,-0.223965702263005,Pave,NONE,Lvl,Inside,Gtl,Gilbert,Norm,Norm,1Fam,2Story,6,5,1998,VinylSd,VinylSd,None,-0.567015949674981,PConc,0,0,789,789,GasA,0.268289832918241,SBrkr,0.792100048965549,-0.0706766175909218,0,0,0.781365814350925,1.23259887250509,0.169927088600022,-0.207698474525451,0.349545539005509,0.623631660646747,Attchd,0.283881667563343,-0.369898052249782,-0.740760408320604,0.407217203383386,-0.359600750132276,-0.103330530851366,-0.285935458023539,NONE,-0.0895919598967582,Normal,0.44693779307133,1,2,2,3,2,3,4,3,3,7,1,1,2,3,2,1,0,3,0.297607266471232,0,201008
1469,20,RL,0.813519550725098,0.00100003481870015,Pave,NONE,Lvl,Inside,Gtl,Gilbert,Norm,Norm,1Fam,1Story,7,5,1990,HdBoard,HdBoard,None,-0.567015949674981,PConc,637,0,663,1300,GasA,0.268289832918241,SBrkr,-0.785025043886639,-0.31575317025505,1,0,-1.02736282330994,1.23259887250509,-1.04580127322219,-0.207698474525451,-0.925062116656053,0.623631660646747,Attchd,0.266088440802826,0.154466905956663,0.776967189288753,-0.702842766617084,-0.359600750132276,-0.103330530851366,-0.285935458023539,NONE,-0.0895919598967582,Normal,0.44693779307133,1,2,2,3,3,3,1,3,3,7,6,1,2,3,3,4,0,1,0.297607266471232,0,201005
1470,20,RL,0.365436003180649,-0.224219327671214,Pave,NONE,Lvl,Corner,Gtl,NAmes,Norm,Norm,1Fam,1Story,4,5,1970,Plywood,Plywood,None,-0.567015949674981,CBlock,804,78,0,882,GasA,0.268289832918241,SBrkr,-0.785025043886639,-1.22293169987469,1,0,-1.02736282330994,-0.756321032880405,-1.04580127322219,-0.207698474525451,-1.56236594448683,-0.924311211315714,Attchd,0.221605373901533,0.242634465301109,1.15639908869109,-0.702842766617084,-0.359600750132276,-0.103330530851366,-0.285935458023539,MnPrv,-0.0895919598967582,Normal,0.44693779307133,1,2,2,2,2,3,0,3,3,7,5,3,2,3,3,1,0,3,-0.250997476711292,0,201007
1471,120,RH,-0.948942402949734,-0.546577221505315,Pave,NONE,Lvl,FR2,Gtl,NAmes,Norm,Norm,TwnhsE,1Story,7,5,1999,MetalSd,MetalSd,None,-0.567015949674981,PConc,1051,0,354,1405,GasA,0.268289832918241,SBrkr,-0.785025043886639,-0.32365886550228,1,0,0.781365814350925,-0.756321032880405,-1.04580127322219,-0.207698474525451,-0.925062116656053,0.623631660646747,Attchd,0.286105820908408,0.177668895257833,0.863920332901789,0.303611606183342,-0.359600750132276,-0.103330530851366,-0.285935458023539,NONE,-0.0895919598967582,Normal,0.44693779307133,1,2,3,4,3,3,2,3,3,7,6,4,2,3,2,1,0,3,0.297607266471232,0,201009
1472,160,RM,-1.09830358546455,-1.07640069925467,Pave,NONE,Lvl,Inside,Gtl,BrDale,Norm,Norm,Twnhs,2Story,6,5,1971,HdBoard,HdBoard,BrkFace,2.25139863526983,CBlock,156,0,327,483,GasA,0.268289832918241,SBrkr,0.390819699896649,-1.0154071996349,0,0,-1.02736282330994,1.23259887250509,-1.04580127322219,-0.207698474525451,-0.925062116656053,-0.924311211315714,Detchd,0.223829527246597,-0.968509376219971,1.4330681820053,-0.702842766617084,-0.359600750132276,-0.103330530851366,-0.285935458023539,NONE,-0.0895919598967582,Normal,0.44693779307133,1,2,2,2,2,3,0,3,3,7,3,1,2,3,3,1,0,1,-0.250997476711292,0,201005
1473,160,RM,-1.09830358546455,-1.07640069925467,Pave,NONE,Lvl,Inside,Gtl,BrDale,Norm,Norm,Twnhs,2Story,5,5,1971,HdBoard,HdBoard,BrkFace,2.18429352610447,CBlock,300,0,225,525,GasA,0.268289832918241,SBrkr,0.53780029286956,-0.807882699395115,0,0,-1.02736282330994,1.23259887250509,0.169927088600022,-0.207698474525451,-0.287758288825272,-0.924311211315714,Detchd,0.281657514218279,-0.708647096046866,-0.740760408320604,-0.702842766617084,-0.359600750132276,-0.103330530851366,-0.285935458023539,NONE,-0.0895919598967582,Normal,0.44693779307133,1,2,2,2,2,3,0,3,3,7,3,1,2,3,3,1,0,1,-0.250997476711292,0,201006
1474,160,RL,-1.00868687595566,-1.00031307679187,Pave,NONE,Lvl,FR2,Gtl,NPkVill,Norm,Norm,Twnhs,2Story,6,6,1975,Plywood,Brk Cmn,None,-0.567015949674981,CBlock,514,0,341,855,GasA,0.268289832918241,SBrkr,0.617123152569226,-0.0884644318971892,0,0,0.781365814350925,1.23259887250509,0.169927088600022,-0.207698474525451,-0.287758288825272,0.623631660646747,Attchd,0.232726140626856,-0.151799352818783,0.626775395775327,-0.702842766617084,-0.359600750132276,-0.103330530851366,-0.285935458023539,NONE,-0.0895919598967582,Normal,0.44693779307133,1,2,2,2,3,3,3,3,3,7,5,1,2,3,3,1,0,1,-0.250997476711292,0,201009
1475,120,RL,-1.00868687595566,-1.00031307679187,Pave,NONE,Lvl,FR2,Gtl,NPkVill,Norm,Norm,Twnhs,1Story,7,6,1975,Plywood,Brk Cmn,None,-0.567015949674981,CBlock,0,0,836,836,GasA,0.268289832918241,SBrkr,-0.785025043886639,-1.31384719521783,0,0,-1.02736282330994,-0.756321032880405,-1.04580127322219,-0.207698474525451,-1.56236594448683,-0.924311211315714,Attchd,0.232726140626856,-0.764331870369674,-0.740760408320604,-0.258818778616896,-0.359600750132276,-0.103330530851366,-0.285935458023539,NONE,-0.0895919598967582,Normal,0.44693779307133,1,2,2,4,2,3,0,3,3,7,1,1,2,3,3,1,0,1,0.297607266471232,0,201009
1476,60,RL,1.32134757127547,0.341111707227456,Pave,NONE,Lvl,Inside,Gtl,NridgHt,Norm,Norm,1Fam,2Story,9,5,2009,VinylSd,VinylSd,Stone,0.338903024057279,PConc,0,0,1590,1590,GasA,0.268289832918241,SBrkr,0.864423832809362,1.64683567486979,0,0,0.781365814350925,1.23259887250509,0.169927088600022,-0.207698474525451,2.26145702249785,0.623631660646747,Attchd,0.308347354359055,1.291364381714,0.397535289886414,1.26566358018375,-0.359600750132276,-0.103330530851366,-0.285935458023539,NONE,-0.0895919598967582,Partial,0.44693779307133,1,2,4,4,4,3,4,3,3,7,1,1,2,3,2,1,0,3,1.66911912442754,0,201001
1477,20,RL,1.08236967925177,0.344282024830073,Pave,NONE,Lvl,Corner,Gtl,NridgHt,Norm,Norm,1Fam,1Story,8,5,2009,VinylSd,VinylSd,Stone,0.864559712519207,PConc,0,0,1544,1544,GasA,0.268289832918241,SBrkr,-0.785025043886639,0.0854608635418698,0,0,0.781365814350925,-0.756321032880405,0.169927088600022,-0.207698474525451,0.349545539005509,-0.924311211315714,Attchd,0.308347354359055,1.83429093136138,-0.740760408320604,-0.184814780616865,-0.359600750132276,-0.103330530851366,-0.285935458023539,NONE,-0.0895919598967582,Partial,0.44693779307133,1,2,3,4,3,3,0,3,3,7,1,1,2,3,2,1,0,2,0.297607266471232,0,201009
1478,20,RL,0.962880733239914,0.171436309135392,Pave,NONE,Lvl,Inside,Gtl,NridgHt,PosN,Norm,1Fam,1Story,9,5,2005,VinylSd,VinylSd,BrkFace,2.87212089504934,PConc,110,0,1588,1698,GasA,0.268289832918241,SBrkr,-0.785025043886639,0.389830130560223,0,0,0.781365814350925,-0.756321032880405,0.169927088600022,-0.207698474525451,0.349545539005509,0.623631660646747,Attchd,0.299450740978796,1.19391602664908,0.776967189288753,0.392416403783379,-0.359600750132276,-0.103330530851366,-0.285935458023539,NONE,-0.0895919598967582,Normal,0.44693779307133,1,2,3,4,4,3,4,3,3,7,6,1,2,3,3,1,0,3,1.66911912442754,0,201009
1479,20,RL,0.634286131707318,0.501402965215774,Pave,NONE,Lvl,Inside,Gtl,NridgHt,Norm,Norm,1Fam,1Story,8,5,2005,CemntBd,CmentBd,BrkFace,0.77508623363207,PConc,28,0,1794,1822,GasA,0.268289832918241,SBrkr,-0.785025043886639,0.634906683224352,0,0,0.781365814350925,-0.756321032880405,0.169927088600022,-0.207698474525451,0.98684936683629,0.623631660646747,Attchd,0.299450740978796,0.952615337916915,-0.740760408320604,1.05845238578366,-0.359600750132276,-0.103330530851366,-0.285935458023539,NONE,-0.0895919598967582,Normal,0.44693779307133,1,2,3,4,4,3,4,3,3,7,6,1,2,3,2,1,0,2,1.66911912442754,0,201005
1480,20,RL,1.56032546329918,0.523975626546407,Pave,NONE,HLS,Inside,Mod,NridgHt,Norm,Norm,1Fam,1Story,9,5,2003,VinylSd,VinylSd,BrkFace,5.55632526166344,PConc,1373,0,1473,2846,GasA,0.268289832918241,SBrkr,-0.785025043886639,2.3623010947441,1,0,0.781365814350925,1.23259887250509,0.169927088600022,-0.207698474525451,2.26145702249785,2.17157453260921,Attchd,0.295002434288667,2.25192673878244,0.998302463940117,1.51727717338386,-0.359600750132276,-0.103330530851366,-0.285935458023539,NONE,-0.0895919598967582,Normal,0.44693779307133,1,2,4,4,4,3,4,3,3,7,6,1,2,3,3,4,0,3,1.66911912442754,0,201009
1481,60,RL,1.41096428078436,0.441547368878364,Pave,NONE,Lvl,Corner,Gtl,NridgHt,Norm,Norm,1Fam,2Story,8,5,2002,VinylSd,VinylSd,BrkFace,0.730349494188502,PConc,578,0,1093,1671,GasA,0.268289832918241,SBrkr,0.528468191728422,1.48081607467796,1,0,0.781365814350925,1.23259887250509,0.169927088600022,-0.207698474525451,0.349545539005509,0.623631660646747,Attchd,0.292778280943602,1.31456637101517,1.14058942621599,1.22126118138373,-0.359600750132276,-0.103330530851366,-0.285935458023539,NONE,-0.0895919598967582,Normal,0.44693779307133,1,2,3,4,3,3,5,3,3,7,6,1,2,3,3,4,0,3,0.297607266471232,0,201009
1482,120,RL,-0.500858855405285,-0.38501783647595,Pave,NONE,Lvl,Inside,Gtl,NridgHt,Norm,Norm,TwnhsE,1Story,8,5,2006,VinylSd,VinylSd,Stone,0.428376502944416,PConc,24,0,1346,1370,GasA,0.268289832918241,SBrkr,-0.785025043886639,-0.258436879712633,0,0,0.781365814350925,-0.756321032880405,-1.04580127322219,-0.207698474525451,-0.287758288825272,0.623631660646747,Attchd,0.301674894323861,0.0523781530315144,0.207819340185244,0.0223964137832229,-0.359600750132276,-0.103330530851366,-0.285935458023539,NONE,-0.0895919598967582,Normal,0.44693779307133,1,2,3,4,3,3,4,3,3,7,6,1,2,3,2,2,0,2,0.297607266471232,0,201007
1483,20,RL,1.26160309826955,1.05582810756144,Pave,NONE,Lvl,Corner,Gtl,Gilbert,Norm,Norm,1Fam,1Story,6,5,2005,VinylSd,VinylSd,None,-0.567015949674981,PConc,0,0,1324,1324,GasA,0.268289832918241,SBrkr,-0.785025043886639,-0.349352375055778,0,0,0.781365814350925,-0.756321032880405,0.169927088600022,-0.207698474525451,-0.287758288825272,-0.924311211315714,Attchd,0.299450740978796,-0.198203331421123,-0.45618648376885,-0.36242437581694,-0.359600750132276,-0.103330530851366,-0.285935458023539,NONE,-0.0895919598967582,Normal,0.44693779307133,1,2,3,4,3,3,0,3,3,7,1,1,2,3,2,1,0,3,0.297607266471232,0,201001
1484,120,RL,-0.441114382399359,-0.883264950903244,Pave,NONE,Lvl,Inside,Gtl,Blmngtn,Norm,Norm,TwnhsE,1Story,7,5,2006,VinylSd,VinylSd,BrkFace,-0.488726655648736,PConc,16,0,1129,1145,GasA,0.268289832918241,SBrkr,-0.785025043886639,-0.703132237369318,0,0,0.781365814350925,-0.756321032880405,-1.04580127322219,-0.207698474525451,-0.287758288825272,-0.924311211315714,Attchd,0.301674894323861,-0.165720546399485,0.0497227154342694,1.01404998698364,-0.359600750132276,-0.103330530851366,-0.285935458023539,NONE,-0.0895919598967582,Normal,0.44693779307133,1,2,3,4,3,3,0,3,3,7,6,1,2,3,3,3,0,3,0.297607266471232,0,201001
1485,80,RL,0.275819293671759,0.397162922441725,Pave,NONE,Lvl,Inside,Gtl,Gilbert,Norm,Norm,1Fam,SLvl,7,5,2004,VinylSd,VinylSd,None,-0.567015949674981,PConc,326,0,58,384,GasA,0.268289832918241,SBrkr,0.684780885842471,-0.250531184465403,1,0,0.781365814350925,1.23259887250509,0.169927088600022,-0.207698474525451,0.349545539005509,0.623631660646747,BuiltIn,0.297226587633731,-0.337415267228144,0.0497227154342694,-0.702842766617084,-0.359600750132276,-0.103330530851366,-0.285935458023539,NONE,-0.0895919598967582,Normal,0.44693779307133,1,2,3,4,3,3,4,3,3,7,6,1,2,3,2,1,0,3,0.297607266471232,0,201009
1486,60,RL,0.156330347659906,-0.201773479044686,Pave,NONE,Lvl,Inside,Gtl,Gilbert,Norm,Norm,1Fam,2Story,7,5,2004,VinylSd,VinylSd,None,-0.567015949674981,PConc,0,0,847,847,GasA,0.268289832918241,SBrkr,1.28203535887525,0.459004963973485,0,0,0.781365814350925,1.23259887250509,0.169927088600022,-0.207698474525451,0.349545539005509,0.623631660646747,BuiltIn,0.297226587633731,-0.184282137840421,0.397535289886414,0.00759561418321662,-0.359600750132276,-0.103330530851366,-0.285935458023539,NONE,-0.0895919598967582,Normal,0.44693779307133,1,2,3,4,3,3,4,3,3,7,1,1,2,3,2,1,0,3,0.297607266471232,0,201007
1487,60,RL,0.0667136381510165,0.921279828506374,Pave,NONE,Lvl,CulDSac,Gtl,NoRidge,Norm,Norm,1Fam,2Story,8,5,1998,VinylSd,VinylSd,BrkFace,0.0704825873958687,PConc,0,0,1629,1629,GasA,0.268289832918241,SBrkr,1.15138594289933,1.92551143233464,0,0,0.781365814350925,1.23259887250509,1.38565545042224,-0.207698474525451,0.349545539005509,0.623631660646747,Attchd,0.283881667563343,2.27048833022338,-0.558949289856983,1.84289476458399,-0.359600750132276,-0.103330530851366,4.27127296462931,NONE,-0.0895919598967582,Normal,0.44693779307133,1,2,3,4,3,3,3,3,3,7,1,1,2,3,1,1,0,3,1.66911912442754,0,201001
1488,20,RL,0.455052712689539,-0.149780270361766,Pave,NONE,Lvl,Inside,Gtl,Somerst,Norm,Norm,1Fam,1Story,8,5,2005,VinylSd,VinylSd,BrkFace,0.696796939605826,PConc,0,0,1595,1595,GasA,0.268289832918241,SBrkr,-0.785025043886639,0.186258477944052,0,0,0.781365814350925,-0.756321032880405,-1.04580127322219,-0.207698474525451,-0.287758288825272,0.623631660646747,Attchd,0.299450740978796,1.88997570568419,0.397535289886414,-0.702842766617084,-0.359600750132276,-0.103330530851366,-0.285935458023539,NONE,-0.0895919598967582,Normal,0.44693779307133,1,2,3,4,3,3,4,3,3,7,1,1,2,3,3,0,0,2,0.297607266471232,0,201008
1489,20,FV,1.02262520624584,-0.120866973825899,Pave,NONE,Lvl,Inside,Gtl,Somerst,Norm,Norm,1Fam,1Story,7,5,2009,VinylSd,VinylSd,None,-0.567015949674981,PConc,0,0,1218,1218,GasA,0.268289832918241,SBrkr,-0.785025043886639,-0.558853299107371,0,0,0.781365814350925,-0.756321032880405,-1.04580127322219,-0.207698474525451,-1.56236594448683,-0.924311211315714,Attchd,0.308347354359055,0.943334542196447,-0.740760408320604,1.31006597898377,-0.359600750132276,-0.103330530851366,-0.285935458023539,NONE,-0.0895919598967582,Partial,0.44693779307133,1,2,3,4,3,3,0,3,3,7,1,1,2,3,3,1,0,2,0.297607266471232,0,201007
1490,20,FV,0.783647314222135,0.0344785887023361,Pave,NONE,Lvl,Corner,Gtl,Somerst,Norm,Norm,1Fam,1Story,6,5,2005,VinylSd,VinylSd,None,-0.567015949674981,PConc,1414,0,54,1468,GasA,0.268289832918241,SBrkr,-0.785025043886639,-0.0647473461554993,1,0,0.781365814350925,-0.756321032880405,-1.04580127322219,-0.207698474525451,-0.287758288825272,0.623631660646747,Attchd,0.299450740978796,0.256555658881811,-0.740760408320604,0.806838792583555,-0.359600750132276,-0.103330530851366,3.55920914858981,NONE,-0.0895919598967582,Normal,0.44693779307133,1,2,3,4,3,3,4,3,3,7,6,1,2,3,3,1,0,3,1.66911912442754,0,201008
1491,60,RL,0.365436003180649,0.222161390777265,Pave,NONE,Lvl,Inside,Gtl,SawyerW,Norm,Norm,1Fam,2Story,7,5,2004,VinylSd,VinylSd,BrkFace,0.115219326839437,PConc,0,0,831,831,GasA,0.268289832918241,SBrkr,1.14671989232876,0.312749601899731,0,0,0.781365814350925,1.23259887250509,0.169927088600022,-0.207698474525451,0.98684936683629,-0.924311211315714,Attchd,0.297226587633731,0.0523781530315144,0.397535289886414,0.303611606183342,-0.359600750132276,-0.103330530851366,-0.285935458023539,NONE,-0.0895919598967582,Normal,0.44693779307133,1,2,3,4,3,3,0,3,3,7,1,1,2,3,3,3,0,2,0.297607266471232,0,201007
1492,30,RH,0.365436003180649,-0.0466815419246601,Pave,NONE,Lvl,Corner,Gtl,SawyerW,Feedr,Norm,1Fam,1Story,5,5,1920,Wd Sdng,Wd Sdng,None,-0.567015949674981,BrkTil,0,0,816,816,GasA,-3.72731232161413,FuseA,-0.785025043886639,-0.965996604339714,0,0,-1.02736282330994,-0.756321032880405,-1.04580127322219,-0.207698474525451,-0.925062116656053,-0.924311211315714,Detchd,0.110397706648299,-0.202843729281357,0.215724171422793,-0.702842766617084,0.885860319678016,-0.103330530851366,-0.285935458023539,NONE,-0.0895919598967582,Normal,0.44693779307133,1,1,2,2,2,3,0,3,3,7,1,1,2,3,3,1,0,1,-0.250997476711292,0,201007
1493,20,RL,-0.560603328411212,0.664737728102603,Pave,NONE,Lvl,CulDSac,Gtl,Sawyer,RRNe,Norm,1Fam,1Story,6,6,1974,Plywood,Plywood,BrkCmn,0.831007157936531,CBlock,126,859,223,1208,GasA,0.268289832918241,SBrkr,-0.785025043886639,-0.0133603270485046,1,0,0.781365814350925,-0.756321032880405,0.169927088600022,-0.207698474525451,0.349545539005509,2.17157453260921,Attchd,0.230501987281791,-0.0543509977538682,1.59906963799382,-0.702842766617084,2.53609623717665,-0.103330530851366,-0.285935458023539,GdPrv,-0.0895919598967582,Abnorml,0.44693779307133,1,3,2,4,2,3,2,3,3,7,4,6,2,3,2,4,0,3,-0.250997476711292,0,201007
1494,60,RL,0.813519550725098,0.37725332789729,Pave,NONE,Lvl,Inside,Gtl,NoRidge,Norm,Norm,1Fam,2Story,8,5,1993,HdBoard,ImStucc,BrkFace,2.25139863526983,PConc,250,981,0,1231,GasA,0.268289832918241,SBrkr,1.77663671935552,1.6764820320469,1,0,0.781365814350925,1.23259887250509,1.38565545042224,-0.207698474525451,1.62415319466707,0.623631660646747,Attchd,0.27276090083802,1.34240875817657,-0.487805808719045,1.22126118138373,-0.359600750132276,-0.103330530851366,-0.285935458023539,NONE,-0.0895919598967582,Normal,0.44693779307133,1,2,3,4,3,3,3,3,3,7,2,6,2,3,2,1,0,2,0.297607266471232,0,201009
1495,60,RL,0.903136260233988,0.122486605350985,Pave,NONE,Lvl,Inside,Gtl,NoRidge,Norm,Norm,1Fam,2Story,8,5,1992,HdBoard,HdBoard,BrkFace,0.439560687805308,PConc,1129,0,261,1390,GasA,0.268289832918241,SBrkr,1.13505476590234,1.43140547938277,1,0,0.781365814350925,1.23259887250509,1.38565545042224,-0.207698474525451,0.349545539005509,0.623631660646747,Attchd,0.270536747492955,1.11502926302511,0.824396176714045,-0.258818778616896,-0.359600750132276,-0.103330530851366,-0.285935458023539,NONE,-0.0895919598967582,Normal,0.44693779307133,1,2,3,4,3,3,3,3,3,7,6,1,2,3,3,1,0,2,0.297607266471232,0,201009
1496,120,FV,-0.978814639452697,-0.676306617804404,Pave,NONE,Lvl,CulDSac,Gtl,Somerst,Norm,Norm,TwnhsE,1Story,7,5,2004,MetalSd,MetalSd,None,-0.567015949674981,PConc,1298,0,190,1488,GasA,0.268289832918241,SBrkr,-0.785025043886639,-0.0252188699193495,1,0,0.781365814350925,-0.756321032880405,-1.04580127322219,-0.207698474525451,-0.287758288825272,0.623631660646747,Attchd,0.297226587633731,0.154466905956663,0.587251239587583,0.0371972133832291,-0.359600750132276,-0.103330530851366,-0.285935458023539,NONE,-0.0895919598967582,Normal,0.44693779307133,1,2,3,4,3,3,4,3,3,7,6,1,2,3,2,3,0,3,1.66911912442754,0,201006
1497,160,FV,-0.560603328411212,-0.843699387222584,Pave,Pave,Lvl,Inside,Gtl,Somerst,Norm,Norm,TwnhsE,2Story,7,5,2004,VinylSd,VinylSd,None,-0.567015949674981,PConc,0,0,840,840,GasA,0.268289832918241,SBrkr,1.17471619575217,0.354254501947688,0,0,0.781365814350925,1.23259887250509,-1.04580127322219,-0.207698474525451,-2.19966977231761,-0.924311211315714,Attchd,0.297226587633731,0.534979530495853,-0.740760408320604,0.940045988983611,-0.359600750132276,-0.103330530851366,-0.285935458023539,NONE,-0.0895919598967582,Normal,0.44693779307133,1,2,3,4,3,3,0,3,3,7,1,1,2,3,3,1,0,2,0.297607266471232,0,201001
1498,160,FV,-0.829453456937881,-0.881743198453988,Pave,Pave,Lvl,Inside,Gtl,Somerst,Norm,Norm,TwnhsE,2Story,7,5,2004,MetalSd,MetalSd,BrkFace,0.104035141978545,PConc,280,0,320,600,GasA,0.268289832918241,SBrkr,0.614790127283942,-0.594428927719906,0,0,0.781365814350925,1.23259887250509,-1.04580127322219,-0.207698474525451,-1.56236594448683,-0.924311211315714,Detchd,0.297226587633731,0.0338165615905783,-0.740760408320604,1.84289476458399,-0.359600750132276,-0.103330530851366,-0.285935458023539,NONE,-0.0895919598967582,Normal,0.44693779307133,1,2,3,4,3,3,0,3,3,7,6,1,2,3,3,3,0,2,0.297607266471232,0,201007
1499,160,FV,-1.00868687595566,-0.966834522908229,Pave,Pave,Lvl,Inside,Gtl,Somerst,Norm,Norm,Twnhs,2Story,7,5,2004,MetalSd,MetalSd,None,-0.567015949674981,PConc,368,42,190,600,GasA,0.268289832918241,SBrkr,0.614790127283942,-0.594428927719906,1,0,0.781365814350925,1.23259887250509,-1.04580127322219,-0.207698474525451,-1.56236594448683,-0.924311211315714,Detchd,0.297226587633731,0.0338165615905783,-0.740760408320604,1.84289476458399,-0.359600750132276,-0.103330530851366,-0.285935458023539,NONE,-0.0895919598967582,Normal,0.44693779307133,1,2,3,4,3,3,0,3,3,7,6,5,2,3,3,1,0,2,0.297607266471232,0,201005
1500,160,FV,-1.00868687595566,-0.966834522908229,Pave,Pave,Lvl,Inside,Gtl,Somerst,Norm,Norm,Twnhs,2Story,6,5,2005,VinylSd,VinylSd,BrkFace,0.640876015301365,PConc,376,0,224,600,GasA,0.268289832918241,SBrkr,0.698779037554176,-0.523277670494837,1,0,0.781365814350925,1.23259887250509,-1.04580127322219,-0.207698474525451,-1.56236594448683,-0.924311211315714,Detchd,0.299450740978796,0.0338165615905783,-0.740760408320604,1.75408996698396,-0.359600750132276,-0.103330530851366,-0.285935458023539,NONE,-0.0895919598967582,Normal,0.44693779307133,1,2,3,4,3,3,0,3,3,7,6,1,2,3,3,1,0,2,0.297607266471232,0,201008
1501,160,FV,-1.72562055202678,-0.911544183918588,Pave,NONE,Lvl,Corner,Gtl,Somerst,Norm,Norm,TwnhsE,2Story,6,5,2000,MetalSd,MetalSd,BrkFace,5.91421917721199,PConc,466,0,290,756,GasA,0.268289832918241,SBrkr,0.978742071788293,0.0222153015640302,1,0,0.781365814350925,1.23259887250509,-1.04580127322219,-0.207698474525451,-0.925062116656053,-0.924311211315714,Detchd,0.288329974253473,-0.151799352818783,-0.740760408320604,-0.229217179416884,-0.359600750132276,-0.103330530851366,-0.285935458023539,NONE,-0.0895919598967582,Normal,-2.23744784062252,1,2,3,4,3,3,0,3,3,7,6,1,2,3,3,1,0,1,0.297607266471232,0,201008
1502,160,FV,-1.72562055202678,-0.984715114186989,Pave,NONE,Lvl,FR2,Gtl,Somerst,Norm,Norm,TwnhsE,2Story,7,5,2003,VinylSd,VinylSd,None,-0.567015949674981,PConc,244,0,286,530,GasA,0.268289832918241,SBrkr,0.498138863019727,-0.831599785136805,0,0,0.781365814350925,1.23259887250509,-1.04580127322219,-0.207698474525451,-1.56236594448683,-0.924311211315714,Attchd,0.295002434288667,0.108062927354323,-0.740760408320604,0.0371972133832291,-0.359600750132276,-0.103330530851366,-0.285935458023539,NONE,-0.0895919598967582,Normal,-2.23744784062252,1,2,3,4,3,3,0,3,3,7,6,1,2,3,2,1,0,2,0.297607266471232,0,201009
1503,20,FV,-0.0229030713578732,0.340477643706933,Pave,Pave,Lvl,Inside,Gtl,Somerst,Norm,Norm,1Fam,1Story,8,5,2010,CemntBd,CmentBd,None,-0.567015949674981,PConc,1032,0,610,1642,GasA,0.268289832918241,SBrkr,-0.785025043886639,-0.163568536745874,1,0,-1.02736282330994,1.23259887250509,-2.26152963504441,-0.207698474525451,-0.287758288825272,0.623631660646747,Attchd,0.310571507704119,1.76004456559764,0.524012589687193,2.13891075658412,-0.359600750132276,8.7912570916277,-0.285935458023539,NONE,-0.0895919598967582,Partial,0.44693779307133,1,2,3,4,3,1,4,3,3,7,6,1,2,3,2,1,0,2,1.66911912442754,0,201007
1504,60,FV,0.305691530174723,-0.353695098562094,Pave,NONE,Lvl,Inside,Gtl,Somerst,Norm,Norm,1Fam,2Story,8,5,2000,VinylSd,VinylSd,None,-0.567015949674981,PConc,484,0,491,975,GasA,0.268289832918241,SBrkr,1.25170603016656,0.686293702331346,1,0,0.781365814350925,1.23259887250509,0.169927088600022,-0.207698474525451,0.349545539005509,0.623631660646747,Attchd,0.288329974253473,0.553541121936789,1.47259233819304,2.02050435978407,-0.359600750132276,-0.103330530851366,-0.285935458023539,NONE,-0.0895919598967582,Normal,0.44693779307133,1,2,3,4,3,3,3,3,3,7,6,1,2,3,2,1,0,2,0.297607266471232,0,201007
1505,20,FV,0.664158368210282,-0.274944409313087,Pave,NONE,Lvl,Inside,Gtl,Somerst,Norm,Norm,1Fam,1Story,7,5,2002,VinylSd,VinylSd,None,-0.567015949674981,PConc,833,0,659,1492,GasA,0.268289832918241,SBrkr,-0.785025043886639,-0.0173131746721196,1,0,0.781365814350925,-0.756321032880405,0.169927088600022,-0.207698474525451,-0.287758288825272,0.623631660646747,Attchd,0.292778280943602,0.572102713377725,1.44887784448039,1.32486677858377,-0.359600750132276,-0.103330530851366,-0.285935458023539,NONE,-0.0895919598967582,Normal,0.44693779307133,1,2,3,4,3,3,4,3,3,7,6,1,2,3,3,1,0,2,0.297607266471232,0,201007
1506,20,RL,-1.72562055202678,0.036507591968011,Pave,NONE,Lvl,Inside,Gtl,NWAmes,Norm,Norm,1Fam,1Story,6,6,1967,HdBoard,HdBoard,BrkFace,0.104035141978545,CBlock,506,0,1323,1829,GasA,0.268289832918241,SBrkr,-0.785025043886639,0.648741649907004,1,0,0.781365814350925,-0.756321032880405,1.38565545042224,-0.207698474525451,0.98684936683629,-0.924311211315714,Attchd,0.214932913866338,0.28903844390345,-0.740760408320604,0.422018002983392,-0.359600750132276,-0.103330530851366,-0.285935458023539,NONE,-0.0895919598967582,Normal,-2.23744784062252,1,2,2,3,2,3,0,3,3,7,6,1,2,3,2,1,0,2,-0.250997476711292,0,201008
1507,60,RL,0.664158368210282,0.0789898478430793,Pave,NONE,Lvl,Inside,Gtl,NWAmes,Norm,Norm,1Fam,2Story,6,5,1993,MetalSd,MetalSd,None,-0.567015949674981,PConc,1137,0,143,1280,GasA,0.268289832918241,SBrkr,2.04960067773379,1.96503990857079,1,0,0.781365814350925,1.23259887250509,1.38565545042224,-0.207698474525451,1.62415319466707,0.623631660646747,Attchd,0.27276090083802,0.869088176432703,1.02992178889031,-0.229217179416884,-0.359600750132276,-0.103330530851366,-0.285935458023539,NONE,-0.0895919598967582,Normal,0.44693779307133,1,2,2,4,3,3,3,3,3,7,6,1,2,3,3,2,0,1,0.297607266471232,0,201006
1508,50,RL,-1.72562055202678,1.09932486506935,Pave,NONE,Lvl,Inside,Gtl,NWAmes,Norm,Norm,1Fam,1.5Fin,6,5,1978,MetalSd,MetalSd,None,-0.567015949674981,PConc,687,46,491,1224,GasA,0.268289832918241,SBrkr,0.624122228425079,0.771279926239068,0,1,2.59009445201179,-0.756321032880405,0.169927088600022,-0.207698474525451,0.349545539005509,0.623631660646747,Attchd,0.23939860066205,0.952615337916915,-0.740760408320604,0.318412405783348,-0.359600750132276,-0.103330530851366,-0.285935458023539,NONE,-0.0895919598967582,Normal,-2.23744784062252,1,2,2,2,2,3,3,3,3,7,5,2,2,3,2,2,0,2,0.297607266471232,0,201007
1509,60,RL,0.664158368210282,-0.0720440827455964,Pave,NONE,Lvl,Inside,Gtl,NWAmes,Norm,Norm,1Fam,2Story,6,6,1971,MetalSd,MetalSd,None,-0.567015949674981,CBlock,329,0,386,715,GasA,0.268289832918241,SBrkr,0.883088035091636,0.285079668534426,0,0,-1.02736282330994,3.22151877789059,1.38565545042224,-0.207698474525451,0.349545539005509,-0.924311211315714,Attchd,0.223829527246597,-0.147158954958549,-0.740760408320604,0.451619602183404,-0.359600750132276,-0.103330530851366,-0.285935458023539,GdWo,-0.0895919598967582,Normal,0.44693779307133,1,2,2,2,2,3,0,3,3,7,5,1,2,3,3,1,0,2,-0.250997476711292,0,201009
1510,20,RL,0.664158368210282,-0.0720440827455964,Pave,NONE,Lvl,Inside,Gtl,NAmes,Norm,Norm,1Fam,1Story,5,5,1966,VinylSd,VinylSd,BrkFace,0.394823948361739,CBlock,698,0,534,1232,GasA,0.268289832918241,SBrkr,-0.785025043886639,-0.531183365742067,1,0,-1.02736282330994,1.23259887250509,0.169927088600022,-0.207698474525451,-0.287758288825272,-0.924311211315714,Attchd,0.212708760521274,0.0802205401929185,-0.740760408320604,2.61253634378432,-0.359600750132276,-0.103330530851366,-0.285935458023539,NONE,-0.0895919598967582,Normal,0.44693779307133,1,2,2,2,2,3,0,3,3,7,3,1,2,3,3,1,0,2,-0.250997476711292,0,201007
1511,20,RL,0.962880733239914,-0.034000271514192,Pave,NONE,Lvl,Corner,Gtl,NAmes,Norm,Norm,1Fam,1Story,5,5,1966,HdBoard,HdBoard,None,-0.567015949674981,PConc,1059,0,150,1209,GasA,0.268289832918241,SBrkr,-0.785025043886639,-0.576641113413639,1,0,-1.02736282330994,-0.756321032880405,0.169927088600022,-0.207698474525451,-0.287758288825272,-0.924311211315714,Attchd,0.212708760521274,0.145186110236195,-0.740760408320604,-0.702842766617084,1.50859085458316,-0.103330530851366,-0.285935458023539,NONE,-0.0895919598967582,Normal,0.44693779307133,1,2,2,3,2,3,0,3,3,7,4,1,2,3,3,1,0,2,0.297607266471232,0,201007
1512,20,RL,0.903136260233988,-0.0618990664172219,Pave,NONE,Lvl,Inside,Gtl,NAmes,Norm,Norm,1Fam,1Story,5,6,1967,Wd Sdng,Plywood,BrkFace,0.93166482168456,CBlock,1010,0,500,1510,GasA,0.268289832918241,SBrkr,-0.785025043886639,0.0182624539404152,1,0,0.781365814350925,-0.756321032880405,0.169927088600022,-0.207698474525451,-0.287758288825272,-0.924311211315714,Attchd,0.214932913866338,0.205511282419237,-0.740760408320604,-0.110810782616833,-0.359600750132276,-0.103330530851366,3.34559000377795,GdPrv,-0.0895919598967582,Normal,0.44693779307133,1,2,2,4,3,3,0,3,3,7,4,1,2,3,3,1,0,2,-0.250997476711292,0,201007
1513,80,RL,-1.72562055202678,0.0547686213590851,Pave,Pave,Lvl,Inside,Gtl,NAmes,Norm,Norm,1Fam,SLvl,6,5,1964,HdBoard,HdBoard,None,-0.567015949674981,CBlock,0,0,533,533,GasA,0.268289832918241,SBrkr,0.717443239836451,0.5420147640694,0,0,0.781365814350925,-0.756321032880405,0.169927088600022,-0.207698474525451,0.98684936683629,-0.924311211315714,Attchd,0.208260453831144,0.0338165615905783,-0.740760408320604,1.84289476458399,-0.359600750132276,-0.103330530851366,-0.285935458023539,NONE,-0.0895919598967582,Family,-2.23744784062252,1,2,2,2,2,3,0,3,3,7,1,1,2,3,2,1,0,1,-0.250997476711292,0,201008
1514,90,RL,1.20185862526362,0.392090414277538,Pave,NONE,Lvl,Inside,Gtl,NAmes,Norm,Norm,Duplex,1Story,5,6,1962,HdBoard,HdBoard,BrkFace,0.23824536030925,CBlock,1500,0,228,1728,GasA,0.268289832918241,SBrkr,-0.785025043886639,0.449122844914448,2,0,0.781365814350925,-0.756321032880405,3.81711217406667,4.45593111885755,2.26145702249785,-0.924311211315714,NONE,-4.15997671587587,-2.19357441132175,-0.740760408320604,-0.702842766617084,-0.359600750132276,-0.103330530851366,-0.285935458023539,NONE,-0.0895919598967582,Abnorml,0.44693779307133,1,2,2,2,2,3,0,0,0,7,4,1,2,3,2,1,0,0,-0.250997476711292,0,201001
1515,50,RL,0.305691530174723,-0.0563193074366159,Pave,NONE,Lvl,Inside,Gtl,NAmes,Norm,Norm,1Fam,1.5Fin,5,7,1952,MetalSd,MetalSd,BrkFace,0.914888544393222,CBlock,670,0,470,1140,GasA,0.268289832918241,SBrkr,0.456144407884609,1.89784149896934,0,0,0.781365814350925,-0.756321032880405,0.169927088600022,-0.207698474525451,0.349545539005509,2.17157453260921,Detchd,0.274985054183085,-0.337415267228144,-0.740760408320604,-0.702842766617084,-0.359600750132276,-0.103330530851366,-0.285935458023539,GdWo,-0.0895919598967582,Normal,0.44693779307133,1,2,3,3,2,3,4,3,3,5,2,1,2,3,3,1,0,1,-0.250997476711292,0,201006
1516,50,RL,1.85904782832881,0.912022501106732,Pave,NONE,Lvl,Corner,Gtl,NAmes,Artery,Norm,1Fam,1.5Fin,6,6,1949,MetalSd,MetalSd,Stone,1.33429547667668,CBlock,300,0,482,782,GasA,0.268289832918241,SBrkr,0.467809534311031,0.10917794928356,0,0,0.781365814350925,-0.756321032880405,0.169927088600022,-0.207698474525451,-0.287758288825272,0.623631660646747,Attchd,0.174898153655174,-0.012587417011762,-0.740760408320604,-0.702842766617084,1.97563875576202,-0.103330530851366,-0.285935458023539,NONE,-0.0895919598967582,Normal,0.44693779307133,1,3,2,2,2,3,4,3,3,7,3,1,2,3,3,1,0,1,-0.250997476711292,0,201001
1517,85,RL,0.514797185695465,0.153682530560737,Pave,NONE,Lvl,Inside,Gtl,NAmes,Norm,Norm,1Fam,SFoyer,6,8,1966,HdBoard,HdBoard,BrkFace,0.640876015301365,CBlock,944,0,136,1080,GasA,0.268289832918241,SBrkr,-0.785025043886639,-0.736731442170045,1,0,-1.02736282330994,-0.756321032880405,-1.04580127322219,-0.207698474525451,-0.925062116656053,0.623631660646747,Attchd,0.212708760521274,-0.731849085348036,1.14058942621599,-0.702842766617084,-0.359600750132276,-0.103330530851366,-0.285935458023539,NONE,2.55448833349541,Normal,0.44693779307133,1,2,2,3,3,3,4,3,3,7,6,1,2,3,2,4,0,1,-0.250997476711292,0,201001
1518,90,RL,0.365436003180649,-0.241085417317137,Pave,NONE,Lvl,Corner,Gtl,NAmes,Feedr,Norm,Duplex,1Story,5,5,1958,HdBoard,HdBoard,None,-0.567015949674981,CBlock,0,0,1604,1604,GasA,0.268289832918241,SBrkr,-0.785025043886639,0.204046292250319,0,0,0.781365814350925,-0.756321032880405,1.38565545042224,4.45593111885755,0.98684936683629,-0.924311211315714,Attchd,0.194915533760756,0.479294756173045,-0.408757496343557,-0.702842766617084,-0.359600750132276,-0.103330530851366,-0.285935458023539,NONE,-0.0895919598967582,Normal,0.44693779307133,1,2,2,2,2,3,0,3,3,7,1,1,2,3,3,1,0,1,-0.250997476711292,0,201006
1519,20,RL,0.365436003180649,-0.249962306604465,Pave,NONE,Lvl,Inside,Gtl,NAmes,Norm,Norm,1Fam,1Story,7,5,2003,VinylSd,VinylSd,BrkFace,2.26258282013072,PConc,1188,0,292,1480,GasA,0.268289832918241,SBrkr,-0.785025043886639,-0.0410302604138094,1,0,0.781365814350925,-0.756321032880405,0.169927088600022,-0.207698474525451,0.349545539005509,-0.924311211315714,Attchd,0.295002434288667,0.683472262023342,1.25125706354168,0.377615604183373,-0.359600750132276,-0.103330530851366,-0.285935458023539,MnPrv,0.439224098781676,Normal,0.44693779307133,1,2,3,4,3,3,0,3,3,7,6,1,2,3,3,1,0,2,0.297607266471232,0,201005
1520,20,RL,-1.72562055202678,-0.268603774107853,Pave,NONE,Lvl,Inside,Gtl,NAmes,Norm,Norm,1Fam,1Story,5,5,1959,MetalSd,MetalSd,BrkFace,0.271797914891926,CBlock,856,162,125,1143,GasA,0.268289832918241,SBrkr,-0.785025043886639,-0.707085084992933,1,0,-1.02736282330994,-0.756321032880405,0.169927088600022,-0.207698474525451,-0.287758288825272,-0.924311211315714,Attchd,0.197139687105821,-0.764331870369674,-0.740760408320604,-0.702842766617084,-0.359600750132276,-0.103330530851366,-0.285935458023539,GdPrv,-0.0895919598967582,Normal,-2.23744784062252,1,2,2,2,2,3,0,3,3,7,4,3,2,3,2,1,0,2,-0.250997476711292,0,201008
1521,20,RL,0.873264023731024,0.0706202093721703,Pave,NONE,Lvl,Inside,Gtl,NAmes,Norm,Norm,1Fam,1Story,5,5,1959,MetalSd,MetalSd,BrkFace,-0.0581355385043904,CBlock,936,0,270,1206,GasA,0.268289832918241,SBrkr,-0.785025043886639,-0.582570384849061,0,0,-1.02736282330994,-0.756321032880405,0.169927088600022,-0.207698474525451,-0.287758288825272,-0.924311211315714,Attchd,0.197139687105821,-0.745770278928738,-0.740760408320604,-0.392025975016952,-0.359600750132276,-0.103330530851366,-0.285935458023539,NONE,-0.0895919598967582,Normal,0.44693779307133,1,2,2,1,2,3,0,3,3,7,3,1,2,3,2,1,0,2,-0.250997476711292,0,201008
1522,20,RL,0.664158368210282,-0.017260994572374,Pave,NONE,Lvl,Inside,Gtl,NAmes,Norm,Norm,1Fam,1Story,6,5,1959,Wd Sdng,Wd Sdng,Stone,1.84876798027771,CBlock,734,0,510,1244,GasA,0.268289832918241,SBrkr,-0.785025043886639,0.156612120766939,1,0,-1.02736282330994,1.23259887250509,0.169927088600022,-0.207698474525451,-0.287758288825272,2.17157453260921,Attchd,0.190467227070627,-0.151799352818783,-0.740760408320604,-0.288420377816909,-0.359600750132276,-0.103330530851366,2.56231980613449,GdWo,-0.0895919598967582,Normal,0.44693779307133,1,2,2,4,2,3,4,3,3,7,3,1,2,3,3,1,0,1,-0.250997476711292,0,201009
1523,50,RL,0.0667136381510165,-0.226501956345099,Pave,NONE,Lvl,Inside,Gtl,NAmes,Norm,Norm,1Fam,1.5Fin,4,5,1956,MetalSd,MetalSd,None,-0.567015949674981,CBlock,0,0,832,832,GasA,0.268289832918241,FuseA,0.393152725181933,-0.32365886550228,0,0,-1.02736282330994,-0.756321032880405,0.169927088600022,-0.207698474525451,-0.925062116656053,-0.924311211315714,Attchd,0.190467227070627,-0.973149774080205,-0.740760408320604,-0.702842766617084,-0.359600750132276,-0.103330530851366,-0.285935458023539,NONE,-0.0895919598967582,Normal,0.44693779307133,1,2,2,2,2,3,0,3,3,7,1,1,2,3,3,1,0,1,-0.250997476711292,0,201005
1524,20,RL,0.0667136381510165,0.0991530677957237,Pave,NONE,Lvl,Inside,Gtl,NAmes,Norm,Norm,1Fam,1Story,5,7,1952,WdShing,Wd Shng,None,-0.567015949674981,CBlock,339,0,525,864,GasA,0.268289832918241,SBrkr,-0.785025043886639,-0.863222566125725,0,1,-1.02736282330994,-0.756321032880405,-1.04580127322219,-0.207698474525451,-1.56236594448683,-0.924311211315714,Detchd,0.181570613690368,-0.717927891767334,-0.740760408320604,-0.702842766617084,-0.359600750132276,-0.103330530851366,-0.285935458023539,NONE,-0.0895919598967582,Normal,0.44693779307133,1,2,2,2,1,3,0,3,3,7,4,1,2,3,3,1,0,1,-0.250997476711292,0,201008
1525,20,RL,1.82917559182585,0.0921783690699662,Pave,NONE,Lvl,Corner,Gtl,NAmes,Norm,Norm,1Fam,1Story,5,6,1955,MetalSd,MetalSd,None,-0.567015949674981,CBlock,648,0,324,972,GasA,0.268289832918241,SBrkr,-0.785025043886639,-1.04505355681201,0,0,-1.02736282330994,-0.756321032880405,0.169927088600022,-0.207698474525451,-0.925062116656053,-0.924311211315714,Attchd,0.188243073725562,-0.778253063950376,-0.740760408320604,-0.702842766617084,2.8318932412566,-0.103330530851366,-0.285935458023539,GdWo,-0.0895919598967582,Normal,0.44693779307133,1,3,2,2,2,3,0,3,3,7,3,1,2,3,3,1,0,1,-0.250997476711292,0,201009
1526,190,RL,0.365436003180649,0.433558168519769,Pave,NONE,Lvl,Inside,Gtl,NAmes,Norm,Norm,2fmCon,1Story,5,5,1958,MetalSd,MetalSd,None,-0.567015949674981,CBlock,532,0,456,988,GasA,0.268289832918241,SBrkr,-0.785025043886639,-1.01343077582309,1,0,-1.02736282330994,-0.756321032880405,-1.04580127322219,-0.207698474525451,-0.925062116656053,-0.924311211315714,Attchd,0.194915533760756,-0.968509376219971,-0.740760408320604,-0.702842766617084,-0.359600750132276,-0.103330530851366,-0.285935458023539,NONE,-0.0895919598967582,Abnorml,0.44693779307133,1,2,2,2,2,3,0,3,3,7,3,1,2,3,3,3,0,1,-0.250997476711292,0,201007
1527,30,RL,0.216074820665833,-0.287879305131764,Pave,NONE,Lvl,Corner,Gtl,NAmes,Norm,Norm,1Fam,1Story,4,7,1920,MetalSd,MetalSd,None,-0.567015949674981,BrkTil,0,0,576,576,GasA,0.268289832918241,SBrkr,-0.785025043886639,-1.01936004725852,0,1,-1.02736282330994,-0.756321032880405,-1.04580127322219,-0.207698474525451,-1.56236594448683,-0.924311211315714,Detchd,0.263864287457761,0.943334542196447,-0.740760408320604,-0.702842766617084,-0.359600750132276,-0.103330530851366,-0.285935458023539,NONE,-0.0895919598967582,Normal,0.44693779307133,1,2,2,3,2,3,0,3,3,7,1,1,0,3,3,1,0,1,-0.250997476711292,0,201007
1528,50,RL,0.0667136381510165,-0.266828396250387,Pave,NONE,Lvl,Inside,Gtl,NAmes,Artery,Norm,1Fam,1.5Fin,6,8,1948,WdShing,Wd Shng,None,-0.567015949674981,CBlock,481,174,161,816,GasA,0.268289832918241,SBrkr,0.166849272509356,-0.546994756236526,1,0,-1.02736282330994,-0.756321032880405,0.169927088600022,-0.207698474525451,-0.925062116656053,-0.924311211315714,Detchd,0.177122307000239,-0.894263010456227,2.53183972402457,-0.702842766617084,-0.359600750132276,-0.103330530851366,-0.285935458023539,GdWo,-0.0895919598967582,Normal,0.44693779307133,1,2,2,2,2,3,0,3,3,7,5,3,2,3,3,1,0,1,-0.250997476711292,0,201008
1529,20,RL,0.694030604713245,-0.321231046311296,Pave,NONE,Lvl,Corner,Gtl,NAmes,Norm,Norm,1Fam,1Story,5,6,1960,BrkFace,Wd Sdng,None,-0.567015949674981,CBlock,588,350,237,1175,GasA,0.268289832918241,SBrkr,-0.785025043886639,-0.643839523015093,0,0,-1.02736282330994,1.23259887250509,0.169927088600022,-0.207698474525451,-0.287758288825272,-0.924311211315714,Detchd,0.199363840450886,0.0523781530315144,-0.740760408320604,-0.702842766617084,-0.359600750132276,-0.103330530851366,-0.285935458023539,NONE,-0.0895919598967582,Normal,0.44693779307133,1,2,2,4,2,3,0,3,3,7,3,2,2,3,2,1,0,2,-0.250997476711292,0,201009
1530,20,RL,0.664158368210282,-0.0517540500888474,Pave,NONE,Lvl,Inside,Mod,NAmes,Norm,Norm,1Fam,1Story,6,7,1963,Wd Sdng,Wd Sdng,BrkFace,0.652060200162257,CBlock,717,263,415,1395,GasA,0.268289832918241,SBrkr,-0.785025043886639,-0.209026284417446,1,0,-1.02736282330994,-0.756321032880405,-1.04580127322219,-0.207698474525451,0.349545539005509,0.623631660646747,Attchd,0.20603630048608,-0.151799352818783,4.45271371474891,-0.702842766617084,1.39961301097476,-0.103330530851366,3.98644743821351,NONE,-0.0895919598967582,Normal,0.44693779307133,1,2,2,2,2,3,3,3,3,6,4,2,2,3,3,4,0,2,-0.250997476711292,0,201008
1531,50,RM,0.0667136381510165,-0.680745062448068,Pave,NONE,Lvl,Corner,Gtl,OldTown,Norm,Norm,1Fam,1.5Fin,4,5,1900,Wd Sdng,Wd Sdng,BrkFace,3.74448731419892,PConc,48,0,661,709,GasA,0.268289832918241,SBrkr,0.817763327103676,0.678388007084116,1,0,-1.02736282330994,-0.756321032880405,0.169927088600022,-0.207698474525451,1.62415319466707,2.17157453260921,Basment,0.0659146397470056,-1.07987892486559,-0.0767545843665104,-0.702842766617084,-0.359600750132276,-0.103330530851366,-0.285935458023539,NONE,-0.0895919598967582,Abnorml,0.44693779307133,1,2,2,2,2,3,4,3,3,5,5,1,2,3,3,1,0,1,-0.250997476711292,0,201001
1532,30,RM,-0.0527753078608365,-0.720691064241042,Pave,Grvl,Lvl,Inside,Gtl,OldTown,Artery,Norm,1Fam,1Story,5,7,1920,Wd Sdng,Wd Sdng,None,-0.567015949674981,PConc,579,0,357,936,GasA,0.268289832918241,SBrkr,-0.785025043886639,-1.11620481403708,1,0,-1.02736282330994,-0.756321032880405,-1.04580127322219,-0.207698474525451,-0.925062116656053,0.623631660646747,NONE,-4.15997671587587,-2.19357441132175,-0.337614015205619,-0.702842766617084,1.74211480517259,-0.103330530851366,-0.285935458023539,MnPrv,-0.0895919598967582,Normal,0.44693779307133,1,2,2,2,2,3,4,0,0,7,4,1,1,3,3,1,0,0,-0.250997476711292,0,201008
1533,20,RM,0.335563766677686,-0.553298294822863,Pave,Grvl,Bnk,Inside,Mod,OldTown,Norm,Norm,1Fam,1Story,5,7,1957,MetalSd,MetalSd,None,-0.567015949674981,CBlock,274,1073,0,1347,GasA,0.268289832918241,SBrkr,-0.785025043886639,-0.303894627384205,1,1,-1.02736282330994,-0.756321032880405,0.169927088600022,-0.207698474525451,-0.287758288825272,-0.924311211315714,Detchd,0.192691380415692,0.363284809667194,-0.740760408320604,-0.702842766617084,-0.359600750132276,-0.103330530851366,-0.285935458023539,NONE,-0.0895919598967582,Normal,0.44693779307133,1,2,2,3,3,3,0,3,3,7,4,3,2,3,3,2,0,1,-0.250997476711292,0,201009
1534,45,RM,-0.232008726878616,-0.414438383828237,Pave,NONE,Lvl,Corner,Gtl,OldTown,Norm,Norm,1Fam,1.5Fin,6,7,1938,MetalSd,MetalSd,None,-0.567015949674981,PConc,0,0,827,827,GasA,0.268289832918241,SBrkr,0.204177677073905,-0.493631313317724,0,0,-1.02736282330994,-0.756321032880405,0.169927088600022,-0.207698474525451,-0.287758288825272,-0.924311211315714,Detchd,0.150432466859463,-1.07987892486559,-0.740760408320604,-0.702842766617084,-0.359600750132276,-0.103330530851366,-0.285935458023539,NONE,-0.0895919598967582,Normal,0.44693779307133,1,2,2,3,1,3,0,2,3,7,1,1,0,3,3,1,0,1,0.297607266471232,0,201001
1535,50,RM,0.335563766677686,0.213411314194042,Pave,NONE,Lvl,Inside,Gtl,OldTown,Artery,Norm,1Fam,1.5Fin,5,7,1948,VinylSd,VinylSd,None,-0.567015949674981,BrkTil,780,0,247,1027,GasA,0.268289832918241,SBrkr,0.628788278995647,0.261362582792736,0,0,-1.02736282330994,-0.756321032880405,0.169927088600022,-0.207698474525451,0.349545539005509,0.623631660646747,Detchd,0.17267400031011,-1.07987892486559,-0.740760408320604,0.777237193383542,1.60200043481893,-0.103330530851366,-0.285935458023539,NONE,-0.0895919598967582,Normal,0.44693779307133,1,3,2,4,3,3,4,3,3,7,4,1,2,3,3,1,0,1,-0.250997476711292,0,201009
1536,50,RM,-1.72562055202678,-0.244636173032068,Pave,NONE,Lvl,Inside,Gtl,OldTown,Artery,Norm,1Fam,1.5Fin,5,6,1920,MetalSd,MetalSd,None,-0.567015949674981,BrkTil,176,0,832,1008,GasA,0.268289832918241,SBrkr,-0.353415366109043,-0.505489856188569,0,0,-1.02736282330994,-0.756321032880405,0.169927088600022,-0.207698474525451,-0.287758288825272,-0.924311211315714,Detchd,0.203812147141015,-0.731849085348036,-0.740760408320604,-0.702842766617084,4.84019921632569,-0.103330530851366,-0.285935458023539,NONE,-0.0895919598967582,Normal,-2.23744784062252,1,2,2,2,2,3,0,3,3,7,3,1,2,3,3,1,0,1,-0.250997476711292,0,201006
1537,30,RM,0.305691530174723,-0.0649425713157342,Pave,NONE,Lvl,Inside,Gtl,OldTown,Norm,Norm,1Fam,1Story,2,2,1923,AsbShng,AsbShng,None,-0.567015949674981,BrkTil,0,0,678,678,GasA,-3.72731232161413,SBrkr,-0.785025043886639,-1.32175289046506,0,0,-1.02736282330994,-0.756321032880405,-1.04580127322219,-0.207698474525451,-0.925062116656053,0.623631660646747,Detchd,0.128190933408816,1.42593591966079,-0.740760408320604,-0.702842766617084,-0.359600750132276,-0.103330530851366,-0.285935458023539,NONE,-0.0895919598967582,Abnorml,0.44693779307133,1,1,2,2,2,2,4,2,2,7,1,1,0,3,3,1,0,1,-0.799602219893816,0,201009
1538,70,RM,0.0667136381510165,-0.0720440827455964,Pave,Grvl,Lvl,Corner,Gtl,OldTown,Norm,Norm,1Fam,2Story,8,9,1900,Wd Sdng,Wd Sdng,None,-0.567015949674981,BrkTil,0,0,930,930,GasW,-3.72731232161413,SBrkr,0.698779037554176,0.128942187401635,0,0,0.781365814350925,-0.756321032880405,0.169927088600022,-0.207698474525451,0.349545539005509,-0.924311211315714,Detchd,0.132639240098946,-0.857139827574354,-0.313899521492972,2.67173954218434,3.47019203953437,-0.103330530851366,-0.285935458023539,NONE,-0.0895919598967582,Abnorml,0.44693779307133,1,3,3,2,3,3,0,3,3,7,1,1,2,3,3,1,0,1,-0.250997476711292,0,201007
1539,70,RM,-0.232008726878616,-0.148131705208405,Pave,Grvl,Lvl,Inside,Gtl,OldTown,Norm,Norm,1Fam,2Story,8,9,1890,Wd Sdng,Wd Sdng,None,-0.567015949674981,Stone,0,0,346,346,GasA,0.268289832918241,SBrkr,1.80696604806422,1.51639170329049,0,0,2.59009445201179,-0.756321032880405,0.169927088600022,-0.207698474525451,0.349545539005509,-0.924311211315714,Detchd,0.295002434288667,0.702033853464278,-0.740760408320604,0.895643590183592,-0.359600750132276,-0.103330530851366,-0.285935458023539,NONE,-0.0895919598967582,Normal,0.44693779307133,1,3,3,4,3,2,0,3,3,7,1,1,0,3,3,1,0,1,-0.799602219893816,0,201007
1540,190,RM,1.26160309826955,-0.142425133523695,Pave,NONE,Lvl,Inside,Gtl,OldTown,Norm,Norm,2fmCon,2Story,5,3,1910,MetalSd,MetalSd,None,-0.567015949674981,BrkTil,0,0,840,840,Grav,-3.72731232161413,FuseF,1.84662747791405,1.4926746175488,0,0,0.781365814350925,-0.756321032880405,1.38565545042224,4.45593111885755,3.53606467815941,-0.924311211315714,NONE,-4.15997671587587,-2.19357441132175,-0.740760408320604,-0.436428373816971,-0.0793720094249604,-0.103330530851366,-0.285935458023539,NONE,-0.0895919598967582,Abnorml,0.44693779307133,1,1,2,1,1,3,0,0,0,7,1,1,0,3,3,2,0,0,-0.250997476711292,0,201009
1541,70,RM,0.0667136381510165,0.0496961131948979,Pave,NONE,Lvl,Inside,Gtl,OldTown,Norm,Norm,1Fam,2Story,6,7,1922,Wd Sdng,Wd Sdng,None,-0.567015949674981,CBlock,283,0,455,738,GasA,0.268289832918241,SBrkr,0.61945617785451,-0.0607944985318843,0,0,-1.02736282330994,1.23259887250509,-1.04580127322219,-0.207698474525451,-0.287758288825272,-0.924311211315714,Detchd,0.221605373901533,0.702033853464278,-0.740760408320604,-0.702842766617084,-0.359600750132276,-0.103330530851366,-0.285935458023539,NONE,-0.0895919598967582,Normal,0.44693779307133,1,2,2,4,2,3,0,3,3,6,3,1,2,3,3,1,0,1,-0.799602219893816,0,201009
1542,50,RM,-0.142392017369726,-0.550127977220246,Pave,NONE,Lvl,Corner,Gtl,BrkSide,Feedr,Feedr,1Fam,1.5Fin,5,6,1950,MetalSd,MetalSd,None,-0.567015949674981,CBlock,788,0,200,988,GasA,0.268289832918241,SBrkr,0.572795672148824,0.219857682744779,0,0,-1.02736282330994,1.23259887250509,0.169927088600022,-0.207698474525451,0.349545539005509,-0.924311211315714,Detchd,0.177122307000239,-0.509109988056803,-0.740760408320604,-0.702842766617084,-0.359600750132276,-0.103330530851366,-0.285935458023539,MnPrv,-0.0895919598967582,Normal,0.44693779307133,1,3,2,4,2,3,0,3,3,7,3,1,2,3,3,1,0,1,-0.250997476711292,0,201006
1543,75,RL,-1.72562055202678,-0.301194639062756,Pave,NONE,Bnk,Corner,Gtl,BrkSide,Norm,Norm,1Fam,2.5Unf,7,7,1922,Wd Sdng,Wd Sdng,None,-0.567015949674981,BrkTil,474,0,634,1108,GasA,-3.72731232161413,FuseA,1.33336191515151,1.12110694092899,0,0,-1.02736282330994,1.23259887250509,0.169927088600022,-0.207698474525451,0.98684936683629,0.623631660646747,Detchd,0.128190933408816,-0.731849085348036,-0.740760408320604,-0.702842766617084,0.574495052225443,-0.103330530851366,-0.285935458023539,NONE,-0.0895919598967582,Normal,-2.23744784062252,1,2,2,2,3,3,4,3,3,7,4,1,2,3,2,1,0,1,0.297607266471232,0,201008
1544,30,RM,-0.232008726878616,-0.655382521627132,Pave,NONE,Lvl,Inside,Gtl,BrkSide,Feedr,Norm,1Fam,1Story,4,7,1925,MetalSd,MetalSd,None,-0.567015949674981,BrkTil,188,0,577,765,GasA,-3.72731232161413,FuseF,-0.785025043886639,-1.45417328585616,1,0,-1.02736282330994,-0.756321032880405,-1.04580127322219,-0.207698474525451,-1.56236594448683,-0.924311211315714,Detchd,0.123742626718687,-1.26549483927495,0.326391808748475,-0.702842766617084,0.278698048145499,-0.103330530851366,-0.285935458023539,MnPrv,-0.0895919598967582,Normal,0.44693779307133,1,2,2,2,3,3,0,2,3,7,3,1,1,3,3,1,0,1,-0.250997476711292,0,201007
1545,50,RM,-0.232008726878616,-0.52856981752245,Pave,NONE,Lvl,Inside,Gtl,BrkSide,Norm,Norm,1Fam,1.5Fin,6,7,1939,MetalSd,MetalSd,None,-0.567015949674981,BrkTil,452,12,144,608,GasA,0.268289832918241,SBrkr,0.437480205602335,-0.728825746922815,1,0,-1.02736282330994,-0.756321032880405,-1.04580127322219,-0.207698474525451,-0.925062116656053,-0.924311211315714,Detchd,0.152656620204528,-1.07987892486559,-0.740760408320604,-0.702842766617084,1.63313696156419,-0.103330530851366,-0.285935458023539,MnPrv,-0.0895919598967582,Abnorml,0.44693779307133,1,2,2,2,2,4,0,3,3,7,4,2,2,3,3,1,0,1,-0.250997476711292,0,201007
1546,50,RM,-0.232008726878616,-0.52856981752245,Pave,NONE,Lvl,Inside,Gtl,BrkSide,Norm,Norm,1Fam,1.5Fin,6,6,1940,MetalSd,MetalSd,None,-0.567015949674981,CBlock,264,0,308,572,GasA,0.268289832918241,FuseA,0.0268677553922977,-0.602334622967136,0,1,-1.02736282330994,1.23259887250509,0.169927088600022,-0.207698474525451,-0.287758288825272,2.17157453260921,Detchd,0.228277833936727,0.479294756173045,-0.740760408320604,-0.702842766617084,-0.359600750132276,-0.103330530851366,-0.285935458023539,NONE,-0.0895919598967582,Normal,0.44693779307133,1,3,2,4,2,3,4,3,3,7,2,1,2,3,3,1,0,1,-0.250997476711292,0,201006
1547,50,RM,-0.142392017369726,-0.482917244044765,Pave,NONE,Lvl,Corner,Gtl,BrkSide,Feedr,Norm,1Fam,1.5Fin,5,6,1942,MetalSd,MetalSd,Stone,1.11061177945883,CBlock,360,159,316,835,GasA,0.268289832918241,FuseA,0.376821548184943,-0.0943937033326116,0,0,-1.02736282330994,1.23259887250509,0.169927088600022,-0.207698474525451,0.349545539005509,2.17157453260921,Detchd,0.159329080239722,-1.07987892486559,-0.740760408320604,-0.702842766617084,0.185288467909727,-0.103330530851366,2.34870066132264,NONE,-0.0895919598967582,Normal,0.44693779307133,1,2,2,2,3,3,2,3,3,5,3,2,2,3,3,1,0,1,-0.250997476711292,0,201006
1548,50,RM,-0.232008726878616,-0.52856981752245,Pave,NONE,Lvl,Inside,Gtl,BrkSide,Norm,Norm,1Fam,1.5Fin,6,7,1948,Wd Sdng,Wd Sdng,None,-0.567015949674981,CBlock,300,0,480,780,GasA,0.268289832918241,SBrkr,0.698779037554176,-0.167521384369489,0,0,-1.02736282330994,1.23259887250509,0.169927088600022,-0.207698474525451,-0.287758288825272,-0.924311211315714,Detchd,0.17267400031011,-0.745770278928738,1.00620729517767,-0.702842766617084,0.387675891753899,-0.103330530851366,-0.285935458023539,NONE,-0.0895919598967582,Normal,0.44693779307133,1,2,2,2,2,3,0,3,3,7,3,1,1,3,3,1,0,1,-0.250997476711292,0,201006
1549,50,RM,-0.172264253872689,-0.498134768537326,Pave,NONE,Lvl,Inside,Gtl,BrkSide,Norm,Norm,1Fam,1.5Fin,5,7,1936,VinylSd,VinylSd,None,-0.567015949674981,CBlock,276,0,252,528,GasA,0.268289832918241,SBrkr,0.362823396473237,-0.910656737609104,0,0,-1.02736282330994,-0.756321032880405,-1.04580127322219,-0.207698474525451,-0.925062116656053,-0.924311211315714,Detchd,0.241622754007115,0.702033853464278,1.67811795036931,-0.702842766617084,0.138583677791841,-0.103330530851366,-0.285935458023539,NONE,-0.0895919598967582,Normal,0.44693779307133,1,2,2,3,2,2,0,3,3,7,3,1,1,3,3,1,0,3,-0.250997476711292,0,201008
1550,50,RM,-0.172264253872689,-0.498134768537326,Pave,NONE,Lvl,Inside,Gtl,BrkSide,Norm,Norm,1Fam,1.5Fin,5,5,1930,MetalSd,MetalSd,None,-0.567015949674981,BrkTil,448,0,480,928,GasA,0.268289832918241,FuseF,0.633454329566216,0.0696494730474099,0,0,0.781365814350925,-0.756321032880405,1.38565545042224,-0.207698474525451,0.349545539005509,0.623631660646747,Detchd,0.132639240098946,0.0338165615905783,-0.740760408320604,-0.554834770617021,-0.359600750132276,-0.103330530851366,-0.285935458023539,MnPrv,-0.0895919598967582,Normal,0.44693779307133,1,2,2,2,2,3,4,3,3,7,2,1,2,3,3,1,0,1,-0.250997476711292,0,201006
1551,30,RM,-0.202136490375653,-0.513352293029888,Pave,NONE,Lvl,Inside,Gtl,OldTown,Artery,Norm,1Fam,1Story,6,5,1923,Wd Sdng,Wd Sdng,None,-0.567015949674981,BrkTil,960,0,164,1124,GasA,0.268289832918241,SBrkr,-0.785025043886639,-0.855316870878495,1,0,-1.02736282330994,-0.756321032880405,-1.04580127322219,-0.207698474525451,-0.925062116656053,0.623631660646747,Detchd,0.117070166683493,-0.857139827574354,-0.740760408320604,-0.702842766617084,1.63313696156419,-0.103330530851366,-0.285935458023539,NONE,-0.0895919598967582,Normal,0.44693779307133,1,2,2,2,2,2,4,3,3,7,5,1,2,3,3,1,0,1,-0.799602219893816,0,201006
1552,50,RM,-0.0229030713578732,-0.263024015127247,Pave,Grvl,Lvl,Inside,Gtl,OldTown,Norm,Norm,1Fam,1.5Fin,4,5,1915,MetalSd,MetalSd,None,-0.567015949674981,CBlock,0,0,888,888,GasA,0.268289832918241,SBrkr,1.7206441125087,0.9116060168774,0,0,-1.02736282330994,1.23259887250509,1.38565545042224,-0.207698474525451,1.62415319466707,0.623631660646747,Detchd,0.0992769399229756,0.460733164732109,0.524012589687193,-0.702842766617084,5.30724711750455,-0.103330530851366,-0.285935458023539,GdPrv,-0.0895919598967582,Normal,0.44693779307133,1,1,2,4,2,3,3,3,3,7,1,1,2,3,3,1,0,1,-0.250997476711292,0,201009
1553,70,RM,0.0667136381510165,0.346437840799853,Pave,Grvl,Lvl,Inside,Gtl,OldTown,Norm,Norm,1Fam,2Story,6,8,1912,Wd Sdng,Wd Sdng,None,-0.567015949674981,PConc,0,0,780,780,GasA,0.268289832918241,SBrkr,1.03473467863512,0.11708364453079,0,0,-1.02736282330994,1.23259887250509,0.169927088600022,-0.207698474525451,0.349545539005509,-0.924311211315714,NONE,-4.15997671587587,-2.19357441132175,1.97850153739616,-0.702842766617084,-0.359600750132276,-0.103330530851366,2.7047325693424,NONE,-0.0895919598967582,Normal,0.44693779307133,1,3,3,4,3,3,0,0,0,7,1,1,0,3,3,1,0,0,-0.250997476711292,0,201008
1554,70,RM,-0.172264253872689,-0.900384665957376,Pave,Grvl,Lvl,Inside,Gtl,OldTown,Norm,Norm,1Fam,2Story,6,8,1920,VinylSd,VinylSd,None,-0.567015949674981,BrkTil,0,0,662,662,GasA,0.268289832918241,SBrkr,0.759437694971568,-0.349352375055778,0,1,-1.02736282330994,-0.756321032880405,0.169927088600022,-0.207698474525451,-0.287758288825272,-0.924311211315714,Detchd,0.110397706648299,-1.35830279647963,-0.740760408320604,-0.702842766617084,1.38404474760213,-0.103330530851366,-0.285935458023539,GdPrv,-0.0895919598967582,Normal,0.44693779307133,1,3,2,4,2,3,0,3,3,7,1,1,2,3,3,1,0,1,-0.250997476711292,0,201005
1555,20,RL,1.26160309826955,0.646096260599215,Pave,NONE,Lvl,Inside,Gtl,ClearCr,Feedr,Norm,1Fam,1Story,5,5,1959,HdBoard,HdBoard,BrkFace,-0.0637276309348365,CBlock,766,0,656,1422,GasA,0.268289832918241,SBrkr,-0.785025043886639,0.344372382888651,0,0,0.781365814350925,-0.756321032880405,0.169927088600022,-0.207698474525451,0.98684936683629,2.17157453260921,Attchd,0.197139687105821,-0.499829192336335,-0.740760408320604,1.25086278058374,-0.359600750132276,-0.103330530851366,-0.285935458023539,NONE,-0.0895919598967582,Normal,0.44693779307133,1,2,2,3,2,3,4,3,3,7,3,1,2,3,2,1,0,1,0.297607266471232,0,201008
1556,50,RL,0.425180476186576,0.0588266278904349,Pave,NONE,Lvl,Inside,Gtl,ClearCr,Norm,Norm,1Fam,1.5Fin,5,3,1917,Wd Sdng,Wd Sdng,None,-0.567015949674981,BrkTil,0,0,689,689,GasA,-3.72731232161413,SBrkr,0.379154573470227,-0.546994756236526,0,0,-1.02736282330994,1.23259887250509,0.169927088600022,-0.207698474525451,-0.287758288825272,-0.924311211315714,Detchd,0.103725246613105,-1.35830279647963,-0.740760408320604,-0.702842766617084,3.50132856627963,-0.103330530851366,-0.285935458023539,NONE,-0.0895919598967582,Normal,0.44693779307133,1,2,2,3,3,2,0,2,2,4,1,1,0,3,2,1,0,1,0.297607266471232,0,201001
1557,190,RL,0.0667136381510165,-0.034000271514192,Pave,NONE,Lvl,Inside,Gtl,SWISU,Norm,Norm,2fmCon,1.5Fin,5,4,1915,Wd Sdng,Wd Shng,None,-0.567015949674981,BrkTil,1026,0,186,1212,GasA,-3.72731232161413,SBrkr,-0.365080492535465,-0.214955555852868,1,0,-1.02736282330994,-0.756321032880405,0.169927088600022,-0.207698474525451,-0.287758288825272,-0.924311211315714,NONE,-4.15997671587587,-2.19357441132175,-0.740760408320604,-0.702842766617084,2.25586749646934,-0.103330530851366,-0.285935458023539,NONE,-0.0895919598967582,Normal,0.44693779307133,1,1,1,2,2,3,0,0,0,7,3,1,0,3,3,1,0,0,-0.250997476711292,0,201005
1558,50,RL,0.216074820665833,-0.528443004818345,Pave,NONE,Bnk,Inside,Mod,SWISU,Norm,Norm,1Fam,1.5Fin,6,5,1940,VinylSd,VinylSd,None,-0.567015949674981,CBlock,368,0,232,600,GasA,-3.72731232161413,SBrkr,-0.040789977880947,-1.14980401883781,0,0,-1.02736282330994,-0.756321032880405,0.169927088600022,-0.207698474525451,-0.925062116656053,-0.924311211315714,Detchd,0.154880773549592,-1.12164250560769,-0.740760408320604,-0.702842766617084,0.340971101636013,-0.103330530851366,-0.285935458023539,MnPrv,-0.0895919598967582,Normal,0.44693779307133,1,2,2,4,2,3,0,3,3,7,2,1,2,3,2,1,0,1,-0.799602219893816,0,201006
1559,70,C (all),-1.72562055202678,-0.471630913379448,Pave,NONE,Lvl,Inside,Gtl,SWISU,Norm,Norm,1Fam,2Story,4,1,1907,Wd Sdng,Stucco,None,-0.567015949674981,CBlock,73,0,634,707,GasW,-3.72731232161413,SBrkr,1.41268477485117,0.757444959556416,0,0,-1.02736282330994,1.23259887250509,1.38565545042224,-0.207698474525451,0.349545539005509,-0.924311211315714,NONE,-4.15997671587587,-2.19357441132175,-0.740760408320604,-0.702842766617084,3.36121419592597,-0.103330530851366,-0.285935458023539,NONE,-0.0895919598967582,Abnorml,-2.23744784062252,1,2,2,2,2,3,0,0,0,7,3,1,0,3,2,1,0,0,-0.250997476711292,0,201006
1560,190,RH,0.0667136381510165,-0.522482807725425,Pave,NONE,Lvl,Corner,Gtl,SWISU,Artery,Norm,2fmCon,1.5Fin,5,7,1910,Wd Sdng,Wd Sdng,None,-0.567015949674981,BrkTil,736,0,120,856,GasA,0.268289832918241,SBrkr,0.950745768364881,0.354254501947688,1,0,0.781365814350925,-0.756321032880405,-1.04580127322219,4.45593111885755,0.349545539005509,0.623631660646747,Detchd,0.0881561731976523,-0.105395374216442,-0.298089859017875,1.42847237578382,-0.359600750132276,-0.103330530851366,-0.285935458023539,NONE,-0.0895919598967582,Normal,0.44693779307133,1,3,2,3,2,3,4,3,2,7,2,1,1,3,3,2,0,1,-0.250997476711292,0,201009
1561,90,RL,0.425180476186576,0.076707219169195,Pave,NONE,Lvl,Inside,Gtl,Sawyer,Norm,Norm,Duplex,1Story,4,3,1967,Plywood,Plywood,BrkFace,-0.164385294682865,CBlock,704,0,1128,1832,GasA,-3.72731232161413,SBrkr,-0.785025043886639,0.654670921342426,2,0,0.781365814350925,-0.756321032880405,1.38565545042224,4.45593111885755,0.98684936683629,-0.924311211315714,NONE,-4.15997671587587,-2.19357441132175,-0.740760408320604,0.155603610183279,-0.359600750132276,-0.103330530851366,-0.285935458023539,NONE,-0.0895919598967582,Normal,0.44693779307133,1,1,1,2,2,3,0,0,0,7,5,1,2,3,3,1,0,0,-0.250997476711292,0,201008
1562,20,RL,0.216074820665833,-0.300306950134023,Pave,NONE,Lvl,Inside,Gtl,Sawyer,Norm,Norm,1Fam,1Story,5,7,1966,HdBoard,HdBoard,BrkFace,-0.304187605444016,CBlock,240,474,150,864,GasA,0.268289832918241,SBrkr,-0.785025043886639,-1.20316746175661,1,0,-1.02736282330994,-0.756321032880405,0.169927088600022,-0.207698474525451,-0.925062116656053,-0.924311211315714,Detchd,0.212708760521274,-0.263168901464399,-0.740760408320604,-0.702842766617084,-0.359600750132276,-0.103330530851366,-0.285935458023539,NONE,-0.0895919598967582,Normal,0.44693779307133,1,2,2,4,3,3,0,3,3,7,4,3,2,3,3,2,0,1,-0.250997476711292,0,201009
1563,20,RL,0.216074820665833,-0.296248943602673,Pave,NONE,Lvl,Inside,Gtl,Sawyer,Norm,Norm,1Fam,1Story,5,5,1968,HdBoard,HdBoard,None,-0.567015949674981,CBlock,775,0,89,864,GasA,0.268289832918241,SBrkr,-0.785025043886639,-1.25850732848722,1,0,-1.02736282330994,-0.756321032880405,-1.04580127322219,-0.207698474525451,-1.56236594448683,-0.924311211315714,Detchd,0.219381220556468,-0.894263010456227,1.04573145136541,-0.702842766617084,-0.359600750132276,-0.103330530851366,-0.285935458023539,NONE,-0.0895919598967582,Normal,0.44693779307133,1,2,2,4,2,3,0,3,3,7,6,1,2,3,3,1,0,1,-0.250997476711292,0,201008
1564,90,RL,-1.72562055202678,-0.347988526877383,Pave,NONE,Lvl,Inside,Gtl,Sawyer,Norm,Norm,Duplex,SFoyer,5,5,1978,Plywood,Plywood,None,-0.567015949674981,CBlock,1319,0,0,1319,GasA,0.268289832918241,SBrkr,-0.785025043886639,-0.252507608277211,1,0,-1.02736282330994,-0.756321032880405,0.169927088600022,-0.207698474525451,-0.925062116656053,2.17157453260921,Attchd,0.23939860066205,0.548900724076555,-0.740760408320604,-0.702842766617084,-0.359600750132276,-0.103330530851366,-0.285935458023539,NONE,-0.0895919598967582,Normal,-2.23744784062252,1,2,2,2,2,3,3,3,3,7,6,1,2,3,2,3,0,3,0.297607266471232,0,201008
1565,60,RL,0.843391787228061,0.13428018683272,Pave,NONE,Lvl,Inside,Gtl,Sawyer,Norm,Norm,1Fam,2Story,5,5,1968,HdBoard,HdBoard,None,-0.567015949674981,CBlock,267,453,0,720,GasA,0.268289832918241,SBrkr,0.894753161518058,-0.120087212886109,0,0,-1.02736282330994,1.23259887250509,1.38565545042224,-0.207698474525451,0.349545539005509,2.17157453260921,Attchd,0.217157067211403,0.0338165615905783,0.776967189288753,-0.140412381816846,-0.359600750132276,-0.103330530851366,-0.285935458023539,MnPrv,-0.0895919598967582,Normal,0.44693779307133,1,3,2,4,2,4,3,3,3,7,3,5,2,3,3,1,0,1,-0.250997476711292,0,201006
1566,20,RL,-1.72562055202678,1.25467042759758,Pave,NONE,Low,Inside,Mod,ClearCr,Norm,Norm,1Fam,1Story,7,7,1977,Wd Sdng,Wd Sdng,None,-0.567015949674981,CBlock,1092,0,328,1420,GasA,0.268289832918241,SBrkr,-0.785025043886639,-0.035100988978387,1,0,-1.02736282330994,1.23259887250509,-2.26152963504441,-0.207698474525451,-1.56236594448683,2.17157453260921,Attchd,0.237174447316985,1.00830011223972,3.18003588550357,-0.702842766617084,-0.359600750132276,-0.103330530851366,-0.285935458023539,NONE,-0.0895919598967582,Normal,-2.23744784062252,1,3,3,3,2,3,3,3,3,7,5,1,2,3,2,4,0,2,0.297607266471232,0,201007
1567,30,RL,1.08236967925177,-0.115287214845293,Pave,NONE,Lvl,Corner,Gtl,Sawyer,Feedr,Norm,1Fam,1Story,4,4,1927,Wd Sdng,Wd Sdng,None,-0.567015949674981,BrkTil,0,0,660,660,GasA,-3.72731232161413,SBrkr,-0.785025043886639,-1.47196110016243,0,0,-1.02736282330994,-0.756321032880405,-1.04580127322219,-0.207698474525451,-1.56236594448683,-0.924311211315714,Detchd,0.166001540274916,-0.151799352818783,-0.108373909316705,-0.702842766617084,-0.359600750132276,-0.103330530851366,-0.285935458023539,NONE,-0.0895919598967582,Normal,0.44693779307133,1,2,2,2,2,3,0,3,3,7,1,1,0,3,3,1,0,1,-0.799602219893816,0,201009
1568,60,RL,-1.72562055202678,0.876768569365631,Pave,NONE,Low,CulDSac,Mod,ClearCr,Norm,Norm,1Fam,2Story,6,5,1978,VinylSd,VinylSd,BrkFace,1.04350667029348,PConc,964,0,153,1117,GasA,0.268289832918241,SBrkr,1.230708802599,0.949158069301742,1,0,0.781365814350925,1.23259887250509,1.38565545042224,-0.207698474525451,0.98684936683629,0.623631660646747,Attchd,0.23939860066205,0.228713271720407,1.91526288749577,0.836440391783567,-0.359600750132276,-0.103330530851366,-0.285935458023539,NONE,-0.0895919598967582,Normal,-2.23744784062252,1,2,2,4,3,3,3,3,3,7,5,1,2,3,2,3,0,3,0.297607266471232,0,201008
1569,50,RL,1.97853677434066,1.06927025419654,Pave,NONE,Lvl,Inside,Gtl,Edwards,Norm,Norm,1Fam,1.5Fin,3,4,1938,Wd Sdng,Wd Sdng,None,-0.567015949674981,CBlock,288,684,0,972,GasA,0.268289832918241,FuseA,0.516803065302001,0.215904835121164,0,1,0.781365814350925,-0.756321032880405,1.38565545042224,-0.207698474525451,0.98684936683629,0.623631660646747,Attchd,0.150432466859463,0.0338165615905783,-0.740760408320604,-0.702842766617084,0.574495052225443,-0.103330530851366,-0.285935458023539,NONE,0.703632128120893,Normal,0.44693779307133,1,2,2,2,1,3,4,3,3,7,4,2,2,3,3,2,0,2,-0.250997476711292,0,201009
1570,20,RL,0.216074820665833,0.1662369882671,Pave,NONE,Lvl,Inside,Gtl,Edwards,Norm,Norm,1Fam,1Story,6,7,1950,Wd Sdng,Plywood,None,-0.567015949674981,CBlock,104,387,172,663,GasA,0.268289832918241,SBrkr,-0.785025043886639,-0.84345832800765,1,0,-1.02736282330994,-0.756321032880405,0.169927088600022,-0.207698474525451,-0.287758288825272,0.623631660646747,Attchd,0.259415980767632,-0.0265086105924641,-0.740760408320604,0.0667988125832417,0.449948945244414,-0.103330530851366,-0.285935458023539,MnPrv,-0.0895919598967582,Normal,0.44693779307133,1,2,2,4,3,3,3,3,3,7,6,3,2,3,3,1,0,1,-0.250997476711292,0,201009
1571,50,RL,-0.232008726878616,-0.103747258771767,Pave,NONE,Bnk,Inside,Gtl,Edwards,Norm,Norm,1Fam,1.5Fin,4,6,1947,WdShing,Wd Shng,None,-0.567015949674981,CBlock,192,0,564,756,GasA,0.268289832918241,SBrkr,-0.785025043886639,0.0597673539883725,0,0,-1.02736282330994,-0.756321032880405,0.169927088600022,-0.207698474525451,0.98684936683629,0.623631660646747,Detchd,0.170449846965045,-1.22373125853284,-0.740760408320604,-0.702842766617084,-0.359600750132276,-0.103330530851366,-0.285935458023539,MnPrv,-0.0895919598967582,Normal,0.44693779307133,1,2,2,4,2,2,3,2,3,7,2,1,2,3,3,1,0,1,-0.250997476711292,0,201009
1572,20,RL,0.514797185695465,-0.0815550355534475,Pave,NONE,Lvl,Inside,Gtl,Edwards,Norm,Norm,1Fam,1Story,5,7,1954,WdShing,Wd Shng,None,-0.567015949674981,CBlock,954,0,218,1172,GasA,0.268289832918241,SBrkr,-0.785025043886639,-0.649768794450516,1,0,-1.02736282330994,-0.756321032880405,0.169927088600022,-0.207698474525451,-0.925062116656053,-0.924311211315714,Attchd,0.186018920380498,-0.495188794476101,1.15639908869109,-0.702842766617084,-0.359600750132276,-0.103330530851366,-0.285935458023539,NONE,-0.0895919598967582,Normal,0.44693779307133,1,2,2,2,2,3,0,3,3,7,4,1,2,3,3,3,0,3,-0.250997476711292,0,201009
1573,20,RL,-0.411242145896396,0.927874089119818,Pave,NONE,Lvl,Inside,Gtl,Edwards,Norm,Norm,1Fam,1Story,7,5,2009,VinylSd,VinylSd,Stone,-0.0301750763521602,PConc,1346,0,162,1508,GasA,0.268289832918241,SBrkr,-0.785025043886639,0.0143096063168002,1,0,-1.02736282330994,-0.756321032880405,-2.26152963504441,-0.207698474525451,-0.925062116656053,2.17157453260921,Attchd,0.308347354359055,0.460733164732109,-0.740760408320604,-0.702842766617084,-0.359600750132276,-0.103330530851366,-0.285935458023539,NONE,-0.0895919598967582,Partial,0.44693779307133,1,2,3,4,3,3,3,3,3,7,6,1,2,3,1,4,0,2,0.297607266471232,0,201001
1574,20,RL,-1.72562055202678,0.130856243821894,Pave,NONE,Lvl,CulDSac,Gtl,Edwards,Norm,Norm,1Fam,1Story,5,3,1964,Wd Sdng,Wd Sdng,None,-0.567015949674981,CBlock,0,0,1250,1250,GasA,0.268289832918241,SBrkr,-0.785025043886639,-0.400739394162772,0,0,0.781365814350925,-0.756321032880405,0.169927088600022,-0.207698474525451,-0.925062116656053,-0.924311211315714,Detchd,0.208260453831144,0.145186110236195,-0.740760408320604,1.42847237578382,-0.359600750132276,-0.103330530851366,-0.285935458023539,NONE,-0.0895919598967582,Normal,-2.23744784062252,1,1,2,4,2,3,0,3,2,7,1,1,0,3,2,2,0,1,-0.250997476711292,0,201009
1575,20,RL,0.753775077719171,0.229770153023546,Pave,NONE,Low,Inside,Mod,SawyerW,Norm,Norm,1Fam,1Story,7,5,1987,Plywood,Plywood,BrkFace,0.42278441051397,CBlock,1433,0,0,1433,GasA,0.268289832918241,SBrkr,-0.785025043886639,-0.133922179568761,1,0,-1.02736282330994,1.23259887250509,-2.26152963504441,-0.207698474525451,-1.56236594448683,2.17157453260921,Attchd,0.259415980767632,0.256555658881811,-0.740760408320604,3.41177952218466,-0.359600750132276,-0.103330530851366,4.44928891863919,MnPrv,-0.0895919598967582,Normal,0.44693779307133,1,2,3,4,3,3,3,4,4,7,6,1,2,3,3,4,0,2,0.297607266471232,0,201009
1576,60,RL,0.873264023731024,0.278085793287429,Pave,NONE,Lvl,CulDSac,Gtl,SawyerW,Norm,Norm,1Fam,2Story,6,7,1993,VinylSd,VinylSd,BrkFace,-0.0916880930870667,PConc,860,0,86,946,GasA,0.268289832918241,SBrkr,1.17005014518161,0.595378206988202,0,1,0.781365814350925,1.23259887250509,0.169927088600022,-0.207698474525451,0.98684936683629,0.623631660646747,2Types,0.288329974253473,2.52571021253625,2.81641364857633,0.658830796583492,-0.359600750132276,-0.103330530851366,-0.285935458023539,NONE,-0.0895919598967582,Normal,0.44693779307133,1,3,3,4,3,3,4,3,3,7,6,1,2,3,2,1,0,2,0.297607266471232,0,201008
1577,20,RL,0.18620258416287,-0.356104539940083,Pave,NONE,Lvl,Inside,Gtl,CollgCr,Norm,Norm,1Fam,1Story,7,5,2010,VinylSd,VinylSd,Stone,-0.119648555239297,PConc,24,0,1198,1222,GasA,0.268289832918241,SBrkr,-0.785025043886639,-0.550947603860141,0,0,0.781365814350925,-0.756321032880405,-1.04580127322219,-0.207698474525451,-0.287758288825272,-0.924311211315714,Attchd,0.308347354359055,0.660270272722172,-0.740760408320604,0.0964004117832542,-0.359600750132276,-0.103330530851366,-0.285935458023539,NONE,-0.0895919598967582,Normal,0.44693779307133,1,2,3,4,3,3,0,3,3,7,6,1,2,3,3,1,0,2,0.297607266471232,0,201006
1578,50,RL,0.723902841216208,0.515732800779602,Pave,NONE,Lvl,Inside,Gtl,SawyerW,Norm,Norm,1Fam,1.5Fin,6,8,1900,Wd Sdng,Plywood,None,-0.567015949674981,PConc,0,0,676,676,GasA,0.268289832918241,SBrkr,0.647452481277922,-0.110205093827072,0,0,0.781365814350925,-0.756321032880405,0.169927088600022,-0.207698474525451,-0.287758288825272,-0.924311211315714,Detchd,0.192691380415692,0.0523781530315144,-0.740760408320604,0.170404409783286,-0.359600750132276,-0.103330530851366,-0.285935458023539,NONE,-0.0895919598967582,Normal,0.44693779307133,1,2,2,2,2,4,0,3,3,7,1,1,0,3,2,1,0,1,-0.799602219893816,0,201006
1579,85,RL,0.723902841216208,0.118809036931949,Pave,NONE,Lvl,Corner,Gtl,CollgCr,Norm,Norm,1Fam,SFoyer,5,5,1996,VinylSd,VinylSd,None,-0.567015949674981,PConc,870,0,0,870,GasA,0.268289832918241,SBrkr,-0.785025043886639,-1.05888852349467,1,0,-1.02736282330994,-0.756321032880405,-1.04580127322219,-0.207698474525451,-1.56236594448683,-0.924311211315714,Attchd,0.283881667563343,0.497856347613981,-0.179517390454644,-0.702842766617084,-0.359600750132276,-0.103330530851366,-0.285935458023539,GdPrv,-0.0895919598967582,Normal,0.44693779307133,1,3,2,3,2,2,0,4,3,7,6,1,2,3,3,3,0,1,0.297607266471232,0,201010
1580,60,RL,-1.72562055202678,-0.105395823925128,Pave,NONE,Lvl,Inside,Gtl,CollgCr,Norm,Norm,1Fam,2Story,7,5,1997,VinylSd,VinylSd,None,-0.567015949674981,PConc,353,0,525,878,GasA,0.268289832918241,SBrkr,1.0813951843408,0.377971587689378,0,0,0.781365814350925,1.23259887250509,0.169927088600022,-0.207698474525451,0.98684936683629,0.623631660646747,Attchd,0.281657514218279,0.186949690978301,-0.740760408320604,-0.12561158221684,-0.359600750132276,-0.103330530851366,-0.285935458023539,NONE,-0.0895919598967582,Normal,-2.23744784062252,1,2,2,4,2,3,3,3,3,7,5,1,2,3,2,1,0,2,0.297607266471232,0,201007
1581,20,RL,-0.590475564914175,0.643179568404808,Pave,NONE,Lvl,FR2,Gtl,CollgCr,Norm,Norm,1Fam,1Story,5,8,1977,CemntBd,CmentBd,None,-0.567015949674981,CBlock,198,688,140,1026,GasA,0.268289832918241,SBrkr,-0.785025043886639,-0.938326670974409,1,0,-1.02736282330994,1.23259887250509,0.169927088600022,-0.207698474525451,-0.925062116656053,-0.924311211315714,Attchd,0.237174447316985,-0.764331870369674,1.7571662627448,0.555225199383448,-0.359600750132276,-0.103330530851366,-0.285935458023539,MnPrv,-0.0895919598967582,Normal,0.44693779307133,1,3,3,4,2,3,0,3,3,7,6,3,2,3,2,1,0,1,0.297607266471232,0,201009
1582,20,RL,0.305691530174723,-0.340887015447521,Pave,NONE,Lvl,Inside,Gtl,CollgCr,Norm,Norm,1Fam,1Story,5,6,1972,Wd Sdng,Wd Sdng,None,-0.567015949674981,CBlock,480,0,396,876,GasA,0.268289832918241,SBrkr,-0.785025043886639,-1.23479024274553,1,0,-1.02736282330994,-0.756321032880405,0.169927088600022,-0.207698474525451,-0.925062116656053,-0.924311211315714,Detchd,0.237174447316985,0.0523781530315144,-0.740760408320604,-0.702842766617084,-0.359600750132276,-0.103330530851366,-0.285935458023539,MnPrv,-0.0895919598967582,Normal,0.44693779307133,1,2,2,2,2,3,0,3,3,7,5,1,2,3,3,3,0,1,-0.250997476711292,0,201009
1583,20,RL,0.664158368210282,0.0280111407929973,Pave,NONE,Lvl,Inside,Gtl,CollgCr,Norm,Norm,1Fam,1Story,8,5,2003,CemntBd,CmentBd,BrkFace,1.22245362806775,PConc,1682,0,296,1978,GasA,0.268289832918241,SBrkr,-0.785025043886639,0.94322879786632,1,0,0.781365814350925,1.23259887250509,0.169927088600022,-0.207698474525451,0.98684936683629,0.623631660646747,Attchd,0.295002434288667,1.75076376987717,0.745347864338558,-0.332822776616927,-0.359600750132276,-0.103330530851366,-0.285935458023539,NONE,-0.0895919598967582,Normal,0.44693779307133,1,2,3,4,3,3,4,3,3,7,6,1,2,3,3,1,0,2,0.297607266471232,0,201008
1584,60,RL,0.514797185695465,-0.10057694116915,Pave,NONE,Lvl,Inside,Gtl,CollgCr,Norm,Norm,1Fam,2Story,7,5,1997,VinylSd,VinylSd,None,-0.567015949674981,PConc,0,0,1040,1040,GasA,0.268289832918241,SBrkr,1.67398360680301,1.18039965528322,0,0,0.781365814350925,1.23259887250509,1.38565545042224,-0.207698474525451,1.62415319466707,0.623631660646747,Attchd,0.281657514218279,0.688112659883576,1.87573873130803,-0.140412381816846,-0.359600750132276,-0.103330530851366,-0.285935458023539,NONE,-0.0895919598967582,Normal,0.44693779307133,1,2,3,4,3,3,3,3,3,7,1,1,2,3,3,1,0,3,0.297607266471232,0,201007
1585,120,RM,-1.72562055202678,-0.727031699446277,Pave,NONE,Lvl,Inside,Gtl,CollgCr,Norm,Norm,TwnhsE,1Story,6,5,2003,VinylSd,VinylSd,BrkFace,0.383639763500847,PConc,672,0,176,848,GasA,0.268289832918241,SBrkr,-0.785025043886639,-1.29013010947614,1,0,-1.02736282330994,-0.756321032880405,-2.26152963504441,-0.207698474525451,-1.56236594448683,-0.924311211315714,Attchd,0.295002434288667,-0.244607310023463,0.365915964936219,-0.702842766617084,-0.359600750132276,-0.103330530851366,-0.285935458023539,NONE,-0.0895919598967582,Normal,-2.23744784062252,1,2,3,4,3,3,0,3,3,7,6,1,2,3,3,3,0,3,0.297607266471232,0,201007
1586,30,RL,0.275819293671759,-0.176410938223749,Pave,NONE,Lvl,Inside,Mod,Edwards,Feedr,Norm,1Fam,1Story,3,6,1945,VinylSd,VinylSd,None,-0.567015949674981,CBlock,0,0,0,0,GasA,-3.72731232161413,SBrkr,-0.785025043886639,-1.7012262623321,0,0,-1.02736282330994,-0.756321032880405,-1.04580127322219,-0.207698474525451,-0.925062116656053,-0.924311211315714,Detchd,0.166001540274916,-1.07987892486559,-0.740760408320604,-0.702842766617084,-0.359600750132276,-0.103330530851366,-0.285935458023539,NONE,-0.0895919598967582,Normal,0.44693779307133,0,3,2,2,2,0,0,3,3,6,0,0,0,3,3,0,0,1,-4.91413779376274,0,201007
1587,20,RL,0.305691530174723,-0.168168112456945,Pave,NONE,Lvl,Corner,Gtl,Edwards,Norm,Norm,1Fam,1Story,5,6,1954,VinylSd,VinylSd,None,-0.567015949674981,CBlock,0,0,381,381,GasA,0.268289832918241,SBrkr,-0.785025043886639,-1.00552508057586,0,0,-1.02736282330994,-0.756321032880405,0.169927088600022,-0.207698474525451,-0.287758288825272,-0.924311211315714,Detchd,0.186018920380498,-0.7132874939071,-0.26647053406768,-0.702842766617084,0.512221998734928,-0.103330530851366,-0.285935458023539,MnPrv,-0.0895919598967582,Abnorml,0.44693779307133,1,3,2,4,2,3,0,3,3,7,1,1,2,3,3,1,0,1,-0.799602219893816,0,201001
1588,20,RL,0.0667136381510165,-0.0157392421231178,Pave,NONE,Low,CulDSac,Gtl,Edwards,Norm,Norm,1Fam,1Story,5,6,1968,MetalSd,MetalSd,None,-0.567015949674981,CBlock,1070,0,126,1196,GasA,0.268289832918241,SBrkr,-0.785025043886639,-0.602334622967136,1,0,-1.02736282330994,-0.756321032880405,0.169927088600022,-0.207698474525451,-0.287758288825272,-0.924311211315714,Attchd,0.217157067211403,-0.634400730283121,1.29078121972942,-0.702842766617084,2.25586749646934,-0.103330530851366,-0.285935458023539,MnPrv,-0.0895919598967582,Normal,0.44693779307133,1,2,2,2,2,3,0,3,3,7,5,1,2,3,2,4,0,2,0.297607266471232,0,201009
1589,50,RL,0.933008496736951,0.205929364651866,Pave,NONE,Lvl,Inside,Gtl,Edwards,Norm,Norm,1Fam,1.5Fin,4,5,1948,VinylSd,VinylSd,None,-0.567015949674981,CBlock,0,0,744,744,GasA,-3.72731232161413,FuseF,-0.0197927503133883,-0.752542832664505,0,0,-1.02736282330994,-0.756321032880405,-1.04580127322219,-0.207698474525451,-0.925062116656053,-0.924311211315714,Detchd,0.190467227070627,0.0338165615905783,-0.740760408320604,-0.702842766617084,-0.359600750132276,-0.103330530851366,2.56231980613449,NONE,-0.0895919598967582,Abnorml,0.44693779307133,1,2,2,4,1,3,0,3,2,7,1,1,1,3,3,1,0,1,-0.250997476711292,0,201009
1590,80,RL,0.216074820665833,-0.489891942770522,Pave,NONE,Lvl,Inside,Gtl,Edwards,Norm,Norm,1Fam,SLvl,6,6,1975,Plywood,Plywood,None,-0.567015949674981,CBlock,528,0,480,1008,GasA,0.268289832918241,SBrkr,-0.785025043886639,-0.799977004147885,1,0,-1.02736282330994,-0.756321032880405,0.169927088600022,-0.207698474525451,-0.925062116656053,0.623631660646747,Detchd,0.232726140626856,-0.560154364519377,-0.740760408320604,-0.702842766617084,-0.359600750132276,-0.103330530851366,-0.285935458023539,NONE,-0.0895919598967582,Normal,0.44693779307133,1,2,2,2,2,3,2,3,3,7,5,1,2,3,3,3,0,1,-0.250997476711292,0,201009
1591,20,RL,0.18620258416287,-0.476576608839531,Pave,NONE,HLS,Inside,Gtl,Edwards,Norm,Norm,1Fam,1Story,4,5,1958,WdShing,Wd Shng,None,-0.567015949674981,CBlock,0,0,960,960,GasA,0.268289832918241,SBrkr,-0.785025043886639,-1.0687706425537,0,0,-1.02736282330994,-0.756321032880405,0.169927088600022,-0.207698474525451,-0.925062116656053,-0.924311211315714,NONE,-4.15997671587587,-2.19357441132175,-0.740760408320604,-0.702842766617084,-0.359600750132276,-0.103330530851366,-0.285935458023539,MnPrv,-0.0895919598967582,Normal,0.44693779307133,1,2,2,4,2,3,0,0,0,7,1,1,2,3,3,1,0,0,-0.250997476711292,0,201008
1592,30,RL,0.275819293671759,-0.67402398913052,Pave,NONE,Bnk,Inside,Gtl,SWISU,Artery,Norm,1Fam,1Story,5,6,1924,MetalSd,VinylSd,BrkFace,0.568178813705567,BrkTil,133,0,974,1107,GasA,-3.72731232161413,FuseA,-0.785025043886639,-0.404692241786387,0,0,0.781365814350925,-0.756321032880405,-1.04580127322219,-0.207698474525451,-0.925062116656053,0.623631660646747,Detchd,0.241622754007115,-0.987070967660907,-0.740760408320604,-0.702842766617084,0.200856731282355,-0.103330530851366,-0.285935458023539,MnPrv,-0.0895919598967582,Normal,0.44693779307133,1,2,2,1,1,3,4,3,3,7,3,1,2,3,3,2,0,1,-0.250997476711292,0,201008
1593,30,RL,-1.72562055202678,-0.288893806764602,Pave,NONE,Lvl,Corner,Gtl,SWISU,Norm,Norm,1Fam,1Story,6,6,1939,Wd Sdng,Wd Sdng,None,-0.567015949674981,CBlock,238,0,618,856,GasA,0.268289832918241,SBrkr,-0.785025043886639,-1.27431871898168,1,0,-1.02736282330994,-0.756321032880405,-1.04580127322219,-0.207698474525451,-1.56236594448683,0.623631660646747,Detchd,0.152656620204528,-0.342055665088378,-0.740760408320604,-0.702842766617084,-0.359600750132276,-0.103330530851366,2.66912937854042,NONE,-0.0895919598967582,Normal,-2.23744784062252,1,2,2,2,2,3,4,3,3,7,3,1,2,3,3,1,0,1,-0.250997476711292,0,201006
1594,90,RH,0.0667136381510165,-0.376394572596832,Pave,Pave,Lvl,Inside,Gtl,SWISU,Norm,Norm,Duplex,2Story,4,6,1967,Plywood,CBlock,None,-0.567015949674981,Slab,0,0,0,0,GasA,0.268289832918241,SBrkr,3.38642416620169,2.27138559940095,0,0,2.59009445201179,-0.756321032880405,3.81711217406667,4.45593111885755,2.26145702249785,-0.924311211315714,NONE,-4.15997671587587,-2.19357441132175,-0.740760408320604,-0.702842766617084,-0.359600750132276,-0.103330530851366,-0.285935458023539,NONE,0.791768137900632,Normal,0.44693779307133,0,2,2,2,2,0,0,0,0,5,0,0,2,3,3,0,0,0,-4.91413779376274,0,201005
1595,50,RL,-0.202136490375653,-0.0417358464645775,Pave,NONE,Lvl,Inside,Gtl,SWISU,Feedr,Norm,1Fam,1.5Fin,5,2,1931,VinylSd,VinylSd,None,-0.567015949674981,PConc,0,0,894,894,GasA,0.268289832918241,SBrkr,1.01607047635284,0.326584568582383,1,0,-1.02736282330994,-0.756321032880405,0.169927088600022,-0.207698474525451,0.349545539005509,0.623631660646747,NONE,-4.15997671587587,-2.19357441132175,-0.740760408320604,1.60608197098389,-0.359600750132276,-0.103330530851366,-0.285935458023539,NONE,-0.0895919598967582,Normal,0.44693779307133,1,2,2,4,2,2,4,0,0,7,1,1,0,3,3,1,0,0,-0.250997476711292,0,201008
1596,50,RL,0.604413895204355,0.0360003411515923,Pave,NONE,Lvl,Inside,Gtl,Crawfor,Norm,Norm,1Fam,1.5Fin,7,6,1941,Wd Sdng,Wd Sdng,BrkFace,1.5076503420205,BrkTil,426,252,850,1528,GasA,0.268289832918241,SBrkr,1.33336191515151,1.24957448869648,1,0,-1.02736282330994,1.23259887250509,1.38565545042224,-0.207698474525451,0.98684936683629,2.17157453260921,Attchd,0.157104926894657,-0.745770278928738,-0.740760408320604,-0.702842766617084,0.979269899913788,-0.103330530851366,-0.285935458023539,NONE,-0.0895919598967582,Normal,0.44693779307133,1,3,3,4,2,3,3,3,3,7,5,4,2,3,2,1,0,1,0.297607266471232,0,201010
1597,90,RL,0.604413895204355,0.688832141882493,Pave,NONE,Lvl,Inside,Gtl,Crawfor,Norm,Norm,Duplex,2Story,5,6,1950,VinylSd,VinylSd,BrkFace,1.83758379541682,CBlock,375,0,657,1032,GasA,0.268289832918241,SBrkr,1.72297713779398,1.33653713641601,0,0,0.781365814350925,1.23259887250509,2.60138381224446,4.45593111885755,2.89876085032863,-0.924311211315714,Detchd,0.177122307000239,0.0523781530315144,-0.740760408320604,-0.702842766617084,-0.359600750132276,-0.103330530851366,-0.285935458023539,NONE,-0.0895919598967582,Normal,0.44693779307133,1,3,2,4,2,3,0,3,3,7,5,1,2,3,3,1,0,1,-0.250997476711292,0,201006
1598,80,RL,0.813519550725098,1.20178952998593,Pave,NONE,Lvl,FR2,Gtl,Crawfor,Norm,Norm,1Fam,SLvl,7,6,1994,VinylSd,VinylSd,BrkFace,-0.320963882735355,PConc,343,0,80,423,GasA,0.268289832918241,SBrkr,0.978742071788293,0.298914635217079,1,0,0.781365814350925,1.23259887250509,0.169927088600022,-0.207698474525451,-0.287758288825272,-0.924311211315714,BuiltIn,0.274985054183085,0.00133377656894009,-0.740760408320604,-0.702842766617084,-0.359600750132276,-0.103330530851366,-0.285935458023539,NONE,-0.0895919598967582,Normal,0.44693779307133,1,2,2,4,3,3,0,3,3,7,6,1,2,3,2,1,0,2,0.297607266471232,0,201009
1599,120,RM,-0.680092274423065,-0.793988807213548,Pave,NONE,HLS,Inside,Mod,Blueste,Norm,Norm,TwnhsE,1Story,8,6,1989,HdBoard,HdBoard,None,-0.567015949674981,CBlock,747,0,235,982,GasA,0.268289832918241,SBrkr,-0.785025043886639,-0.922515280479949,1,0,-1.02736282330994,-0.756321032880405,-2.26152963504441,-0.207698474525451,-1.56236594448683,0.623631660646747,Attchd,0.263864287457761,0.581383509098193,0.373820796173767,-0.170013981016859,-0.359600750132276,-0.103330530851366,-0.285935458023539,NONE,-0.0895919598967582,Normal,0.44693779307133,1,2,3,3,3,3,3,3,3,7,6,1,2,3,2,4,0,3,0.297607266471232,0,201007
1600,120,RM,-0.680092274423065,-0.793988807213548,Pave,NONE,HLS,Inside,Mod,Blueste,Norm,Norm,TwnhsE,1Story,8,5,1989,HdBoard,HdBoard,None,-0.567015949674981,CBlock,76,0,1115,1191,GasA,0.268289832918241,SBrkr,-0.785025043886639,-0.612216742026174,0,0,0.781365814350925,-0.756321032880405,-1.04580127322219,-0.207698474525451,-0.925062116656053,0.623631660646747,Attchd,0.263864287457761,0.270476852462514,0.144580690284854,0.496022000983423,-0.359600750132276,-0.103330530851366,-0.285935458023539,NONE,-0.0895919598967582,Normal,0.44693779307133,1,2,3,3,3,3,3,3,3,7,6,1,2,3,2,3,0,1,0.297607266471232,0,201006
1601,30,RM,0.00696916514509001,-0.255415252880966,Pave,NONE,Lvl,Inside,Gtl,IDOTRR,Norm,Norm,1Fam,1Story,2,5,1941,Wd Sdng,Wd Sdng,None,-0.567015949674981,BrkTil,480,0,0,480,GasA,0.268289832918241,SBrkr,-0.785025043886639,-1.89886864351285,0,0,-1.02736282330994,-0.756321032880405,-2.26152963504441,-0.207698474525451,-1.56236594448683,-0.924311211315714,Detchd,0.179346460345304,-1.26549483927495,-0.740760408320604,-0.702842766617084,-0.359600750132276,-0.103330530851366,-0.285935458023539,NONE,-0.0895919598967582,Normal,0.44693779307133,1,2,2,2,2,3,0,2,2,7,4,1,0,3,3,1,0,1,-0.250997476711292,0,201007
1602,50,RM,-0.232008726878616,-0.13037792663375,Pave,NONE,HLS,Inside,Gtl,IDOTRR,Norm,Norm,1Fam,1.5Fin,6,5,1921,Wd Sdng,Wd Sdng,None,-0.567015949674981,BrkTil,308,0,321,629,GasA,0.268289832918241,SBrkr,0.101524564521395,-0.778236342218003,0,0,-1.02736282330994,-0.756321032880405,-1.04580127322219,-0.207698474525451,-0.925062116656053,-0.924311211315714,Detchd,0.177122307000239,0.706674251324512,-0.740760408320604,0.126002010983267,-0.359600750132276,-0.103330530851366,3.274383622174,MnPrv,-0.0895919598967582,Normal,0.44693779307133,1,2,2,1,2,3,0,3,3,7,4,1,2,3,3,2,0,1,-0.250997476711292,0,201007
1603,30,C (all),0.245947057168796,-0.184653763990554,Grvl,NONE,Lvl,Corner,Gtl,IDOTRR,Norm,Norm,1Fam,1Story,4,7,1896,Wd Sdng,Wd Sdng,None,-0.567015949674981,CBlock,0,0,756,756,GasA,0.268289832918241,SBrkr,-0.785025043886639,-1.08458203304816,0,0,-1.02736282330994,-0.756321032880405,0.169927088600022,-0.207698474525451,-0.925062116656053,-0.924311211315714,Detchd,0.0570180263667469,-0.662243117444525,-0.740760408320604,-0.702842766617084,3.76598904361432,-0.103330530851366,-0.285935458023539,NONE,-0.0895919598967582,Alloca,0.44693779307133,1,1,1,3,2,3,0,3,3,7,1,1,0,3,3,1,0,2,-0.250997476711292,0,201009
1604,120,RM,-0.411242145896396,-0.806162826807598,Pave,NONE,HLS,Corner,Mod,Crawfor,Artery,Norm,TwnhsE,1Story,8,5,2004,CemntBd,CmentBd,Stone,0.473113242387984,PConc,1373,0,221,1594,GasA,0.268289832918241,SBrkr,-0.785025043886639,0.287056092346234,1,1,0.781365814350925,-0.756321032880405,-1.04580127322219,-0.207698474525451,-0.925062116656053,0.623631660646747,Attchd,0.297226587633731,0.242634465301109,0.271057990085634,0.0815996121832479,-0.359600750132276,-0.103330530851366,2.47331182912956,NONE,-0.0895919598967582,Normal,0.44693779307133,1,2,3,4,3,3,4,3,3,7,6,1,2,3,2,4,0,3,1.66911912442754,0,201008
1605,60,RL,0.813519550725098,0.111834338206192,Pave,NONE,Lvl,Inside,Gtl,Mitchel,Norm,Norm,1Fam,2Story,8,5,1998,VinylSd,VinylSd,None,-0.567015949674981,PConc,615,0,434,1049,GasA,0.268289832918241,SBrkr,1.26803720716355,0.820690521534255,1,0,0.781365814350925,1.23259887250509,0.169927088600022,-0.207698474525451,0.98684936683629,0.623631660646747,Attchd,0.283881667563343,1.24496040311166,-0.740760408320604,0.333213205383354,-0.359600750132276,-0.103330530851366,-0.285935458023539,NONE,-0.0895919598967582,Normal,0.44693779307133,1,2,3,4,3,3,3,3,3,7,6,1,2,3,3,1,0,1,0.297607266471232,0,201008
1606,80,RL,0.484924949192502,-0.0695078286635028,Pave,NONE,Lvl,Inside,Gtl,Mitchel,Norm,Norm,1Fam,SLvl,6,7,1977,Plywood,Plywood,None,-0.567015949674981,CBlock,679,0,564,1243,GasA,0.268289832918241,SBrkr,-0.785025043886639,-0.42643290371627,0,1,0.781365814350925,-0.756321032880405,0.169927088600022,-0.207698474525451,-0.287758288825272,0.623631660646747,Attchd,0.237174447316985,0.00133377656894009,2.22355130576017,-0.318021977016921,-0.359600750132276,-0.103330530851366,-0.285935458023539,GdPrv,0.0514256557508242,Normal,0.44693779307133,1,2,2,2,3,3,2,3,3,7,5,1,2,3,3,1,0,1,-0.250997476711292,0,201008
1607,90,RL,-1.72562055202678,0.328684062225197,Pave,NONE,Lvl,Inside,Gtl,Mitchel,Norm,Norm,Duplex,1Story,6,5,1976,Plywood,Plywood,None,-0.567015949674981,CBlock,0,0,1958,1958,GasA,0.268289832918241,SBrkr,-0.785025043886639,1.08157846469284,0,0,2.59009445201179,-0.756321032880405,2.60138381224446,4.45593111885755,1.62415319466707,-0.924311211315714,2Types,0.234950293971921,1.40737432821985,-0.740760408320604,-0.702842766617084,-0.359600750132276,-0.103330530851366,-0.285935458023539,NONE,-0.0895919598967582,Normal,-2.23744784062252,1,2,2,2,2,3,0,3,3,7,1,1,2,3,2,1,0,1,-0.250997476711292,0,201006
1608,20,RL,0.903136260233988,0.219117885878752,Pave,NONE,Lvl,Corner,Gtl,Timber,Norm,Norm,1Fam,1Story,7,5,2008,VinylSd,VinylSd,Stone,-0.231490403848218,PConc,78,0,1258,1336,GasA,0.268289832918241,SBrkr,-0.785025043886639,-0.305871051196013,1,0,0.781365814350925,-0.756321032880405,0.169927088600022,-0.207698474525451,-0.287758288825272,0.623631660646747,Attchd,0.30612320101399,0.869088176432703,0.0497227154342694,0.00759561418321662,-0.359600750132276,-0.103330530851366,-0.285935458023539,NONE,-0.0895919598967582,Normal,0.44693779307133,1,2,3,4,3,3,3,3,3,7,6,1,2,3,2,1,0,3,0.297607266471232,0,201008
1609,20,RL,0.455052712689539,-0.0463011038123461,Pave,NONE,Lvl,Inside,Gtl,Timber,Norm,Norm,1Fam,1Story,7,5,2009,VinylSd,VinylSd,None,-0.567015949674981,PConc,0,0,1214,1214,GasA,0.268289832918241,SBrkr,-0.785025043886639,-0.566758994354601,0,0,0.781365814350925,-0.756321032880405,-1.04580127322219,-0.207698474525451,-0.287758288825272,-0.924311211315714,Attchd,0.310571507704119,0.219432475999939,-0.740760408320604,-0.332822776616927,-0.359600750132276,-0.103330530851366,-0.285935458023539,NONE,-0.0895919598967582,Partial,0.44693779307133,1,2,3,4,3,3,0,3,3,7,1,1,2,3,3,1,0,2,0.297607266471232,0,201001
1610,60,RL,0.455052712689539,-0.0464279165164507,Pave,NONE,Lvl,Inside,Gtl,Timber,Norm,Norm,1Fam,2Story,5,5,2006,VinylSd,VinylSd,None,-0.567015949674981,PConc,0,0,384,384,GasA,0.268289832918241,SBrkr,0.848092655812372,-0.112181517638879,0,0,0.781365814350925,1.23259887250509,0.169927088600022,-0.207698474525451,0.349545539005509,-0.924311211315714,BuiltIn,0.303899047668925,-0.337415267228144,0.0497227154342694,-0.702842766617084,-0.359600750132276,-0.103330530851366,-0.285935458023539,NONE,-0.0895919598967582,Normal,0.44693779307133,1,2,2,3,2,3,0,3,3,7,1,1,2,3,3,1,0,3,0.297607266471232,0,201007
1611,20,RL,0.813519550725098,0.650788330651088,Pave,NONE,Bnk,Inside,Gtl,Mitchel,Norm,Norm,1Fam,1Story,5,5,1965,Plywood,HdBoard,None,-0.567015949674981,CBlock,42,0,1026,1068,GasA,0.268289832918241,SBrkr,-0.785025043886639,-0.467937803764227,1,0,-1.02736282330994,-0.756321032880405,-1.04580127322219,-0.207698474525451,0.349545539005509,0.623631660646747,Attchd,0.210484607176209,0.256555658881811,-0.740760408320604,-0.702842766617084,-0.359600750132276,-0.103330530851366,-0.285935458023539,NONE,-0.0895919598967582,Normal,0.44693779307133,1,2,2,2,2,3,3,3,3,7,3,1,2,3,3,1,0,1,-0.250997476711292,0,201009
1612,20,RL,1.0524974427488,-0.0068623528357901,Pave,NONE,Lvl,Inside,Gtl,Mitchel,Norm,Norm,1Fam,1Story,5,5,2004,VinylSd,VinylSd,None,-0.567015949674981,PConc,0,0,1430,1430,GasA,0.268289832918241,SBrkr,-0.785025043886639,-0.139851451004184,0,0,0.781365814350925,-0.756321032880405,0.169927088600022,-0.207698474525451,0.349545539005509,-0.924311211315714,Attchd,0.297226587633731,0.702033853464278,-0.740760408320604,-0.702842766617084,-0.359600750132276,-0.103330530851366,-0.285935458023539,NONE,-0.0895919598967582,Normal,0.44693779307133,1,2,2,4,3,3,0,3,3,7,1,1,2,3,3,3,0,2,1.66911912442754,0,201006
1613,20,RL,-1.72562055202678,0.216454819092554,Pave,NONE,Lvl,Inside,Gtl,Mitchel,Norm,Norm,1Fam,1Story,5,5,1999,VinylSd,VinylSd,None,-0.567015949674981,PConc,0,0,1344,1344,GasA,0.268289832918241,SBrkr,-0.785025043886639,-0.309823898819628,0,0,0.781365814350925,-0.756321032880405,0.169927088600022,-0.207698474525451,0.349545539005509,0.623631660646747,Attchd,0.290554127598537,0.989738520798787,1.85202423759538,-0.702842766617084,-0.359600750132276,-0.103330530851366,-0.285935458023539,NONE,-0.0895919598967582,Normal,-2.23744784062252,1,2,2,4,2,3,4,3,3,7,1,1,2,3,3,1,0,1,0.297607266471232,0,201009
1614,120,RM,-0.799581220434918,-0.985856428523932,Pave,NONE,Low,Inside,Mod,MeadowV,Norm,Norm,Twnhs,1Story,5,6,1973,CemntBd,CmentBd,None,-0.567015949674981,CBlock,915,0,30,945,GasA,0.268289832918241,SBrkr,-0.785025043886639,-1.09841699973082,1,1,-1.02736282330994,-0.756321032880405,-1.04580127322219,-0.207698474525451,-0.925062116656053,0.623631660646747,Attchd,0.228277833936727,-1.01955375268255,0.634680227012876,-0.702842766617084,0.512221998734928,-0.103330530851366,1.63663684528313,NONE,-0.0895919598967582,Normal,0.44693779307133,1,2,2,4,2,3,1,3,3,7,6,1,2,3,3,4,0,2,0.297607266471232,0,201008
1615,160,RM,-1.09830358546455,-1.10227049089203,Pave,NONE,Lvl,Inside,Gtl,MeadowV,Norm,Norm,Twnhs,2Story,4,7,1970,CemntBd,CmentBd,None,-0.567015949674981,CBlock,176,0,370,546,GasA,0.268289832918241,SBrkr,0.488806761878589,-0.807882699395115,0,0,-1.02736282330994,1.23259887250509,0.169927088600022,-0.207698474525451,-0.925062116656053,-0.924311211315714,NONE,-4.15997671587587,-2.19357441132175,0.840205839189143,-0.318021977016921,-0.359600750132276,-0.103330530851366,-0.285935458023539,NONE,-0.0895919598967582,Normal,0.44693779307133,1,2,2,4,2,3,0,0,0,7,6,1,2,3,3,1,0,0,-0.250997476711292,0,201006
1616,160,RM,-1.09830358546455,-1.04850190435164,Pave,NONE,Lvl,Inside,Gtl,MeadowV,Norm,Norm,TwnhsE,2Story,4,4,1970,CemntBd,CmentBd,None,-0.567015949674981,CBlock,0,0,546,546,GasA,0.268289832918241,SBrkr,0.488806761878589,-0.807882699395115,0,0,-1.02736282330994,1.23259887250509,0.169927088600022,-0.207698474525451,-0.925062116656053,-0.924311211315714,NONE,-4.15997671587587,-2.19357441132175,-0.740760408320604,-0.702842766617084,-0.359600750132276,-0.103330530851366,-0.285935458023539,NONE,-0.0895919598967582,Normal,0.44693779307133,1,2,2,4,2,3,0,0,0,7,1,1,2,3,3,1,0,0,-0.250997476711292,0,201009
1617,160,RM,-1.09830358546455,-1.04977003139269,Pave,NONE,Lvl,Inside,Gtl,MeadowV,Norm,Norm,TwnhsE,2Story,4,6,1972,CemntBd,CmentBd,None,-0.567015949674981,CBlock,294,0,252,546,GasA,0.268289832918241,SBrkr,0.488806761878589,-0.807882699395115,0,0,-1.02736282330994,1.23259887250509,0.169927088600022,-0.207698474525451,-0.925062116656053,-0.924311211315714,Attchd,0.226053680591662,-0.866420623294823,-0.740760408320604,-0.702842766617084,0.636768105715958,-0.103330530851366,-0.285935458023539,NONE,-0.0895919598967582,Normal,0.44693779307133,1,2,2,2,2,3,0,3,3,7,3,1,2,3,3,1,0,1,-0.250997476711292,0,201009
1618,20,RL,-0.232008726878616,-0.407717310510688,Pave,NONE,Lvl,Inside,Gtl,Mitchel,Norm,Norm,1Fam,1Story,5,7,1971,VinylSd,VinylSd,None,-0.567015949674981,CBlock,469,0,395,864,GasA,0.268289832918241,SBrkr,-0.785025043886639,-1.23874309036915,0,0,-1.02736282330994,-0.756321032880405,0.169927088600022,-0.207698474525451,-0.925062116656053,-0.924311211315714,Detchd,0.223829527246597,-0.560154364519377,-0.740760408320604,-0.702842766617084,-0.359600750132276,-0.103330530851366,-0.285935458023539,NONE,-0.0895919598967582,Normal,0.44693779307133,1,3,2,4,2,3,0,3,3,7,5,1,2,3,3,1,0,1,-0.250997476711292,0,201009
1619,20,RL,0.544669422198429,0.344789275646492,Pave,NONE,Lvl,Inside,Gtl,Mitchel,Norm,Norm,1Fam,1Story,5,7,1984,VinylSd,VinylSd,None,-0.567015949674981,CBlock,207,590,36,833,GasA,0.268289832918241,SBrkr,-0.785025043886639,-1.31977646665325,1,0,-1.02736282330994,-0.756321032880405,-1.04580127322219,-0.207698474525451,-0.925062116656053,-0.924311211315714,Attchd,0.252743520732438,0.103422529494089,2.6662218550629,-0.702842766617084,-0.359600750132276,-0.103330530851366,-0.285935458023539,MnPrv,-0.0895919598967582,Normal,0.44693779307133,1,2,2,2,3,3,0,3,3,7,3,6,2,3,3,2,0,1,0.297607266471232,0,201007
1620,90,RL,0.365436003180649,-0.312988220544491,Pave,NONE,Lvl,Inside,Gtl,Mitchel,Norm,Norm,Duplex,2Story,5,2,1985,HdBoard,HdBoard,None,-0.567015949674981,PConc,0,0,1216,1216,GasA,0.268289832918241,SBrkr,2.05193370301907,1.84052520842692,0,0,4.39882308967266,3.22151877789059,1.38565545042224,4.45593111885755,2.26145702249785,-0.924311211315714,Attchd,0.254967674077503,0.664910670582406,0.840205839189143,-0.702842766617084,-0.359600750132276,-0.103330530851366,-0.285935458023539,NONE,0.96804015746011,Normal,0.44693779307133,1,0,2,3,2,3,0,3,2,7,1,1,2,3,3,1,0,1,-0.250997476711292,0,201005
1621,60,RL,0.156330347659906,0.0389170333459999,Pave,NONE,Lvl,Inside,Gtl,Mitchel,Norm,Norm,1Fam,2Story,5,5,1991,HdBoard,HdBoard,None,-0.567015949674981,PConc,458,0,166,624,GasA,0.268289832918241,SBrkr,0.731441391548157,-0.448173565646152,0,0,-1.02736282330994,1.23259887250509,0.169927088600022,-0.207698474525451,-0.287758288825272,-0.924311211315714,Detchd,0.27276090083802,0.479294756173045,-0.566854121094532,-0.702842766617084,-0.359600750132276,-0.103330530851366,-0.285935458023539,GdWo,-0.0895919598967582,Normal,0.44693779307133,1,2,2,3,2,3,0,3,3,7,3,1,2,3,3,1,0,1,0.297607266471232,0,201006
1622,50,RL,0.305691530174723,0.047667109929223,Pave,NONE,Lvl,Inside,Mod,Mitchel,Norm,Norm,1Fam,1.5Fin,5,5,1969,HdBoard,HdBoard,None,-0.567015949674981,CBlock,476,0,388,864,GasA,0.268289832918241,SBrkr,0.649785506563206,-0.0430066842256169,0,0,0.781365814350925,-0.756321032880405,2.60138381224446,-0.207698474525451,0.98684936683629,-0.924311211315714,Attchd,0.219381220556468,-0.917464999757397,1.52792615685588,-0.702842766617084,3.99951299420375,-0.103330530851366,-0.285935458023539,NONE,-0.0895919598967582,Normal,0.44693779307133,1,2,2,2,2,3,0,3,3,7,4,1,2,3,2,3,0,3,-0.250997476711292,0,201007
1623,20,RL,0.544669422198429,-0.0350147731470294,Pave,NONE,Lvl,Inside,Mod,Mitchel,Norm,Norm,1Fam,1Story,8,5,1994,VinylSd,VinylSd,None,-0.567015949674981,PConc,1341,284,54,1679,GasA,0.268289832918241,SBrkr,-0.785025043886639,0.597354630800009,1,1,0.781365814350925,1.23259887250509,0.169927088600022,-0.207698474525451,-0.287758288825272,2.17157453260921,Attchd,0.274985054183085,0.0430973573110463,0.278962821323183,0.244408407783317,3.09655371859128,-0.103330530851366,-0.285935458023539,GdWo,-0.0895919598967582,Normal,0.44693779307133,1,3,3,4,3,4,3,3,3,7,6,2,2,3,3,4,0,1,0.297607266471232,0,201005
1624,60,RL,0.484924949192502,0.354173415750238,Pave,NONE,Lvl,Inside,Gtl,Mitchel,Norm,Norm,1Fam,2Story,6,5,1993,VinylSd,VinylSd,None,-0.567015949674981,PConc,944,0,208,1152,GasA,0.268289832918241,SBrkr,0.719776265121735,0.585496087929164,1,0,0.781365814350925,1.23259887250509,0.169927088600022,-0.207698474525451,0.349545539005509,0.623631660646747,Attchd,0.27276090083802,0.664910670582406,0.539822252162291,3.91500670858487,-0.359600750132276,-0.103330530851366,-0.285935458023539,NONE,-0.0895919598967582,Normal,0.44693779307133,1,3,3,4,3,3,2,3,3,7,6,1,2,3,3,2,0,3,0.297607266471232,0,201006
1625,20,RL,0.484924949192502,0.360133612843158,Pave,NONE,Lvl,Inside,Gtl,NAmes,Norm,Norm,1Fam,1Story,6,5,1956,MetalSd,MetalSd,None,-0.567015949674981,CBlock,564,0,318,882,GasA,0.268289832918241,SBrkr,-0.785025043886639,-1.22293169987469,0,0,-1.02736282330994,-0.756321032880405,-1.04580127322219,-0.207698474525451,-0.925062116656053,-0.924311211315714,Attchd,0.190467227070627,0.135905314515727,-0.740760408320604,-0.702842766617084,-0.359600750132276,-0.103330530851366,-0.285935458023539,NONE,-0.0895919598967582,Normal,0.44693779307133,1,2,2,2,2,2,0,3,3,7,3,1,2,3,2,1,0,1,-0.799602219893816,0,200902
1626,20,RL,0.813519550725098,0.00404353971721251,Pave,NONE,Lvl,Inside,Gtl,NAmes,Norm,Norm,1Fam,1Story,6,5,1974,Plywood,Plywood,BrkFace,1.89350471972128,CBlock,844,0,590,1434,GasA,0.268289832918241,SBrkr,-0.785025043886639,-0.131945755756954,1,0,0.781365814350925,-0.756321032880405,1.38565545042224,-0.207698474525451,0.349545539005509,0.623631660646747,Attchd,0.230501987281791,0.256555658881811,-0.108373909316705,-0.392025975016952,-0.359600750132276,-0.103330530851366,-0.285935458023539,NONE,-0.0895919598967582,Normal,0.44693779307133,1,2,2,2,2,3,4,3,3,7,2,1,2,3,3,1,0,2,-0.250997476711292,0,200909
1627,60,RL,0.903136260233988,0.0013804729310142,Pave,NONE,Lvl,Corner,Gtl,Gilbert,Norm,Norm,1Fam,2Story,6,5,1997,VinylSd,VinylSd,None,-0.567015949674981,PConc,847,0,98,945,GasA,0.268289832918241,SBrkr,0.761770720256853,0.211951987497549,0,0,0.781365814350925,1.23259887250509,0.169927088600022,-0.207698474525451,0.349545539005509,0.623631660646747,Attchd,0.281657514218279,-0.012587417011762,1.25125706354168,-0.258818778616896,-0.359600750132276,-0.103330530851366,-0.285935458023539,NONE,-0.0895919598967582,Normal,0.44693779307133,1,2,2,4,2,3,3,3,3,7,5,1,2,3,2,1,0,3,0.297607266471232,0,200910
1628,60,RL,-1.72562055202678,0.205929364651866,Pave,NONE,Lvl,Inside,Gtl,Gilbert,Norm,Norm,1Fam,2Story,8,5,2003,VinylSd,VinylSd,BrkFace,0.484297427248876,PConc,850,0,158,1008,GasA,0.268289832918241,SBrkr,2.18958219485084,1.5460380604676,0,0,0.781365814350925,1.23259887250509,1.38565545042224,-0.207698474525451,1.62415319466707,0.623631660646747,BuiltIn,0.295002434288667,0.73915703634615,0.207819340185244,-0.0220059850167959,-0.359600750132276,-0.103330530851366,-0.285935458023539,NONE,-0.0895919598967582,Normal,-2.23744784062252,1,2,3,4,3,3,4,3,3,7,6,1,2,3,2,4,0,3,0.297607266471232,0,200911
1629,80,RL,0.0667136381510165,-0.224219327671214,Pave,NONE,Lvl,Inside,Gtl,Gilbert,Norm,Norm,1Fam,SLvl,7,5,1996,HdBoard,HdBoard,BrkFace,-0.388068991900707,PConc,284,0,100,384,GasA,0.268289832918241,SBrkr,0.778101897253843,0.251480463733699,0,0,0.781365814350925,1.23259887250509,0.169927088600022,-0.207698474525451,0.349545539005509,0.623631660646747,BuiltIn,0.279433360873214,-0.383819245830484,-0.361328508918265,0.362814804583367,-0.359600750132276,-0.103330530851366,-0.285935458023539,NONE,0.774140935944684,Normal,0.44693779307133,1,2,2,3,2,3,3,3,3,7,6,1,2,3,3,1,0,3,0.297607266471232,0,200909
1630,120,RL,-0.889197929943808,-0.364220553002783,Pave,NONE,Lvl,CulDSac,Gtl,StoneBr,Norm,Norm,TwnhsE,1Story,8,5,2004,CemntBd,CmentBd,None,-0.567015949674981,PConc,1965,0,243,2208,GasA,0.268289832918241,SBrkr,-0.785025043886639,2.01840335148959,1,0,0.781365814350925,-0.756321032880405,-2.26152963504441,-0.207698474525451,0.98684936683629,0.623631660646747,Attchd,0.297226587633731,0.423609981850236,0.697918876913265,0.140802810583273,-0.359600750132276,-0.103330530851366,-0.285935458023539,NONE,-0.0895919598967582,Normal,0.44693779307133,1,2,3,4,3,3,4,3,3,7,6,1,2,3,2,3,0,3,1.66911912442754,0,200903
1631,120,RL,0.0965858746539798,-0.353568285857989,Pave,NONE,Lvl,Corner,Gtl,StoneBr,Norm,Norm,1Fam,1Story,8,5,1998,CemntBd,CmentBd,None,-0.567015949674981,PConc,341,0,1077,1418,GasA,0.268289832918241,SBrkr,-0.785025043886639,-0.0449831080374244,1,0,0.781365814350925,-0.756321032880405,-1.04580127322219,-0.207698474525451,-0.925062116656053,-0.924311211315714,Attchd,0.283881667563343,0.103422529494089,0.587251239587583,-0.0664083838168147,-0.359600750132276,-0.103330530851366,-0.285935458023539,NONE,-0.0895919598967582,Normal,0.44693779307133,1,2,2,4,2,3,0,3,3,7,6,1,2,3,2,3,0,3,0.297607266471232,0,200910
1632,120,RL,-0.0229030713578732,-0.273295844159726,Pave,NONE,Lvl,Corner,Gtl,StoneBr,Norm,Norm,TwnhsE,1Story,8,5,1995,CemntBd,CmentBd,None,-0.567015949674981,PConc,741,0,846,1587,GasA,0.268289832918241,SBrkr,-0.785025043886639,0.460981387785293,1,0,0.781365814350925,-0.756321032880405,-1.04580127322219,-0.207698474525451,-0.287758288825272,-0.924311211315714,Attchd,0.277209207528149,0.256555658881811,-0.32970918396807,0.0371972133832291,-0.359600750132276,-0.103330530851366,-0.285935458023539,NONE,-0.0895919598967582,Normal,0.44693779307133,1,2,3,4,3,3,0,3,3,7,6,1,2,3,2,1,0,2,0.297607266471232,0,200912
1633,80,RL,-0.0229030713578732,-0.157896283424466,Pave,NONE,Lvl,Inside,Gtl,Gilbert,Norm,Norm,1Fam,SLvl,7,5,1998,VinylSd,VinylSd,None,-0.567015949674981,PConc,189,0,195,384,GasA,0.268289832918241,SBrkr,0.687113911127755,-0.234719793970943,0,0,0.781365814350925,1.23259887250509,0.169927088600022,-0.207698474525451,0.349545539005509,0.623631660646747,BuiltIn,0.283881667563343,-0.35597685866908,1.28287638849187,-0.702842766617084,-0.359600750132276,-0.103330530851366,-0.285935458023539,NONE,-0.0895919598967582,Normal,0.44693779307133,1,2,3,3,2,3,3,3,3,7,6,1,2,3,2,1,0,3,0.297607266471232,0,200905
1634,60,RL,0.0667136381510165,-0.338350761365428,Pave,NONE,Lvl,Inside,Gtl,Gilbert,Norm,Norm,1Fam,2Story,6,5,1998,VinylSd,VinylSd,None,-0.567015949674981,PConc,476,0,476,952,GasA,0.268289832918241,SBrkr,0.810764251247823,0.267291854228159,1,0,0.781365814350925,1.23259887250509,0.169927088600022,-0.207698474525451,0.349545539005509,0.623631660646747,Attchd,0.283881667563343,-0.151799352818783,-0.740760408320604,0.540424399783442,-0.359600750132276,-0.103330530851366,-0.285935458023539,NONE,-0.0895919598967582,Normal,0.44693779307133,1,2,3,3,2,3,3,3,3,7,6,1,2,3,3,1,0,3,0.297607266471232,0,200902
1635,60,RL,-1.72562055202678,-0.173113807917028,Pave,NONE,Lvl,Inside,Gtl,Gilbert,Norm,Norm,1Fam,2Story,6,5,1994,HdBoard,HdBoard,None,-0.567015949674981,PConc,600,0,107,707,GasA,0.268289832918241,SBrkr,1.10239241190836,0.0301209968112601,1,0,0.781365814350925,1.23259887250509,0.169927088600022,-0.207698474525451,0.349545539005509,0.623631660646747,Attchd,0.274985054183085,-0.295651686486037,-0.740760408320604,-0.0220059850167959,-0.359600750132276,-0.103330530851366,-0.285935458023539,NONE,-0.0895919598967582,Normal,-2.23744784062252,1,2,2,3,3,3,3,3,3,7,6,1,2,3,2,1,0,3,0.297607266471232,0,200910
1636,20,RL,0.00696916514509001,-0.370053937391598,Pave,NONE,Lvl,Inside,Gtl,Gilbert,Norm,Norm,1Fam,1Story,6,5,1993,HdBoard,HdBoard,BrkFace,-0.315371790304909,PConc,0,0,1181,1181,GasA,0.268289832918241,SBrkr,-0.785025043886639,-0.614193165837981,0,0,0.781365814350925,-0.756321032880405,0.169927088600022,-0.207698474525451,-0.287758288825272,0.623631660646747,Attchd,0.27276090083802,-0.198203331421123,-0.740760408320604,-0.392025975016952,-0.359600750132276,-0.103330530851366,-0.285935458023539,NONE,-0.0895919598967582,Normal,0.44693779307133,1,2,2,4,3,3,3,3,3,7,1,1,2,3,3,1,0,1,0.297607266471232,0,200903
1637,60,RL,0.813519550725098,0.219625136695171,Pave,NONE,Lvl,Inside,Gtl,Gilbert,Norm,Norm,1Fam,2Story,5,6,1977,HdBoard,Wd Sdng,BrkFace,0.310942561905049,PConc,400,0,722,1122,GasA,0.268289832918241,SBrkr,1.52000393797425,0.85626615014679,1,0,0.781365814350925,1.23259887250509,0.169927088600022,-0.207698474525451,-0.287758288825272,0.623631660646747,Attchd,0.237174447316985,0.437531175430938,-0.740760408320604,1.90209796298402,-0.359600750132276,-0.103330530851366,3.274383622174,NONE,-0.0895919598967582,Normal,0.44693779307133,1,2,2,4,2,3,3,3,3,7,5,1,1,3,3,1,0,1,0.297607266471232,0,200910
1638,60,RL,-1.72562055202678,0.390822287236491,Pave,NONE,Lvl,Inside,Gtl,NWAmes,RRNn,Norm,1Fam,2Story,7,6,1978,HdBoard,HdBoard,BrkFace,0.864559712519207,CBlock,0,0,832,832,GasA,0.268289832918241,SBrkr,1.30536561172809,1.08553131231646,0,0,0.781365814350925,1.23259887250509,1.38565545042224,-0.207698474525451,0.98684936683629,0.623631660646747,Attchd,0.23939860066205,0.261196056742045,0.776967189288753,2.13891075658412,-0.359600750132276,-0.103330530851366,-0.285935458023539,NONE,-0.0895919598967582,Abnorml,-2.23744784062252,1,2,2,2,3,3,3,3,3,7,1,1,2,3,2,1,0,2,0.297607266471232,0,200908
1639,20,RL,0.664158368210282,0.0963631883054207,Pave,NONE,Lvl,Inside,Gtl,NWAmes,Norm,Norm,1Fam,1Story,6,6,1978,VinylSd,VinylSd,BrkFace,-0.00221461419992995,PConc,363,0,1064,1427,GasA,0.268289832918241,SBrkr,-0.785025043886639,0.336466687641421,0,0,0.781365814350925,-0.756321032880405,0.169927088600022,-0.207698474525451,0.349545539005509,0.623631660646747,Attchd,0.23939860066205,0.0523781530315144,1.25125706354168,0.11120121138326,-0.359600750132276,-0.103330530851366,-0.285935458023539,NONE,-0.0895919598967582,Normal,0.44693779307133,1,2,2,2,2,3,3,3,3,7,2,1,2,3,3,1,0,2,-0.250997476711292,0,200911
1640,60,RL,-1.72562055202678,0.281509736298256,Pave,NONE,Lvl,Inside,Gtl,NWAmes,Norm,Norm,1Fam,2Story,7,7,1980,Plywood,Plywood,BrkFace,0.713573216897164,CBlock,602,0,441,1043,GasA,0.268289832918241,SBrkr,1.86062562962576,2.31684334707252,0,0,0.781365814350925,1.23259887250509,1.38565545042224,-0.207698474525451,1.62415319466707,0.623631660646747,BuiltIn,0.243846907352179,-0.147158954958549,0.666299551963071,0.540424399783442,-0.359600750132276,-0.103330530851366,-0.285935458023539,NONE,-0.0895919598967582,Normal,-2.23744784062252,1,2,2,2,3,3,3,3,3,7,5,1,2,3,2,1,0,2,0.297607266471232,0,200911
1641,20,RL,0.664158368210282,0.11665322096217,Pave,NONE,Lvl,Inside,Gtl,NWAmes,Norm,Norm,1Fam,1Story,6,5,1978,HdBoard,HdBoard,BrkFace,0.23824536030925,PConc,832,0,308,1140,GasA,0.268289832918241,SBrkr,-0.785025043886639,0.40761794486649,0,0,0.781365814350925,-0.756321032880405,0.169927088600022,-0.207698474525451,0.349545539005509,0.623631660646747,Attchd,0.23939860066205,0.0291761637303442,-0.740760408320604,-0.702842766617084,-0.359600750132276,-0.103330530851366,-0.285935458023539,NONE,-0.0895919598967582,Normal,0.44693779307133,1,2,2,3,2,3,3,3,3,7,5,1,2,3,3,1,0,3,-0.250997476711292,0,200908
1642,60,FV,0.365436003180649,-0.401757113417768,Pave,NONE,Lvl,Inside,Gtl,Somerst,Norm,Norm,1Fam,2Story,7,5,2003,CemntBd,CmentBd,None,-0.567015949674981,PConc,622,0,304,926,GasA,0.268289832918241,SBrkr,1.24004090374013,0.757444959556416,1,0,0.781365814350925,1.23259887250509,0.169927088600022,-0.207698474525451,0.349545539005509,0.623631660646747,Attchd,0.295002434288667,0.502496745474215,-0.740760408320604,-0.184814780616865,-0.359600750132276,-0.103330530851366,-0.285935458023539,NONE,-0.0895919598967582,Normal,0.44693779307133,1,2,3,4,4,3,5,3,3,7,6,1,2,3,3,2,0,2,0.297607266471232,0,200909
1643,60,FV,-1.72562055202678,-0.338350761365428,Pave,NONE,Lvl,Inside,Gtl,Somerst,RRNn,Norm,1Fam,2Story,8,5,2000,VinylSd,VinylSd,None,-0.567015949674981,PConc,0,0,1058,1058,GasA,0.268289832918241,SBrkr,1.11872358890535,0.737680721438341,0,0,0.781365814350925,1.23259887250509,0.169927088600022,-0.207698474525451,0.349545539005509,0.623631660646747,Attchd,0.288329974253473,0.534979530495853,-0.740760408320604,1.28046437978375,-0.359600750132276,-0.103330530851366,-0.285935458023539,NONE,-0.0895919598967582,Normal,-2.23744784062252,1,2,3,4,3,3,3,3,3,7,1,1,2,3,3,1,0,3,0.297607266471232,0,200906
1644,60,FV,-1.72562055202678,-0.215342438383887,Pave,NONE,Lvl,Corner,Gtl,Somerst,Norm,Norm,1Fam,2Story,8,5,2002,VinylSd,VinylSd,None,-0.567015949674981,PConc,225,276,471,972,GasA,0.268289832918241,SBrkr,1.17238317046689,0.613166021294469,0,0,0.781365814350925,1.23259887250509,0.169927088600022,-0.207698474525451,0.349545539005509,0.623631660646747,Attchd,0.292778280943602,0.42825037971047,1.03782662012786,0.00759561418321662,-0.359600750132276,-0.103330530851366,-0.285935458023539,NONE,-0.0895919598967582,Normal,-2.23744784062252,1,2,3,4,3,3,4,3,3,7,6,5,2,3,3,1,0,2,0.297607266471232,0,200902
1645,20,RL,-1.72562055202678,-0.100830566577359,Pave,NONE,Lvl,CulDSac,Gtl,NWAmes,PosN,Norm,1Fam,1Story,5,7,1975,HdBoard,HdBoard,BrkFace,0.333310931626833,CBlock,1333,168,120,1621,GasA,0.268289832918241,SBrkr,-0.785025043886639,0.237645497051046,1,0,0.781365814350925,-0.756321032880405,0.169927088600022,-0.207698474525451,0.349545539005509,2.17157453260921,Attchd,0.232726140626856,0.0245357658701102,-0.740760408320604,-0.702842766617084,-0.359600750132276,-0.103330530851366,8.43684628846044,NONE,-0.0895919598967582,Normal,-2.23744784062252,1,2,2,2,2,3,2,3,3,7,5,2,2,3,2,3,0,2,0.297607266471232,0,200909
1646,20,RL,0.604413895204355,-0.00356522252906838,Pave,NONE,Lvl,Inside,Gtl,NWAmes,Norm,Norm,1Fam,1Story,6,6,1974,Plywood,Plywood,BrkFace,0.529034166692444,CBlock,888,0,228,1116,GasA,0.268289832918241,SBrkr,-0.785025043886639,-0.760448527911735,1,0,0.781365814350925,-0.756321032880405,0.169927088600022,-0.207698474525451,-0.287758288825272,0.623631660646747,Attchd,0.230501987281791,0.256555658881811,-0.740760408320604,-0.702842766617084,-0.359600750132276,-0.103330530851366,-0.285935458023539,GdWo,-0.0895919598967582,Normal,0.44693779307133,1,2,2,4,2,3,3,3,3,7,5,1,2,3,3,1,0,2,-0.250997476711292,0,200907
1647,20,RL,0.813519550725098,0.111834338206192,Pave,NONE,Lvl,Corner,Gtl,NWAmes,Norm,Norm,1Fam,1Story,7,5,1975,Plywood,Plywood,None,-0.567015949674981,CBlock,636,0,540,1176,GasA,0.268289832918241,SBrkr,-0.785025043886639,-0.608263894402559,0,0,0.781365814350925,-0.756321032880405,0.169927088600022,-0.207698474525451,-0.925062116656053,0.623631660646747,Attchd,0.232726140626856,0.154466905956663,-0.424567158818655,-0.702842766617084,-0.359600750132276,-0.103330530851366,-0.285935458023539,NONE,-0.0895919598967582,Normal,0.44693779307133,1,2,2,1,2,3,3,3,3,7,5,1,2,3,2,1,0,1,-0.250997476711292,0,200911
1648,20,RL,-1.72562055202678,-0.296502569010883,Pave,NONE,Lvl,Inside,Gtl,NAmes,Norm,Norm,1Fam,1Story,5,5,1970,HdBoard,HdBoard,None,-0.567015949674981,CBlock,0,0,1180,1180,GasA,0.268289832918241,SBrkr,-0.785025043886639,-0.633957403956056,0,0,-1.02736282330994,1.23259887250509,-1.04580127322219,-0.207698474525451,-0.287758288825272,-0.924311211315714,Attchd,0.221605373901533,0.0198953680098762,-0.740760408320604,-0.0368067846168022,-0.359600750132276,-0.103330530851366,-0.285935458023539,NONE,-0.0895919598967582,Normal,-2.23744784062252,1,2,2,2,2,3,0,3,3,7,1,1,2,3,2,1,0,2,-0.250997476711292,0,200906
1649,20,RL,-1.72562055202678,-0.210269930219699,Pave,NONE,Lvl,Inside,Gtl,NAmes,Norm,Norm,1Fam,1Story,5,7,1971,Plywood,Plywood,BrkFace,0.428376502944416,CBlock,500,0,543,1043,GasA,0.268289832918241,SBrkr,-0.785025043886639,-0.890892499491029,1,0,-1.02736282330994,1.23259887250509,0.169927088600022,-0.207698474525451,-0.287758288825272,-0.924311211315714,Attchd,0.223829527246597,-0.634400730283121,-0.740760408320604,-0.702842766617084,-0.359600750132276,-0.103330530851366,-0.285935458023539,NONE,-0.0895919598967582,Normal,-2.23744784062252,1,2,2,4,2,3,0,3,3,7,5,1,2,3,2,1,0,1,0.297607266471232,0,200910
1650,20,RL,0.0667136381510165,-0.396938230661791,Pave,NONE,Lvl,Inside,Gtl,NAmes,Norm,Norm,1Fam,1Story,4,6,1970,VinylSd,VinylSd,None,-0.567015949674981,CBlock,726,0,138,864,GasA,0.268289832918241,SBrkr,-0.785025043886639,-1.25850732848722,1,0,-1.02736282330994,-0.756321032880405,0.169927088600022,-0.207698474525451,-0.925062116656053,-0.924311211315714,Detchd,0.290554127598537,0.479294756173045,0.91925415156463,-0.702842766617084,-0.359600750132276,-0.103330530851366,-0.285935458023539,GdPrv,-0.0895919598967582,Abnorml,0.44693779307133,1,2,2,2,2,3,0,3,3,7,5,1,2,3,3,1,0,1,-0.250997476711292,0,200912
1651,20,RL,0.0667136381510165,-0.148131705208405,Pave,NONE,Lvl,FR2,Gtl,NAmes,Norm,Norm,1Fam,1Story,4,7,1971,VinylSd,VinylSd,None,-0.567015949674981,CBlock,240,0,624,864,GasA,0.268289832918241,SBrkr,-0.785025043886639,-1.25850732848722,0,0,-1.02736282330994,-0.756321032880405,0.169927088600022,-0.207698474525451,-0.925062116656053,-0.924311211315714,Detchd,0.257191827422567,0.479294756173045,0.840205839189143,-0.702842766617084,-0.359600750132276,-0.103330530851366,-0.285935458023539,GdWo,-0.0895919598967582,Normal,0.44693779307133,1,3,2,3,2,3,0,3,3,7,5,1,2,3,3,1,0,1,-0.250997476711292,0,200910
1652,160,RM,-1.09830358546455,-1.07640069925467,Pave,NONE,Lvl,Inside,Gtl,BrDale,Norm,Norm,Twnhs,2Story,6,5,1973,HdBoard,HdBoard,BrkFace,2.25139863526983,CBlock,254,0,229,483,GasA,0.268289832918241,SBrkr,0.390819699896649,-1.0154071996349,1,0,-1.02736282330994,1.23259887250509,-1.04580127322219,-0.207698474525451,-0.925062116656053,-0.924311211315714,Detchd,0.228277833936727,-0.968509376219971,-0.740760408320604,-0.702842766617084,-0.359600750132276,-0.103330530851366,-0.285935458023539,NONE,-0.0895919598967582,Normal,0.44693779307133,1,2,2,2,2,3,0,3,3,7,4,1,2,3,3,1,0,1,-0.250997476711292,0,200910
1653,160,RM,-1.09830358546455,-1.07640069925467,Pave,NONE,Lvl,Inside,Gtl,BrDale,Norm,Norm,Twnhs,2Story,6,6,1972,HdBoard,HdBoard,BrkFace,1.80962333326459,CBlock,110,294,79,483,GasA,0.268289832918241,SBrkr,0.390819699896649,-1.0154071996349,1,0,-1.02736282330994,1.23259887250509,-1.04580127322219,-0.207698474525451,-0.925062116656053,-0.924311211315714,Detchd,0.226053680591662,-0.857139827574354,-0.740760408320604,-0.702842766617084,-0.359600750132276,-0.103330530851366,-0.285935458023539,NONE,-0.0895919598967582,Normal,0.44693779307133,1,2,2,2,2,3,0,3,3,7,3,2,2,3,3,1,0,1,-0.250997476711292,0,200910
1654,160,RL,-1.00868687595566,-0.996762321076934,Pave,NONE,Lvl,FR2,Gtl,NPkVill,Norm,Norm,TwnhsE,2Story,6,5,1976,Plywood,Brk Cmn,None,-0.567015949674981,CBlock,306,0,498,804,GasA,0.268289832918241,SBrkr,0.950745768364881,0.0933665587890998,0,0,0.781365814350925,1.23259887250509,0.169927088600022,-0.207698474525451,0.349545539005509,0.623631660646747,Detchd,0.234950293971921,-0.151799352818783,0.112961365334659,-0.702842766617084,-0.359600750132276,-0.103330530851366,-0.285935458023539,NONE,-0.0895919598967582,Normal,0.44693779307133,1,2,2,2,2,3,3,3,3,7,5,1,2,3,3,1,0,2,0.297607266471232,0,200912
1655,120,RL,-1.00868687595566,-1.00031307679187,Pave,NONE,Lvl,FR2,Gtl,NPkVill,Norm,Norm,Twnhs,1Story,7,5,1975,Plywood,Brk Cmn,None,-0.567015949674981,CBlock,435,622,0,1057,GasA,0.268289832918241,SBrkr,-0.785025043886639,-0.881010380431992,0,1,0.781365814350925,-0.756321032880405,-1.04580127322219,-0.207698474525451,-1.56236594448683,0.623631660646747,Attchd,0.232726140626856,-0.151799352818783,-0.740760408320604,-0.303221177416915,-0.359600750132276,-0.103330530851366,-0.285935458023539,NONE,-0.0895919598967582,Normal,0.44693779307133,1,2,2,2,2,3,2,3,3,7,5,2,2,3,3,1,0,2,0.297607266471232,0,200911
1656,160,RL,-1.00868687595566,-0.991563000208642,Pave,NONE,Lvl,Inside,Gtl,NPkVill,Norm,Norm,Twnhs,2Story,6,5,1977,Plywood,Brk Cmn,None,-0.567015949674981,CBlock,389,0,466,855,GasA,0.268289832918241,SBrkr,0.617123152569226,-0.0884644318971892,0,0,0.781365814350925,1.23259887250509,0.169927088600022,-0.207698474525451,-0.287758288825272,0.623631660646747,Attchd,0.237174447316985,-0.151799352818783,-0.740760408320604,-0.288420377816909,-0.359600750132276,-0.103330530851366,-0.285935458023539,NONE,-0.0895919598967582,Normal,0.44693779307133,1,2,2,2,2,3,3,3,3,7,5,1,2,3,3,1,0,1,0.297607266471232,0,200908
1657,160,RL,-1.00868687595566,-0.989660809647072,Pave,NONE,Lvl,Inside,Gtl,NPkVill,Norm,Norm,TwnhsE,2Story,6,5,1978,Plywood,Brk Cmn,None,-0.567015949674981,CBlock,320,0,484,804,GasA,0.268289832918241,SBrkr,0.950745768364881,0.0933665587890998,0,1,0.781365814350925,1.23259887250509,0.169927088600022,-0.207698474525451,0.349545539005509,0.623631660646747,Detchd,0.23939860066205,-0.151799352818783,0.112961365334659,-0.702842766617084,-0.359600750132276,-0.103330530851366,-0.285935458023539,NONE,-0.0895919598967582,Normal,0.44693779307133,1,2,2,2,2,3,3,3,3,7,5,1,2,3,3,1,0,1,0.297607266471232,0,200910
1658,160,RL,-1.00868687595566,-0.989660809647072,Pave,NONE,Lvl,Inside,Gtl,NPkVill,Norm,Norm,TwnhsE,2Story,6,5,1978,Plywood,Brk Cmn,None,-0.567015949674981,CBlock,279,0,576,855,GasA,0.268289832918241,SBrkr,0.617123152569226,-0.0884644318971892,0,0,0.781365814350925,1.23259887250509,0.169927088600022,-0.207698474525451,-0.287758288825272,0.623631660646747,Attchd,0.23939860066205,-0.151799352818783,0.42124978359906,-0.702842766617084,-0.359600750132276,-0.103330530851366,-0.285935458023539,NONE,-0.0895919598967582,Normal,0.44693779307133,1,2,3,2,2,3,3,3,3,7,5,1,2,3,3,1,0,3,0.297607266471232,0,200907
1659,120,RL,-1.00868687595566,-1.02263211271429,Pave,NONE,Lvl,Inside,Gtl,NPkVill,Norm,Norm,TwnhsE,1Story,7,6,1976,Plywood,Brk Cmn,None,-0.567015949674981,CBlock,536,0,300,836,GasA,0.268289832918241,SBrkr,-0.785025043886639,-1.31384719521783,0,1,-1.02736282330994,-0.756321032880405,-1.04580127322219,-0.207698474525451,-0.925062116656053,-0.924311211315714,Attchd,0.234950293971921,-0.592637149541015,0.444964277311706,-0.406826774616959,-0.359600750132276,-0.103330530851366,-0.285935458023539,NONE,-0.0895919598967582,Normal,0.44693779307133,1,2,2,2,2,3,0,3,3,7,5,1,2,3,3,1,0,1,-0.250997476711292,0,200902
1660,20,RL,-1.72562055202678,0.0687180188106001,Pave,NONE,Lvl,Inside,Gtl,NAmes,Norm,Norm,1Fam,1Story,5,7,1966,HdBoard,HdBoard,BrkFace,0.355679301348617,PConc,644,0,220,864,GasA,0.268289832918241,SBrkr,-0.785025043886639,-0.752542832664505,0,1,-1.02736282330994,-0.756321032880405,0.169927088600022,-0.207698474525451,-0.925062116656053,0.623631660646747,Attchd,0.212708760521274,0.850526584991767,-0.740760408320604,1.69488676858393,-0.359600750132276,-0.103330530851366,-0.285935458023539,NONE,2.02567227481698,Normal,-2.23744784062252,1,2,3,4,2,3,3,3,3,7,4,1,2,3,3,1,0,2,-0.250997476711292,0,200910
1661,60,RL,1.56032546329918,0.518522680269906,Pave,NONE,Lvl,Inside,Gtl,NridgHt,PosN,Norm,1Fam,2Story,9,5,2007,VinylSd,VinylSd,Stone,3.49284315482885,PConc,1360,0,416,1776,GasA,0.268289832918241,SBrkr,1.49667368512141,2.51250930444147,1,0,2.59009445201179,1.23259887250509,1.38565545042224,-0.207698474525451,2.26145702249785,3.71951740457167,BuiltIn,0.303899047668925,1.3052855752947,0.326391808748475,0.244408407783317,-0.359600750132276,-0.103330530851366,-0.285935458023539,NONE,-0.0895919598967582,Normal,0.44693779307133,1,2,4,4,4,3,4,3,3,7,6,1,2,3,3,1,0,3,1.66911912442754,0,200909
1662,60,RL,1.11224191575473,0.276690853542278,Pave,NONE,Lvl,Inside,Gtl,NridgHt,Norm,Norm,1Fam,2Story,9,5,2009,VinylSd,VinylSd,None,-0.567015949674981,PConc,986,0,379,1365,GasA,0.268289832918241,SBrkr,2.30623345911506,2.35044255187325,1,0,0.781365814350925,1.23259887250509,0.169927088600022,-0.207698474525451,0.98684936683629,0.623631660646747,Attchd,0.308347354359055,1.81572933992044,-0.740760408320604,2.21291475458415,-0.359600750132276,-0.103330530851366,-0.285935458023539,NONE,-0.0895919598967582,Partial,0.44693779307133,1,2,3,4,4,3,4,3,3,7,6,1,2,3,3,1,0,2,1.66911912442754,0,200910
1663,20,RL,1.11224191575473,0.276690853542278,Pave,NONE,Lvl,Inside,Gtl,NridgHt,Norm,Norm,1Fam,1Story,9,5,2008,VinylSd,VinylSd,Stone,1.94942564402574,PConc,1232,0,788,2020,GasA,0.268289832918241,SBrkr,-0.785025043886639,1.02623859796223,1,0,0.781365814350925,-0.756321032880405,0.169927088600022,-0.207698474525451,0.349545539005509,0.623631660646747,Attchd,0.30612320101399,1.96422207144793,0.776967189288753,0.74763559418353,-0.359600750132276,-0.103330530851366,-0.285935458023539,NONE,-0.0895919598967582,Normal,0.44693779307133,1,2,4,4,4,3,4,3,3,7,6,1,2,3,3,3,0,2,1.66911912442754,0,200908
1664,20,RL,1.41096428078436,0.447000315154865,Pave,NONE,Lvl,Inside,Gtl,NridgHt,PosA,PosA,1Fam,1Story,10,5,2007,VinylSd,VinylSd,Stone,2.07245167749555,PConc,2288,0,342,2630,GasA,0.268289832918241,SBrkr,-0.785025043886639,2.31881977088433,2,0,0.781365814350925,1.23259887250509,-1.04580127322219,-0.207698474525451,0.98684936683629,2.17157453260921,Attchd,0.303899047668925,1.34240875817657,2.10497883719694,0.0371972133832291,-0.359600750132276,-0.103330530851366,-0.285935458023539,NONE,-0.0895919598967582,Normal,0.44693779307133,1,2,4,4,4,3,4,3,3,7,6,1,2,3,3,4,0,3,1.66911912442754,0,200906
1665,20,RL,1.11224191575473,0.178791445973464,Pave,NONE,Lvl,Inside,Gtl,NridgHt,Norm,Norm,1Fam,1Story,9,5,2008,VinylSd,VinylSd,Stone,1.12179596431973,PConc,0,0,1736,1736,GasA,0.268289832918241,SBrkr,-0.785025043886639,0.464934235408908,0,0,0.781365814350925,-0.756321032880405,0.169927088600022,-0.207698474525451,0.349545539005509,0.623631660646747,Attchd,0.30612320101399,1.67651740411342,1.78088075645744,0.62922919738348,-0.359600750132276,-0.103330530851366,-0.285935458023539,NONE,-0.0895919598967582,Normal,0.44693779307133,1,2,4,4,4,3,4,3,3,7,1,1,2,3,3,1,0,2,1.66911912442754,0,200910
1666,20,RL,2.12789795685548,0.849884276095438,Pave,NONE,Lvl,FR3,Gtl,NridgHt,Norm,Norm,1Fam,1Story,8,5,2004,VinylSd,VinylSd,BrkFace,0.763902048771178,PConc,1531,0,251,1782,GasA,0.268289832918241,SBrkr,-0.785025043886639,0.555849730752052,1,0,0.781365814350925,-0.756321032880405,0.169927088600022,-0.207698474525451,0.349545539005509,2.17157453260921,Attchd,0.297226587633731,2.13127639441636,0.0418178841967206,0.51082280058343,-0.359600750132276,-0.103330530851366,-0.285935458023539,NONE,-0.0895919598967582,Normal,0.44693779307133,1,2,3,4,3,3,4,3,3,7,6,1,2,3,2,4,0,3,1.66911912442754,0,200907
1667,60,RL,0.0368414016480533,1.66567040160085,Pave,NONE,Lvl,CulDSac,Gtl,NridgHt,Norm,Norm,1Fam,2Story,8,5,2007,VinylSd,VinylSd,Stone,-0.45517410106606,PConc,1230,0,278,1508,GasA,0.268289832918241,SBrkr,1.57599654482107,2.01445050386598,1,0,0.781365814350925,1.23259887250509,2.60138381224446,-0.207698474525451,2.26145702249785,0.623631660646747,BuiltIn,0.303899047668925,0.776280219228022,0.776967189288753,3.33777552418463,-0.359600750132276,-0.103330530851366,-0.285935458023539,NONE,-0.0895919598967582,Family,0.44693779307133,1,2,3,4,4,3,4,3,3,7,6,1,2,3,0,3,0,3,1.66911912442754,0,200909
1668,20,RL,0.873264023731024,0.0252212613026943,Pave,NONE,Lvl,Inside,Gtl,NridgHt,Norm,Norm,1Fam,1Story,9,5,2008,VinylSd,VinylSd,Stone,1.0211383005717,PConc,1015,0,724,1739,GasA,0.268289832918241,SBrkr,-0.785025043886639,0.47876920209156,1,0,0.781365814350925,-0.756321032880405,0.169927088600022,-0.207698474525451,0.98684936683629,0.623631660646747,Attchd,0.30612320101399,2.10807440511519,0.587251239587583,-0.0368067846168022,-0.359600750132276,-0.103330530851366,-0.285935458023539,NONE,-0.0895919598967582,Normal,0.44693779307133,1,2,4,4,4,3,4,3,3,7,6,1,2,3,2,2,0,2,1.66911912442754,0,200909
1669,20,RL,0.574541658701392,0.0892616768755585,Pave,NONE,Lvl,Inside,Gtl,NridgHt,Norm,Norm,1Fam,1Story,9,5,2006,VinylSd,VinylSd,Stone,0.115219326839437,PConc,1037,0,467,1504,GasA,0.268289832918241,SBrkr,-0.785025043886639,0.0597673539883725,1,0,0.781365814350925,-0.756321032880405,-1.04580127322219,-0.207698474525451,-0.287758288825272,0.623631660646747,Attchd,0.301674894323861,1.05470409084206,0.713728539388363,0.0667988125832417,-0.359600750132276,-0.103330530851366,-0.285935458023539,NONE,-0.0895919598967582,Normal,0.44693779307133,1,2,3,4,4,4,4,3,3,7,6,1,2,3,2,3,0,3,1.66911912442754,0,200905
1670,20,RL,1.32134757127547,0.424300841120127,Pave,NONE,Lvl,Corner,Gtl,NridgHt,Norm,Norm,1Fam,1Story,9,5,2008,VinylSd,VinylSd,None,1.02673039300214,PConc,1142,0,632,1774,GasA,0.268289832918241,SBrkr,-0.785025043886639,0.607236749859047,1,0,0.781365814350925,-0.756321032880405,0.169927088600022,-0.207698474525451,0.349545539005509,0.623631660646747,Attchd,0.30612320101399,1.75076376987717,0.840205839189143,-0.318021977016921,-0.359600750132276,-0.103330530851366,-0.285935458023539,NONE,-0.0895919598967582,Normal,0.44693779307133,1,2,4,4,4,3,4,3,3,7,6,1,2,3,2,1,0,3,1.66911912442754,0,200906
1671,20,RL,0.962880733239914,0.34364796130955,Pave,NONE,Lvl,Corner,Gtl,NridgHt,Norm,Norm,1Fam,1Story,7,5,2003,VinylSd,VinylSd,BrkFace,1.77047868625147,PConc,1262,0,498,1760,GasA,0.268289832918241,SBrkr,-0.785025043886639,0.512368406892287,1,0,0.781365814350925,-0.756321032880405,0.169927088600022,-0.207698474525451,0.98684936683629,0.623631660646747,Attchd,0.295002434288667,0.511777541194683,0.563536745874937,2.10930915738411,-0.359600750132276,-0.103330530851366,-0.285935458023539,NONE,-0.0895919598967582,Normal,0.44693779307133,1,2,3,4,3,3,4,3,3,7,5,1,2,3,2,1,0,3,0.297607266471232,0,200909
1672,20,RL,1.56032546329918,0.647491200344367,Pave,NONE,Lvl,Corner,Gtl,NridgHt,Norm,Norm,1Fam,1Story,9,5,2003,VinylSd,VinylSd,BrkFace,3.48165896996796,PConc,1972,0,480,2452,GasA,0.268289832918241,SBrkr,-0.785025043886639,1.88005368466307,2,0,0.781365814350925,-0.756321032880405,0.169927088600022,-0.207698474525451,2.26145702249785,0.623631660646747,Attchd,0.295002434288667,1.91781809284559,-0.740760408320604,1.01404998698364,-0.359600750132276,-0.103330530851366,-0.285935458023539,MnPrv,-0.0895919598967582,Normal,0.44693779307133,1,2,3,4,4,3,4,3,3,7,6,1,2,3,2,1,0,3,1.66911912442754,0,200910
1673,60,RL,1.14211415225769,0.392344039685747,Pave,NONE,Lvl,Inside,Gtl,NridgHt,Norm,Norm,1Fam,2Story,8,5,2003,VinylSd,VinylSd,Stone,0.473113242387984,PConc,0,0,1082,1082,GasA,0.268289832918241,SBrkr,2.23624270055653,1.77727964644908,0,0,2.59009445201179,1.23259887250509,1.38565545042224,-0.207698474525451,2.26145702249785,0.623631660646747,BuiltIn,0.295002434288667,1.19391602664908,0.160390352759952,-0.110810782616833,-0.359600750132276,-0.103330530851366,-0.285935458023539,NONE,-0.0895919598967582,Normal,0.44693779307133,1,2,3,4,3,3,4,3,3,7,1,1,2,3,2,1,0,3,0.297607266471232,0,200909
1674,20,RL,0.365436003180649,-0.0646889459075249,Pave,NONE,Lvl,Inside,Gtl,NridgHt,Norm,Norm,1Fam,1Story,8,5,2006,VinylSd,VinylSd,Stone,1.57475545118586,PConc,0,0,1598,1598,GasA,0.268289832918241,SBrkr,-0.785025043886639,0.207999139873934,0,0,0.781365814350925,-0.756321032880405,0.169927088600022,-0.207698474525451,-0.287758288825272,0.623631660646747,Attchd,0.301674894323861,1.84821212494208,1.0773507763156,0.185205209383292,-0.359600750132276,-0.103330530851366,-0.285935458023539,NONE,-0.0895919598967582,Normal,0.44693779307133,1,2,3,3,3,3,4,3,3,7,1,1,2,3,2,1,0,2,0.297607266471232,0,200910
1675,120,RL,-0.321625436387506,-0.413931133011818,Pave,NONE,Lvl,Inside,Gtl,NridgHt,Norm,Norm,TwnhsE,1Story,6,5,2005,VinylSd,VinylSd,Stone,0.77508623363207,PConc,836,0,522,1358,GasA,0.268289832918241,SBrkr,-0.785025043886639,-0.282153965454323,0,0,0.781365814350925,-0.756321032880405,-1.04580127322219,-0.207698474525451,-0.287758288825272,0.623631660646747,Attchd,0.299450740978796,0.0523781530315144,0.776967189288753,-0.170013981016859,-0.359600750132276,-0.103330530851366,-0.285935458023539,NONE,-0.0895919598967582,Normal,0.44693779307133,1,2,3,4,3,3,4,3,3,7,5,1,2,3,2,3,0,2,0.297607266471232,0,200911
1676,120,RL,-0.709964510926028,-0.63991137172636,Pave,NONE,Lvl,Inside,Gtl,NridgHt,Norm,Norm,Twnhs,1Story,6,5,2005,VinylSd,VinylSd,Stone,0.187916528435236,PConc,881,0,425,1306,GasA,0.268289832918241,SBrkr,-0.785025043886639,-0.384928003668312,1,0,0.781365814350925,-0.756321032880405,-2.26152963504441,-0.207698474525451,-0.925062116656053,0.623631660646747,Attchd,0.299450740978796,0.702033853464278,0.603060902062681,0.229607608183311,-0.359600750132276,-0.103330530851366,-0.285935458023539,NONE,-0.0895919598967582,Normal,0.44693779307133,1,2,3,4,3,3,4,3,3,7,6,1,2,3,2,3,0,2,0.297607266471232,0,200906
1677,120,RL,0.664158368210282,0.0176124990564134,Pave,NONE,Lvl,Inside,Gtl,NridgHt,Norm,Norm,TwnhsE,1Story,7,5,2007,VinylSd,VinylSd,Stone,0.417192318083524,PConc,876,0,474,1350,GasA,0.268289832918241,SBrkr,-0.785025043886639,-0.282153965454323,1,0,0.781365814350925,-0.756321032880405,-1.04580127322219,-0.207698474525451,-0.287758288825272,0.623631660646747,Attchd,0.30612320101399,0.0523781530315144,0.776967189288753,-0.318021977016921,-0.359600750132276,-0.103330530851366,-0.285935458023539,NONE,-0.0895919598967582,Normal,0.44693779307133,1,2,3,4,3,3,4,3,3,7,6,1,2,3,2,1,0,2,0.297607266471232,0,200908
1678,20,RL,1.26160309826955,0.591947235946516,Pave,NONE,HLS,Inside,Mod,NridgHt,Norm,Norm,1Fam,1Story,10,5,2004,CemntBd,CmentBd,Stone,3.51521152455063,PConc,2146,0,346,2492,GasA,0.268289832918241,SBrkr,-0.785025043886639,1.95911063713537,1,0,0.781365814350925,1.23259887250509,-1.04580127322219,-0.207698474525451,0.98684936683629,0.623631660646747,Attchd,0.297226587633731,2.21016315804034,1.04573145136541,2.77534513938439,-0.359600750132276,-0.103330530851366,-0.285935458023539,NONE,-0.0895919598967582,Abnorml,0.44693779307133,1,2,4,4,4,3,5,3,3,7,6,1,2,3,2,4,0,3,1.66911912442754,0,200905
1679,20,RL,1.76943111881992,0.64596944789511,Pave,NONE,Lvl,Corner,Gtl,NridgHt,Norm,Norm,1Fam,1Story,8,5,2003,VinylSd,VinylSd,BrkFace,2.06126749263466,PConc,1557,0,643,2200,GasA,0.268289832918241,SBrkr,-0.785025043886639,1.38199488408758,1,0,0.781365814350925,1.23259887250509,0.169927088600022,-0.207698474525451,0.98684936683629,0.623631660646747,Attchd,0.295002434288667,0.985098122938553,0.903444489089533,0.11120121138326,-0.359600750132276,-0.103330530851366,-0.285935458023539,NONE,-0.0895919598967582,Normal,0.44693779307133,1,2,3,4,4,3,4,3,3,7,6,1,2,3,2,4,0,3,1.66911912442754,0,200910
1680,120,RL,-0.411242145896396,-0.352300158816943,Pave,NONE,Lvl,Inside,Gtl,NridgHt,Norm,Norm,TwnhsE,1Story,9,5,2008,MetalSd,MetalSd,BrkFace,1.1553485189024,PConc,800,0,1084,1884,GasA,0.268289832918241,SBrkr,-0.785025043886639,0.757444959556416,1,0,0.781365814350925,-0.756321032880405,-1.04580127322219,-0.207698474525451,-0.287758288825272,0.623631660646747,Attchd,0.30612320101399,0.818043799970128,1.08525560755315,0.62922919738348,-0.359600750132276,-0.103330530851366,-0.285935458023539,NONE,-0.0895919598967582,Partial,0.44693779307133,1,2,4,4,4,3,4,3,3,7,6,1,2,3,2,1,0,3,1.66911912442754,0,200908
1681,120,RL,-0.291753199884543,-0.46871422118504,Pave,NONE,Lvl,Inside,Gtl,NridgHt,Norm,Norm,TwnhsE,1Story,9,5,2008,VinylSd,VinylSd,BrkFace,2.22903026554804,PConc,0,0,1451,1451,GasA,0.268289832918241,SBrkr,-0.785025043886639,-0.0884644318971892,0,0,0.781365814350925,-0.756321032880405,-1.04580127322219,-0.207698474525451,-0.287758288825272,0.623631660646747,Attchd,0.30612320101399,0.307600035344386,0.776967189288753,-0.0812091834168209,-0.359600750132276,-0.103330530851366,-0.285935458023539,NONE,-0.0895919598967582,Normal,0.44693779307133,1,2,4,4,4,3,4,3,3,7,1,1,2,3,3,1,0,2,1.66911912442754,0,200907
1682,20,RL,2.12789795685548,0.83720300568497,Pave,NONE,Lvl,Corner,Gtl,NridgHt,Norm,Norm,1Fam,1Story,8,5,2002,VinylSd,VinylSd,BrkFace,0.942849006545452,PConc,1196,0,516,1712,GasA,0.268289832918241,SBrkr,-0.785025043886639,0.417500063925528,1,0,0.781365814350925,-0.756321032880405,0.169927088600022,-0.207698474525451,0.98684936683629,0.623631660646747,Attchd,0.292778280943602,1.0593444887023,0.98249280146502,2.00570356018406,-0.359600750132276,-0.103330530851366,-0.285935458023539,NONE,-0.0895919598967582,Normal,0.44693779307133,1,2,3,4,3,3,4,3,3,7,6,1,2,3,3,4,0,2,1.66911912442754,0,200912
1683,120,RL,-0.291753199884543,-0.848137831866247,Pave,NONE,Lvl,Inside,Gtl,NridgHt,Norm,Norm,TwnhsE,1Story,7,5,2003,VinylSd,VinylSd,Stone,0.344495116487725,PConc,0,0,1405,1405,GasA,0.268289832918241,SBrkr,-0.785025043886639,-0.189262046299371,0,0,0.781365814350925,-0.756321032880405,-1.04580127322219,-0.207698474525451,-0.287758288825272,0.623631660646747,Attchd,0.295002434288667,0.0245357658701102,0.429154614836609,-0.170013981016859,-0.359600750132276,-0.103330530851366,-0.285935458023539,NONE,-0.0895919598967582,Normal,0.44693779307133,1,2,3,4,3,3,3,3,3,7,1,1,2,3,3,1,0,2,0.297607266471232,0,200903
1684,60,RL,0.156330347659906,0.0963631883054207,Pave,NONE,Lvl,Inside,Gtl,Gilbert,RRAn,Norm,1Fam,2Story,7,5,2005,VinylSd,VinylSd,None,-0.567015949674981,PConc,0,0,728,728,GasA,0.268289832918241,SBrkr,0.913417363800332,-0.0884644318971892,0,0,0.781365814350925,1.23259887250509,0.169927088600022,-0.207698474525451,0.98684936683629,0.623631660646747,Attchd,0.299450740978796,-0.383819245830484,0.0497227154342694,-0.702842766617084,-0.359600750132276,-0.103330530851366,-0.285935458023539,NONE,-0.0895919598967582,Normal,0.44693779307133,1,2,3,4,3,4,4,3,3,7,1,1,2,3,3,1,0,3,0.297607266471232,0,200909
1685,60,RL,-0.0229030713578732,-0.158530346944989,Pave,NONE,Lvl,Inside,Gtl,Gilbert,Norm,Norm,1Fam,2Story,6,5,2005,VinylSd,VinylSd,None,-0.567015949674981,PConc,0,0,745,745,GasA,0.268289832918241,SBrkr,0.953078793650165,-0.0212660222957346,0,0,0.781365814350925,1.23259887250509,0.169927088600022,-0.207698474525451,0.349545539005509,0.623631660646747,Attchd,0.299450740978796,-0.374538450110016,-0.45618648376885,-0.406826774616959,-0.359600750132276,-0.103330530851366,-0.285935458023539,NONE,-0.0895919598967582,Normal,0.44693779307133,1,2,3,4,3,3,4,3,3,7,1,1,2,3,2,3,0,3,0.297607266471232,0,200910
1686,120,RL,-0.441114382399359,-0.885928017689443,Pave,NONE,Lvl,Inside,Gtl,Blmngtn,Norm,Norm,TwnhsE,1Story,7,5,2005,VinylSd,VinylSd,BrkFace,-0.477542470787844,PConc,16,0,1204,1220,GasA,0.268289832918241,SBrkr,-0.785025043886639,-0.554900451483756,0,0,0.781365814350925,-0.756321032880405,-1.04580127322219,-0.207698474525451,-0.925062116656053,0.623631660646747,Attchd,0.299450740978796,-0.351336460808846,0.0497227154342694,-0.466029973016984,-0.359600750132276,-0.103330530851366,-0.285935458023539,NONE,-0.0895919598967582,Normal,0.44693779307133,1,2,3,4,3,3,4,3,3,7,6,1,2,3,3,3,0,3,0.297607266471232,0,200911
1687,80,RL,0.0368414016480533,-0.0930949916269735,Pave,NONE,Lvl,Inside,Gtl,Gilbert,Norm,Norm,1Fam,SLvl,7,5,2004,WdShing,Wd Shng,None,-0.567015949674981,PConc,0,0,384,384,GasA,0.268289832918241,SBrkr,0.684780885842471,-0.250531184465403,0,0,0.781365814350925,1.23259887250509,0.169927088600022,-0.207698474525451,-0.287758288825272,0.623631660646747,BuiltIn,0.297226587633731,-0.337415267228144,0.0497227154342694,-0.702842766617084,-0.359600750132276,-0.103330530851366,-0.285935458023539,NONE,-0.0895919598967582,Normal,0.44693779307133,1,2,3,4,3,3,4,3,3,7,1,1,2,3,2,2,0,3,0.297607266471232,0,200911
1688,60,RL,0.126458111156943,-0.276973412578762,Pave,NONE,Lvl,Inside,Gtl,Gilbert,Norm,Norm,1Fam,2Story,7,5,2004,VinylSd,VinylSd,BrkFace,0.551402536414229,PConc,0,0,868,868,GasA,0.268289832918241,SBrkr,0.992740223499998,0.255433311357314,0,0,0.781365814350925,1.23259887250509,0.169927088600022,-0.207698474525451,0.349545539005509,0.623631660646747,BuiltIn,0.297226587633731,-0.170360944259719,0.207819340185244,0.00759561418321662,-0.359600750132276,-0.103330530851366,-0.285935458023539,NONE,-0.0895919598967582,Normal,0.44693779307133,1,2,3,4,3,3,4,3,3,7,1,1,2,3,2,1,0,3,0.297607266471232,0,200912
1689,60,RL,0.0965858746539798,-0.00546741309063861,Pave,NONE,Lvl,Inside,Gtl,Gilbert,Norm,Norm,1Fam,2Story,7,5,2004,VinylSd,VinylSd,None,-0.567015949674981,PConc,0,0,846,846,GasA,0.268289832918241,SBrkr,0.960077869506018,0.184282054132244,0,0,0.781365814350925,1.23259887250509,0.169927088600022,-0.207698474525451,0.349545539005509,0.623631660646747,Attchd,0.297226587633731,-0.179641739980187,1.63068896294402,0.00759561418321662,-0.359600750132276,-0.103330530851366,-0.285935458023539,MnPrv,-0.0895919598967582,Normal,0.44693779307133,1,2,3,4,3,3,4,3,3,7,1,1,2,3,2,2,0,3,0.297607266471232,0,200910
1690,60,RL,-1.72562055202678,-0.152570149852069,Pave,NONE,Lvl,Inside,Gtl,Gilbert,Norm,Norm,1Fam,2Story,7,5,2003,VinylSd,VinylSd,None,-0.567015949674981,PConc,652,0,130,782,GasA,0.268289832918241,SBrkr,0.808431225962539,-0.023242446107542,1,0,0.781365814350925,1.23259887250509,0.169927088600022,-0.207698474525451,0.98684936683629,0.623631660646747,Attchd,0.295002434288667,-0.337415267228144,-0.740760408320604,0.407217203383386,-0.359600750132276,-0.103330530851366,-0.285935458023539,NONE,-0.0895919598967582,Normal,-2.23744784062252,1,2,3,4,3,3,4,3,3,7,6,1,2,3,2,1,0,3,0.297607266471232,0,200909
1691,60,RL,-1.72562055202678,-0.252878998798872,Pave,NONE,Lvl,Inside,Gtl,Gilbert,Norm,Norm,1Fam,2Story,7,5,2003,VinylSd,VinylSd,None,-0.567015949674981,PConc,494,0,204,698,GasA,0.268289832918241,SBrkr,0.717443239836451,-0.313776746443243,1,0,0.781365814350925,1.23259887250509,0.169927088600022,-0.207698474525451,0.349545539005509,0.623631660646747,Attchd,0.295002434288667,-0.369898052249782,0.0497227154342694,0.126002010983267,-0.359600750132276,-0.103330530851366,-0.285935458023539,NONE,-0.0895919598967582,Normal,-2.23744784062252,1,2,3,4,3,3,3,3,3,7,6,1,2,3,2,1,0,3,0.297607266471232,0,200908
1692,60,RL,-1.72562055202678,0.345296526462911,Pave,NONE,Lvl,Corner,Gtl,Gilbert,Norm,Norm,1Fam,2Story,8,5,2002,VinylSd,VinylSd,NONE,-0.567015949674981,PConc,651,0,219,870,GasA,0.268289832918241,SBrkr,1.84196142734348,0.994615816973314,1,0,0.781365814350925,1.23259887250509,1.38565545042224,-0.207698474525451,0.98684936683629,0.623631660646747,BuiltIn,0.292778280943602,0.794841810668958,-0.740760408320604,0.00759561418321662,-0.359600750132276,-0.103330530851366,-0.285935458023539,NONE,-0.0895919598967582,Normal,-2.23744784062252,1,2,3,4,3,3,4,3,3,7,6,1,2,3,2,1,0,3,1.66911912442754,0,200910
1693,80,RL,0.0965858746539798,-0.0550511803955691,Pave,NONE,Lvl,Inside,Gtl,Gilbert,RRAn,Norm,1Fam,SLvl,7,5,2004,VinylSd,VinylSd,None,-0.567015949674981,PConc,241,113,30,384,GasA,0.268289832918241,SBrkr,0.684780885842471,-0.250531184465403,0,0,0.781365814350925,1.23259887250509,0.169927088600022,-0.207698474525451,0.349545539005509,-0.924311211315714,BuiltIn,0.297226587633731,-0.337415267228144,-0.740760408320604,-0.702842766617084,-0.359600750132276,-0.103330530851366,-0.285935458023539,NONE,-0.0895919598967582,Normal,0.44693779307133,1,2,3,4,3,3,0,3,3,7,6,3,2,3,2,2,0,3,0.297607266471232,0,200908
1694,60,RL,-0.470986618902322,-0.22003450843576,Pave,NONE,Lvl,Inside,Gtl,Gilbert,Norm,Norm,1Fam,2Story,6,5,2000,VinylSd,VinylSd,None,-0.567015949674981,PConc,683,0,111,794,GasA,0.268289832918241,SBrkr,0.83642752938595,0.0261681491876452,1,0,0.781365814350925,1.23259887250509,0.169927088600022,-0.207698474525451,0.349545539005509,0.623631660646747,Attchd,0.288329974253473,-0.365257654389548,-0.740760408320604,0.362814804583367,-0.359600750132276,-0.103330530851366,-0.285935458023539,NONE,-0.0895919598967582,Normal,0.44693779307133,1,2,2,4,2,3,3,3,3,7,6,1,2,3,2,1,0,3,0.297607266471232,0,200909
1695,80,RL,0.126458111156943,-0.306647585339257,Pave,NONE,Lvl,Inside,Gtl,Gilbert,Norm,Norm,1Fam,SLvl,7,5,1999,VinylSd,VinylSd,None,-0.567015949674981,PConc,0,0,384,384,GasA,0.268289832918241,SBrkr,0.745439543259863,-0.139851451004184,0,0,0.781365814350925,1.23259887250509,0.169927088600022,-0.207698474525451,0.349545539005509,0.623631660646747,BuiltIn,0.286105820908408,-0.337415267228144,-0.740760408320604,-0.702842766617084,-0.359600750132276,-0.103330530851366,-0.285935458023539,NONE,-0.0895919598967582,Normal,0.44693779307133,1,2,2,4,2,3,3,3,3,7,1,1,2,3,3,1,0,2,0.297607266471232,0,200906
1696,60,RL,-1.72562055202678,0.726368702297479,Pave,NONE,Lvl,CulDSac,Gtl,Gilbert,RRNn,Norm,1Fam,2Story,7,5,1999,VinylSd,VinylSd,BrkFace,0.607323460718689,PConc,913,0,264,1177,GasA,0.268289832918241,SBrkr,1.75563949178797,1.60335435101002,1,0,0.781365814350925,1.23259887250509,1.38565545042224,-0.207698474525451,0.98684936683629,0.623631660646747,BuiltIn,0.286105820908408,0.859807380712235,1.61487930046892,-0.702842766617084,-0.359600750132276,-0.103330530851366,-0.285935458023539,NONE,-0.0895919598967582,Normal,-2.23744784062252,1,2,3,4,3,3,3,3,3,7,5,1,2,3,1,1,0,3,0.297607266471232,0,200908
1697,80,RL,0.18620258416287,-0.294219940336998,Pave,NONE,Lvl,Inside,Gtl,Gilbert,Norm,Norm,1Fam,SLvl,7,6,1999,VinylSd,VinylSd,None,-0.567015949674981,PConc,0,0,384,384,GasA,0.268289832918241,SBrkr,0.745439543259863,-0.139851451004184,0,0,0.781365814350925,1.23259887250509,0.169927088600022,-0.207698474525451,0.349545539005509,0.623631660646747,BuiltIn,0.286105820908408,-0.291011288625803,-0.740760408320604,-0.702842766617084,-0.359600750132276,-0.103330530851366,-0.285935458023539,NONE,-0.0895919598967582,Normal,0.44693779307133,1,2,2,4,2,3,3,3,3,7,1,1,2,3,2,1,0,3,-0.250997476711292,0,200909
1698,60,RL,1.44083651728733,0.32361155406101,Pave,NONE,Lvl,Inside,Gtl,NoRidge,Norm,Norm,1Fam,2Story,8,5,2000,VinylSd,VinylSd,BrkFace,0.271797914891926,PConc,1173,0,282,1455,GasA,0.268289832918241,SBrkr,2.06359882944549,2.34451328043783,1,0,0.781365814350925,1.23259887250509,1.38565545042224,-0.207698474525451,2.26145702249785,2.17157453260921,BuiltIn,0.288329974253473,1.56514785546781,1.25125706354168,-0.258818778616896,-0.359600750132276,-0.103330530851366,-0.285935458023539,NONE,-0.0895919598967582,Normal,0.44693779307133,1,2,3,4,3,3,3,3,3,7,6,1,2,3,3,2,0,2,0.297607266471232,0,200912
1699,20,RL,-1.72562055202678,0.0737905269747874,Pave,NONE,Lvl,CulDSac,Gtl,NoRidge,Norm,Norm,1Fam,1Story,8,5,1994,Wd Sdng,Wd Sdng,BrkFace,2.97837065122781,PConc,236,1526,262,2024,GasA,0.268289832918241,SBrkr,-0.785025043886639,1.11122482186996,1,0,0.781365814350925,-0.756321032880405,0.169927088600022,-0.207698474525451,0.349545539005509,2.17157453260921,Attchd,0.274985054183085,1.58834984476898,0.697918876913265,0.126002010983267,-0.359600750132276,-0.103330530851366,-0.285935458023539,NONE,-0.0895919598967582,Normal,-2.23744784062252,1,2,3,4,3,3,4,3,3,7,4,6,2,3,2,3,0,3,0.297607266471232,0,200909
1700,60,RL,0.634286131707318,-0.137352625359507,Pave,NONE,Lvl,Inside,Gtl,NoRidge,Norm,Norm,1Fam,2Story,7,5,1995,VinylSd,VinylSd,BrkFace,1.03232248543259,PConc,816,0,254,1070,GasA,0.268289832918241,SBrkr,1.47101040698328,1.10727197424634,1,0,0.781365814350925,1.23259887250509,0.169927088600022,-0.207698474525451,0.349545539005509,0.623631660646747,Attchd,0.277209207528149,0.80876300424966,1.59906963799382,0.806838792583555,2.89416629474711,-0.103330530851366,-0.285935458023539,NONE,-0.0895919598967582,Normal,0.44693779307133,1,2,3,4,3,3,3,3,3,7,6,1,2,3,3,1,0,3,0.297607266471232,0,200903
1701,60,RL,-1.72562055202678,0.193248094241397,Pave,NONE,Lvl,Inside,Gtl,NoRidge,Norm,Norm,1Fam,2Story,8,5,1993,HdBoard,HdBoard,BrkFace,1.51324243445095,PConc,624,0,549,1173,GasA,0.268289832918241,SBrkr,1.5876616712475,1.44524044606542,1,0,0.781365814350925,1.23259887250509,0.169927088600022,-0.207698474525451,0.98684936683629,0.623631660646747,Attchd,0.27276090083802,0.697393455604044,0.626775395775327,1.73928916738395,-0.359600750132276,-0.103330530851366,-0.285935458023539,NONE,-0.0895919598967582,Normal,-2.23744784062252,1,2,3,4,3,3,3,3,3,7,6,1,2,3,2,1,0,2,0.297607266471232,0,200902
1702,20,RL,0.843391787228061,0.130095367597266,Pave,NONE,Lvl,Inside,Gtl,Somerst,PosN,Norm,1Fam,1Story,8,5,2008,VinylSd,VinylSd,Stone,0.77508623363207,PConc,0,0,1696,1696,GasA,0.268289832918241,SBrkr,-0.785025043886639,0.385877282936608,0,0,0.781365814350925,-0.756321032880405,0.169927088600022,-0.207698474525451,0.349545539005509,-0.924311211315714,Attchd,0.30612320101399,2.31689230882572,0.207819340185244,0.126002010983267,-0.359600750132276,-0.103330530851366,-0.285935458023539,NONE,-0.0895919598967582,Normal,0.44693779307133,1,2,3,4,3,3,0,3,3,7,1,1,2,3,2,2,0,2,0.297607266471232,0,200912
1703,20,RL,0.604413895204355,0.0048044159418406,Pave,NONE,Lvl,Inside,Gtl,Somerst,PosN,Norm,1Fam,1Story,8,5,2008,VinylSd,VinylSd,BrkFace,1.07705922487616,PConc,0,0,1614,1614,GasA,0.268289832918241,SBrkr,-0.785025043886639,0.310773178087923,0,0,0.781365814350925,1.23259887250509,0.169927088600022,-0.207698474525451,0.349545539005509,0.623631660646747,Attchd,0.30612320101399,1.17535443520815,0.397535289886414,-0.0516075842168084,-0.359600750132276,-0.103330530851366,-0.285935458023539,NONE,-0.0895919598967582,Normal,0.44693779307133,1,2,3,4,3,3,4,3,3,7,1,1,2,3,3,1,0,3,0.297607266471232,0,200912
1704,20,RL,0.813519550725098,-0.0048333495701152,Pave,NONE,Lvl,Inside,Gtl,Somerst,Norm,Norm,1Fam,1Story,8,5,2007,VinylSd,VinylSd,Stone,0.886928082240991,PConc,1294,0,408,1702,GasA,0.268289832918241,SBrkr,-0.785025043886639,0.397735825807453,1,0,0.781365814350925,-0.756321032880405,0.169927088600022,-0.207698474525451,0.349545539005509,0.623631660646747,Attchd,0.303899047668925,1.72292138271576,-0.740760408320604,0.318412405783348,-0.359600750132276,-0.103330530851366,-0.285935458023539,NONE,-0.0895919598967582,Normal,0.44693779307133,1,2,3,4,3,3,4,3,3,7,6,1,2,3,3,3,0,2,0.297607266471232,0,200906
1705,20,RL,0.544669422198429,-0.130504739337855,Pave,NONE,Lvl,Inside,Gtl,Somerst,Norm,Norm,1Fam,1Story,8,5,2006,VinylSd,VinylSd,Stone,0.584955090996905,PConc,379,0,1043,1422,GasA,0.268289832918241,SBrkr,-0.785025043886639,-0.135898603380569,0,0,0.781365814350925,-0.756321032880405,0.169927088600022,-0.207698474525451,0.349545539005509,0.623631660646747,Attchd,0.301674894323861,0.0895013359133866,1.60697446923137,0.0371972133832291,-0.359600750132276,-0.103330530851366,-0.285935458023539,NONE,-0.0895919598967582,Normal,0.44693779307133,1,2,3,4,3,3,4,3,3,7,6,1,2,3,2,3,0,3,1.66911912442754,0,200912
1706,20,RL,0.813519550725098,0.121725729126357,Pave,NONE,Lvl,Corner,Gtl,Somerst,PosN,PosN,1Fam,1Story,9,5,2005,VinylSd,VinylSd,Stone,0.540218351553337,PConc,2158,0,300,2458,GasA,0.268289832918241,SBrkr,-0.785025043886639,1.95515778951175,1,0,0.781365814350925,-0.756321032880405,-1.04580127322219,-0.207698474525451,1.62415319466707,2.17157453260921,Attchd,0.299450740978796,1.4955418875643,-0.187422221692193,2.64213794298433,-0.359600750132276,-0.103330530851366,-0.285935458023539,GdPrv,-0.0895919598967582,Normal,0.44693779307133,1,2,4,4,4,3,4,3,3,7,6,1,2,3,3,4,0,3,1.66911912442754,0,200902
1707,20,FV,0.962880733239914,-0.27583209824182,Pave,NONE,Lvl,Inside,Gtl,Somerst,Norm,Norm,1Fam,1Story,7,5,2008,VinylSd,VinylSd,NONE,-0.567015949674981,PConc,0,0,1436,1436,GasA,0.268289832918241,SBrkr,-0.785025043886639,-0.127992908133339,0,0,0.781365814350925,-0.756321032880405,0.169927088600022,-0.207698474525451,-0.287758288825272,-0.924311211315714,Attchd,0.30612320101399,0.261196056742045,-0.740760408320604,1.08805398498367,-0.359600750132276,-0.103330530851366,-0.285935458023539,NONE,-0.0895919598967582,Partial,0.44693779307133,1,2,3,4,3,3,0,3,3,7,1,1,2,3,2,1,0,3,1.66911912442754,0,200902
1708,20,FV,0.425180476186576,-0.193784278686091,Pave,NONE,Lvl,Inside,Gtl,Somerst,Norm,Norm,1Fam,1Story,7,5,2008,VinylSd,VinylSd,None,-0.567015949674981,PConc,0,0,1402,1402,GasA,0.268289832918241,SBrkr,-0.785025043886639,-0.195191317734794,0,0,0.781365814350925,-0.756321032880405,0.169927088600022,-0.207698474525451,0.349545539005509,-0.924311211315714,Attchd,0.30612320101399,0.706674251324512,0.879729995376886,1.16205798298371,-0.359600750132276,-0.103330530851366,-0.285935458023539,NONE,-0.0895919598967582,Normal,0.44693779307133,1,2,3,4,3,3,0,3,3,7,1,1,2,3,3,1,0,2,0.297607266471232,0,200908
1709,20,FV,1.62006993630511,0.309154905793076,Pave,NONE,Lvl,Inside,Gtl,Somerst,Norm,Norm,1Fam,1Story,9,5,2007,VinylSd,VinylSd,Stone,0.104035141978545,PConc,0,0,1530,1530,GasA,0.268289832918241,SBrkr,-0.785025043886639,0.057790930176565,0,0,0.781365814350925,-0.756321032880405,0.169927088600022,-0.207698474525451,0.349545539005509,0.623631660646747,Attchd,0.30612320101399,2.37257708314853,0.935063814039727,1.31006597898377,-0.359600750132276,-0.103330530851366,-0.285935458023539,NONE,-0.0895919598967582,Normal,0.44693779307133,1,2,3,4,3,3,4,3,3,7,1,1,2,3,2,3,0,2,0.297607266471232,0,200908
1710,20,FV,0.514797185695465,-0.338350761365428,Pave,NONE,Lvl,Inside,Gtl,Somerst,Norm,Norm,1Fam,1Story,8,5,2006,VinylSd,VinylSd,Stone,0.763902048771178,PConc,24,0,1348,1372,GasA,0.268289832918241,SBrkr,-0.785025043886639,-0.104275822391649,0,0,0.781365814350925,-0.756321032880405,-1.04580127322219,-0.207698474525451,-0.287758288825272,0.623631660646747,Attchd,0.301674894323861,1.01758090796019,-0.740760408320604,1.36926917738379,-0.359600750132276,-0.103330530851366,-0.285935458023539,NONE,-0.0895919598967582,Normal,0.44693779307133,1,2,3,4,3,3,4,3,3,7,6,1,2,3,3,1,0,2,0.297607266471232,0,200909
1711,60,FV,0.783647314222135,0.0551490594713992,Pave,NONE,Lvl,Inside,Gtl,Somerst,Norm,Norm,1Fam,2Story,8,5,2006,VinylSd,VinylSd,Stone,0.109627234408991,PConc,682,0,218,900,GasA,0.268289832918241,SBrkr,1.28203535887525,0.581543240305549,1,0,0.781365814350925,1.23259887250509,0.169927088600022,-0.207698474525451,0.98684936683629,0.623631660646747,Attchd,0.301674894323861,1.43521671538125,0.587251239587583,-0.0368067846168022,-0.359600750132276,-0.103330530851366,-0.285935458023539,NONE,-0.0895919598967582,Normal,0.44693779307133,1,2,3,4,3,4,4,3,3,7,6,1,2,3,3,1,0,3,1.66911912442754,0,200910
1712,20,FV,0.216074820665833,-0.259092821300002,Pave,NONE,Lvl,Corner,Gtl,Somerst,Norm,Norm,1Fam,1Story,8,5,2008,VinylSd,VinylSd,BrkFace,1.04350667029348,PConc,0,0,1836,1836,GasA,0.268289832918241,SBrkr,-0.785025043886639,0.662576616589656,0,0,0.781365814350925,-0.756321032880405,0.169927088600022,-0.207698474525451,0.98684936683629,0.623631660646747,Attchd,0.308347354359055,0.205511282419237,-0.740760408320604,1.88729716338401,-0.359600750132276,-0.103330530851366,-0.285935458023539,NONE,-0.0895919598967582,Partial,0.44693779307133,1,2,3,4,3,3,4,3,3,7,1,1,2,3,3,1,0,3,0.297607266471232,0,200902
1713,20,FV,0.813519550725098,0.0579389389617022,Pave,NONE,Lvl,Inside,Gtl,Somerst,Norm,Norm,1Fam,1Story,7,5,2006,VinylSd,VinylSd,None,-0.567015949674981,PConc,1430,0,222,1652,GasA,0.268289832918241,SBrkr,-0.785025043886639,0.318678873335153,1,0,0.781365814350925,-0.756321032880405,0.169927088600022,-0.207698474525451,0.98684936683629,0.623631660646747,Attchd,0.301674894323861,1.10574846730464,0.587251239587583,1.07325318538367,-0.359600750132276,-0.103330530851366,-0.285935458023539,NONE,-0.0895919598967582,Normal,0.44693779307133,1,2,3,4,4,3,4,3,3,7,6,1,2,3,3,1,0,2,0.297607266471232,0,200906
1714,20,FV,0.305691530174723,-0.181610259092041,Pave,NONE,Lvl,Inside,Gtl,Somerst,Norm,Norm,1Fam,1Story,7,5,2003,VinylSd,Wd Shng,None,-0.567015949674981,PConc,771,360,422,1553,GasA,0.268289832918241,SBrkr,-0.785025043886639,0.103248677848137,1,0,0.781365814350925,-0.756321032880405,0.169927088600022,-0.207698474525451,-0.287758288825272,-0.924311211315714,Attchd,0.295002434288667,0.534979530495853,0.776967189288753,0.599627598183467,-0.359600750132276,-0.103330530851366,-0.285935458023539,NONE,-0.0895919598967582,Normal,0.44693779307133,1,2,3,4,3,3,0,3,3,7,6,5,2,3,2,1,0,2,0.297607266471232,0,200911
1715,60,FV,0.216074820665833,-0.258839195891792,Pave,NONE,Lvl,Inside,Gtl,Somerst,Norm,Norm,1Fam,2Story,7,5,2003,VinylSd,VinylSd,None,-0.567015949674981,PConc,410,0,402,812,GasA,0.268289832918241,SBrkr,1.17704922103746,0.300891059028886,1,0,0.781365814350925,1.23259887250509,0.169927088600022,-0.207698474525451,-0.287758288825272,-0.924311211315714,Attchd,0.295002434288667,0.720595444905214,-0.740760408320604,-0.0368067846168022,-0.359600750132276,-0.103330530851366,-0.285935458023539,NONE,-0.0895919598967582,Normal,0.44693779307133,1,2,3,4,3,3,0,3,3,7,6,1,2,3,2,1,0,2,0.297607266471232,0,200906
1716,20,RL,0.664158368210282,-0.071410019225073,Pave,NONE,Lvl,Corner,Gtl,SawyerW,Norm,Norm,1Fam,1Story,7,6,2007,VinylSd,VinylSd,None,-0.567015949674981,PConc,0,0,1218,1218,GasA,0.268289832918241,SBrkr,-0.785025043886639,-0.558853299107371,0,0,-1.02736282330994,1.23259887250509,0.169927088600022,-0.207698474525451,-0.287758288825272,-0.924311211315714,Detchd,0.303899047668925,0.479294756173045,-0.740760408320604,1.93169956218403,-0.359600750132276,-0.103330530851366,-0.285935458023539,NONE,-0.0895919598967582,Normal,0.44693779307133,1,2,3,4,3,3,0,3,3,7,1,1,2,3,3,1,0,2,0.297607266471232,0,200907
1717,20,RL,0.156330347659906,-0.338350761365428,Pave,NONE,Lvl,Inside,Gtl,SawyerW,Norm,Norm,1Fam,1Story,7,5,2006,VinylSd,VinylSd,None,-0.567015949674981,PConc,54,0,1087,1141,GasA,0.268289832918241,SBrkr,-0.785025043886639,-0.711037932616548,1,0,-1.02736282330994,1.23259887250509,0.169927088600022,-0.207698474525451,-0.287758288825272,-0.924311211315714,Detchd,0.301674894323861,0.0523781530315144,0.697918876913265,-0.702842766617084,-0.359600750132276,-0.103330530851366,-0.285935458023539,NONE,-0.0895919598967582,Normal,0.44693779307133,1,2,3,4,3,4,0,3,3,7,6,1,2,3,3,1,0,2,0.297607266471232,0,200909
1718,20,RL,0.156330347659906,-0.338350761365428,Pave,NONE,Lvl,Inside,Gtl,SawyerW,Norm,Norm,1Fam,1Story,6,5,2004,VinylSd,VinylSd,None,-0.567015949674981,PConc,0,0,1158,1158,GasA,0.268289832918241,SBrkr,-0.785025043886639,-0.677438727815821,0,0,-1.02736282330994,1.23259887250509,0.169927088600022,-0.207698474525451,-0.925062116656053,-0.924311211315714,NONE,-4.15997671587587,-2.19357441132175,-0.740760408320604,0.0371972133832291,-0.359600750132276,-0.103330530851366,-0.285935458023539,NONE,-0.0895919598967582,Normal,0.44693779307133,1,2,2,4,3,3,0,0,0,7,1,1,2,3,3,1,0,0,0.297607266471232,0,200911
1719,60,RL,1.14211415225769,0.0583193770740162,Pave,NONE,Lvl,Corner,Gtl,SawyerW,Norm,Norm,1Fam,2Story,7,5,2004,VinylSd,VinylSd,None,-0.567015949674981,PConc,0,0,835,835,GasA,0.268289832918241,SBrkr,1.41035174956589,0.615142445106277,0,0,0.781365814350925,1.23259887250509,0.169927088600022,-0.207698474525451,0.98684936683629,-0.924311211315714,BuiltIn,0.297226587633731,0.0245357658701102,0.413344952361511,0.644029996983486,-0.359600750132276,-0.103330530851366,-0.285935458023539,NONE,-0.0895919598967582,Normal,0.44693779307133,1,2,3,4,3,3,0,3,3,7,1,1,2,3,2,4,0,2,0.297607266471232,0,200901
1720,20,RL,0.544669422198429,-0.0034384098249637,Pave,NONE,Lvl,Inside,Gtl,SawyerW,Norm,Norm,1Fam,1Story,8,5,2004,VinylSd,VinylSd,BrkFace,0.909296451962776,PConc,516,774,222,1512,GasA,0.268289832918241,SBrkr,-0.785025043886639,0.0222153015640302,0,0,0.781365814350925,-0.756321032880405,0.169927088600022,-0.207698474525451,-0.287758288825272,-0.924311211315714,Attchd,0.297226587633731,1.727561780576,0.91925415156463,-0.170013981016859,-0.359600750132276,-0.103330530851366,-0.285935458023539,NONE,-0.0895919598967582,Normal,0.44693779307133,1,2,3,4,3,3,0,3,3,7,4,3,2,3,2,4,0,2,0.297607266471232,0,200901
1721,20,RL,0.156330347659906,0.368249625905858,Pave,NONE,Lvl,Inside,Gtl,SawyerW,RRAe,Norm,1Fam,1Story,7,5,2004,VinylSd,VinylSd,None,-0.567015949674981,PConc,0,0,1114,1114,GasA,0.268289832918241,SBrkr,-0.785025043886639,-0.76440137553535,0,0,-1.02736282330994,1.23259887250509,0.169927088600022,-0.207698474525451,-0.287758288825272,-0.924311211315714,Detchd,0.299450740978796,0.479294756173045,1.21963773859148,0.806838792583555,-0.359600750132276,-0.103330530851366,-0.285935458023539,NONE,-0.0895919598967582,Normal,0.44693779307133,1,2,3,4,3,3,0,3,3,7,1,1,2,3,3,1,0,1,0.297607266471232,0,200908
1722,20,RL,0.156330347659906,0.368249625905858,Pave,NONE,Lvl,Inside,Gtl,SawyerW,RRAe,Norm,1Fam,1Story,5,5,2004,VinylSd,VinylSd,None,-0.567015949674981,PConc,0,0,1114,1114,GasA,0.268289832918241,SBrkr,-0.785025043886639,-0.76440137553535,0,0,-1.02736282330994,1.23259887250509,0.169927088600022,-0.207698474525451,-0.287758288825272,-0.924311211315714,NONE,-4.15997671587587,-2.19357441132175,-0.740760408320604,-0.12561158221684,-0.359600750132276,-0.103330530851366,-0.285935458023539,NONE,-0.0895919598967582,Normal,0.44693779307133,1,2,2,4,3,3,0,0,0,7,1,1,2,3,3,1,0,0,0.297607266471232,0,200911
1723,20,RL,0.0667136381510165,0.289372123952746,Pave,NONE,Lvl,Inside,Gtl,SawyerW,RRAe,Norm,1Fam,1Story,5,5,2003,VinylSd,VinylSd,None,-0.567015949674981,PConc,836,0,278,1114,GasA,0.268289832918241,SBrkr,-0.785025043886639,-0.76440137553535,1,0,0.781365814350925,-0.756321032880405,0.169927088600022,-0.207698474525451,-0.287758288825272,-0.924311211315714,Detchd,0.297226587633731,0.479294756173045,-0.740760408320604,-0.0812091834168209,-0.359600750132276,-0.103330530851366,-0.285935458023539,NONE,-0.0895919598967582,Normal,0.44693779307133,1,2,2,4,3,3,0,3,3,7,6,1,2,3,3,1,0,1,0.297607266471232,0,200909
1724,20,RL,0.0965858746539798,-0.360162546471433,Pave,NONE,Lvl,Inside,Gtl,SawyerW,Norm,Norm,1Fam,1Story,7,5,2008,VinylSd,VinylSd,BrkFace,0.215876990587466,PConc,0,0,1450,1450,GasA,0.268289832918241,SBrkr,-0.785025043886639,-0.100322974768034,0,0,0.781365814350925,-0.756321032880405,-1.04580127322219,-0.207698474525451,-0.287758288825272,-0.924311211315714,Attchd,0.30612320101399,1.46305910254266,-0.740760408320604,0.673631596183498,-0.359600750132276,-0.103330530851366,-0.285935458023539,NONE,-0.0895919598967582,Partial,0.44693779307133,1,2,3,4,3,3,0,3,3,7,1,1,2,3,3,1,0,2,0.297607266471232,0,200905
1725,60,RL,-0.441114382399359,0.167885553420461,Pave,NONE,Lvl,CulDSac,Gtl,SawyerW,Norm,Norm,1Fam,2Story,7,5,1996,VinylSd,VinylSd,BrkFace,0.171140251143897,PConc,637,0,276,913,GasA,0.268289832918241,SBrkr,2.03560252602208,1.2278338267666,1,0,0.781365814350925,1.23259887250509,1.38565545042224,-0.207698474525451,0.98684936683629,0.623631660646747,Attchd,0.281657514218279,0.400407992549066,-0.740760408320604,0.392416403783379,-0.359600750132276,-0.103330530851366,-0.285935458023539,NONE,-0.0895919598967582,Normal,0.44693779307133,1,2,3,4,3,3,3,3,3,7,6,1,2,3,2,1,0,2,0.297607266471232,0,200907
1726,60,RL,0.365436003180649,-0.312607782432177,Pave,NONE,Lvl,Inside,Gtl,SawyerW,Norm,Norm,1Fam,2Story,6,6,1992,HdBoard,HdBoard,None,-0.567015949674981,PConc,52,364,400,816,GasA,0.268289832918241,SBrkr,1.30769863701338,0.453075692538063,0,0,0.781365814350925,1.23259887250509,0.169927088600022,-0.207698474525451,-0.287758288825272,-0.924311211315714,Attchd,0.270536747492955,0.256555658881811,-0.740760408320604,0.644029996983486,-0.359600750132276,-0.103330530851366,2.7047325693424,NONE,-0.0895919598967582,Normal,0.44693779307133,1,3,3,4,3,4,0,3,3,7,6,3,2,3,3,1,0,2,0.297607266471232,0,200903
1727,120,RL,-0.232008726878616,-0.379564890199449,Pave,NONE,Lvl,Inside,Gtl,SawyerW,Norm,Norm,TwnhsE,1Story,6,5,1990,Plywood,ImStucc,None,-0.567015949674981,PConc,0,0,1332,1332,GasA,0.268289832918241,SBrkr,-0.785025043886639,-0.333540984561318,0,0,0.781365814350925,-0.756321032880405,-1.04580127322219,-0.207698474525451,-0.925062116656053,-0.924311211315714,Attchd,0.266088440802826,0.321521228925088,-0.740760408320604,0.185205209383292,-0.359600750132276,-0.103330530851366,-0.285935458023539,NONE,-0.0895919598967582,Normal,0.44693779307133,1,2,3,3,3,3,0,3,3,7,1,1,2,3,3,1,0,2,0.297607266471232,0,200905
1728,60,RL,0.365436003180649,-0.134309120460995,Pave,NONE,Lvl,Inside,Gtl,SawyerW,RRAe,Norm,1Fam,2Story,7,5,1994,VinylSd,VinylSd,None,-0.567015949674981,PConc,36,596,122,754,GasA,0.268289832918241,SBrkr,1.04873283034682,0.0775551682946399,1,0,0.781365814350925,1.23259887250509,0.169927088600022,-0.207698474525451,-0.287758288825272,-0.924311211315714,Attchd,0.274985054183085,0.103422529494089,0.365915964936219,-0.229217179416884,-0.359600750132276,-0.103330530851366,-0.285935458023539,NONE,-0.0895919598967582,Normal,0.44693779307133,1,2,3,4,3,3,0,3,3,7,2,6,2,3,3,1,0,2,0.297607266471232,0,200902
1729,60,RL,-1.72562055202678,0.0134276798209589,Pave,NONE,Lvl,CulDSac,Gtl,SawyerW,Norm,Norm,1Fam,2Story,6,7,1986,VinylSd,VinylSd,BrkFace,0.221469083017912,CBlock,331,0,345,676,GasA,0.268289832918241,SBrkr,0.85275870638294,-0.199144165358409,0,0,0.781365814350925,1.23259887250509,0.169927088600022,-0.207698474525451,-0.287758288825272,-0.924311211315714,Attchd,0.257191827422567,-0.0357894063129321,-0.740760408320604,0.00759561418321662,-0.359600750132276,-0.103330530851366,-0.285935458023539,NONE,-0.0895919598967582,Normal,-2.23744784062252,1,3,2,2,2,3,0,3,3,7,3,1,2,3,2,1,0,2,0.297607266471232,0,200910
1730,90,RL,0.514797185695465,-0.243241233286916,Pave,NONE,Lvl,Inside,Gtl,SawyerW,Norm,Norm,Duplex,2Story,6,7,1981,Wd Sdng,Wd Shng,None,-0.567015949674981,Slab,0,0,0,0,GasA,0.268289832918241,SBrkr,1.35669216800435,0.753492111932801,0,0,0.781365814350925,-0.756321032880405,1.38565545042224,4.45593111885755,0.98684936683629,2.17157453260921,Attchd,0.246071060697244,0.64634907914147,-0.740760408320604,-0.702842766617084,-0.359600750132276,-0.103330530851366,-0.285935458023539,NONE,-0.0895919598967582,Normal,0.44693779307133,0,2,2,2,2,0,3,3,3,7,0,0,2,3,3,0,0,1,-4.91413779376274,0,200908
1731,20,RL,0.156330347659906,-0.0530221771298942,Pave,NONE,Lvl,Inside,Gtl,Sawyer,Norm,Norm,1Fam,1Story,5,5,1962,HdBoard,Plywood,None,-0.567015949674981,CBlock,68,884,28,980,GasA,0.268289832918241,SBrkr,-0.785025043886639,-1.02924216631755,1,0,-1.02736282330994,-0.756321032880405,0.169927088600022,-0.207698474525451,-0.925062116656053,-0.924311211315714,Detchd,0.219381220556468,-0.337415267228144,-0.740760408320604,-0.288420377816909,-0.359600750132276,-0.103330530851366,-0.285935458023539,MnPrv,-0.0895919598967582,Normal,0.44693779307133,1,2,2,3,2,3,0,3,3,7,2,4,2,3,2,1,0,1,-0.250997476711292,0,200903
1732,20,RL,-1.72562055202678,-0.211664869964851,Pave,NONE,Lvl,Corner,Gtl,Sawyer,Feedr,Norm,1Fam,1Story,5,6,1961,MetalSd,MetalSd,None,-0.567015949674981,CBlock,660,0,204,864,GasA,0.268289832918241,SBrkr,-0.785025043886639,-1.25850732848722,1,0,-1.02736282330994,-0.756321032880405,0.169927088600022,-0.207698474525451,-0.925062116656053,-0.924311211315714,Detchd,0.248295214042309,1.20319682236955,-0.740760408320604,3.91500670858487,-0.359600750132276,-0.103330530851366,-0.285935458023539,NONE,-0.0895919598967582,Normal,-2.23744784062252,1,2,2,4,2,3,0,3,3,7,6,1,2,3,2,1,0,1,-0.250997476711292,0,200909
1733,20,RL,-1.72562055202678,-0.138113501584135,Pave,NONE,Lvl,Inside,Gtl,Sawyer,Norm,Norm,1Fam,1Story,5,5,1961,Wd Sdng,Plywood,None,-0.567015949674981,CBlock,864,0,0,864,GasA,0.268289832918241,SBrkr,-0.785025043886639,-1.25850732848722,0,0,-1.02736282330994,-0.756321032880405,-1.04580127322219,-0.207698474525451,-0.925062116656053,-0.924311211315714,Attchd,0.20158799379595,-0.151799352818783,0.508202927212096,-0.702842766617084,-0.359600750132276,-0.103330530851366,-0.285935458023539,NONE,-0.0895919598967582,Normal,-2.23744784062252,1,2,2,2,2,3,0,3,3,7,4,1,2,3,2,1,0,1,-0.250997476711292,0,200910
1734,20,RL,-1.72562055202678,-0.108058890711326,Pave,NONE,Lvl,Inside,Gtl,Sawyer,Norm,Norm,1Fam,1Story,5,5,1965,HdBoard,Plywood,None,-0.567015949674981,CBlock,544,0,480,1024,GasA,0.268289832918241,SBrkr,-0.785025043886639,-0.950185213845254,0,0,0.781365814350925,-0.756321032880405,0.169927088600022,-0.207698474525451,-0.925062116656053,-0.924311211315714,Attchd,0.210484607176209,-0.857139827574354,0.610965733300229,-0.702842766617084,-0.359600750132276,-0.103330530851366,-0.285935458023539,MnPrv,-0.0895919598967582,Family,-2.23744784062252,1,2,2,3,2,3,0,3,3,7,3,1,2,3,2,1,0,1,-0.250997476711292,0,200908
1735,20,RL,-1.72562055202678,-0.301448264470965,Pave,NONE,Lvl,Inside,Gtl,Sawyer,RRAe,Norm,1Fam,1Story,5,8,1963,Plywood,Plywood,None,-0.567015949674981,CBlock,624,0,288,912,GasA,0.268289832918241,SBrkr,-0.785025043886639,-1.16363898552046,1,0,-1.02736282330994,-0.756321032880405,0.169927088600022,-0.207698474525451,-0.287758288825272,-0.924311211315714,Attchd,0.20603630048608,-0.801455053251546,-0.740760408320604,-0.702842766617084,-0.359600750132276,-0.103330530851366,-0.285935458023539,GdWo,-0.0895919598967582,Normal,-2.23744784062252,1,3,3,4,3,3,0,3,3,7,5,1,2,3,2,1,0,2,-0.250997476711292,0,200902
1736,20,RL,0.216074820665833,-0.382735207802066,Pave,NONE,Lvl,Inside,Gtl,Sawyer,Feedr,Norm,1Fam,1Story,5,6,1962,VinylSd,VinylSd,BrkFace,-0.231490403848218,CBlock,140,590,182,912,GasA,0.268289832918241,SBrkr,-0.785025043886639,-1.16363898552046,0,1,-1.02736282330994,-0.756321032880405,0.169927088600022,-0.207698474525451,-0.287758288825272,-0.924311211315714,Attchd,0.203812147141015,-1.02419415054278,-0.740760408320604,-0.702842766617084,-0.359600750132276,-0.103330530851366,-0.285935458023539,NONE,-0.0895919598967582,Normal,0.44693779307133,1,2,2,3,2,3,0,3,3,7,2,4,2,3,3,1,0,1,-0.250997476711292,0,200902
1737,20,RL,-1.72562055202678,0.698469907394449,Pave,NONE,Low,Inside,Gtl,Veenker,Norm,Norm,1Fam,1Story,8,8,1980,VinylSd,VinylSd,BrkFace,0.0760746798263147,CBlock,1733,92,189,2014,GasA,0.268289832918241,SBrkr,-0.785025043886639,1.01438005509139,1,0,0.781365814350925,-0.756321032880405,-1.04580127322219,-0.207698474525451,-0.287758288825272,2.17157453260921,Attchd,0.243846907352179,1.81572933992044,2.91127162342691,-0.702842766617084,-0.359600750132276,10.0222044858101,-0.285935458023539,MnPrv,-0.0895919598967582,Normal,-2.23744784062252,1,3,3,3,3,4,4,3,3,3,5,3,2,3,2,4,0,2,0.297607266471232,0,200907
1738,60,RL,-1.72562055202678,0.225838959196301,Pave,NONE,Lvl,Inside,Gtl,NoRidge,Norm,Norm,1Fam,2Story,7,8,1991,VinylSd,VinylSd,BrkFace,0.529034166692444,PConc,601,216,158,975,GasA,0.268289832918241,SBrkr,1.03473467863512,0.50248628783325,0,1,0.781365814350925,1.23259887250509,0.169927088600022,-0.207698474525451,0.349545539005509,0.623631660646747,Attchd,0.268312594147891,0.237994067440875,3.22746487292886,0.185205209383292,-0.359600750132276,-0.103330530851366,-0.285935458023539,GdPrv,-0.0895919598967582,Normal,-2.23744784062252,1,3,3,4,3,3,3,3,3,7,6,5,2,3,3,1,0,1,0.297607266471232,0,200910
1739,160,FV,-0.769708983931955,-0.924225454329056,Pave,Pave,Lvl,Inside,Gtl,Somerst,Norm,Norm,Twnhs,2Story,7,5,2004,MetalSd,MetalSd,None,-0.567015949674981,PConc,0,0,1376,1376,GasA,0.268289832918241,SBrkr,3.01547314584149,2.97301605259261,0,0,0.781365814350925,1.23259887250509,0.169927088600022,-0.207698474525451,1.62415319466707,0.623631660646747,BuiltIn,0.297226587633731,1.073265682283,-0.740760408320604,1.91689876258402,-0.359600750132276,-0.103330530851366,-0.285935458023539,NONE,-0.0895919598967582,Normal,0.44693779307133,1,2,3,4,3,3,3,3,3,4,1,1,2,3,3,1,0,3,0.297607266471232,0,200910
1740,120,FV,-1.72562055202678,-0.803753385429609,Pave,Pave,Lvl,Inside,Gtl,Somerst,Norm,Norm,TwnhsE,1Story,6,5,2008,VinylSd,VinylSd,Stone,0.998769930849912,PConc,0,0,1726,1726,GasA,0.268289832918241,SBrkr,-0.785025043886639,0.445169997290833,0,0,0.781365814350925,1.23259887250509,-1.04580127322219,-0.207698474525451,-0.287758288825272,0.623631660646747,Attchd,0.30612320101399,0.409688788269534,-0.740760408320604,3.05656033178451,-0.359600750132276,-0.103330530851366,-0.285935458023539,NONE,-0.0895919598967582,Partial,-2.23744784062252,1,2,3,4,3,3,4,3,3,7,1,1,2,3,2,1,0,3,0.297607266471232,0,200901
1741,120,FV,-1.72562055202678,-0.754676868941097,Pave,Pave,Lvl,Inside,Gtl,Somerst,Norm,Norm,TwnhsE,1Story,6,5,2008,VinylSd,VinylSd,Stone,0.842191342797423,PConc,962,0,183,1145,GasA,0.268289832918241,SBrkr,-0.785025043886639,-0.483749194258687,1,0,-1.02736282330994,1.23259887250509,-2.26152963504441,-0.207698474525451,-0.925062116656053,0.623631660646747,Attchd,0.30612320101399,0.780920617088256,-0.740760408320604,1.79849236578397,-0.359600750132276,-0.103330530851366,-0.285935458023539,NONE,-0.0895919598967582,Normal,-2.23744784062252,1,2,3,4,3,3,4,3,3,7,6,1,2,3,2,1,0,3,0.297607266471232,0,200906
1742,160,FV,-0.709964510926028,-0.909261555244704,Pave,NONE,Lvl,Inside,Gtl,Somerst,Norm,Norm,TwnhsE,2Story,6,5,2000,MetalSd,MetalSd,BrkFace,2.30172746714384,PConc,507,0,249,756,GasA,0.268289832918241,SBrkr,0.978742071788293,0.0222153015640302,1,0,0.781365814350925,1.23259887250509,-1.04580127322219,-0.207698474525451,-1.56236594448683,-0.924311211315714,Detchd,0.288329974253473,-0.151799352818783,-0.740760408320604,-0.229217179416884,-0.359600750132276,-0.103330530851366,-0.285935458023539,NONE,-0.0895919598967582,Normal,0.44693779307133,1,2,3,4,3,3,0,3,3,7,6,1,2,3,3,1,0,1,0.297607266471232,0,200911
1743,160,FV,-0.680092274423065,-0.811615773084099,Pave,NONE,Lvl,FR2,Gtl,Somerst,Norm,Norm,TwnhsE,2Story,7,5,1999,MetalSd,MetalSd,BrkFace,0.652060200162257,PConc,549,0,142,691,GasA,0.268289832918241,SBrkr,0.939080641938459,-0.0963701271444191,1,0,0.781365814350925,1.23259887250509,0.169927088600022,-0.207698474525451,-0.287758288825272,-0.924311211315714,Detchd,0.286105820908408,0.154466905956663,-0.740760408320604,-0.199615580216871,-0.359600750132276,-0.103330530851366,-0.285935458023539,NONE,-0.0895919598967582,Normal,0.44693779307133,1,2,3,4,3,3,0,3,3,7,6,1,2,3,3,1,0,1,0.297607266471232,0,200912
1744,20,RL,-1.72562055202678,0.573939831963651,Pave,NONE,Lvl,Inside,Gtl,Veenker,Norm,Norm,1Fam,1Story,8,9,1977,MetalSd,MetalSd,BrkFace,1.94942564402574,CBlock,1252,136,306,1694,GasA,0.268289832918241,SBrkr,-0.785025043886639,0.381924435312993,1,0,0.781365814350925,-0.756321032880405,-1.04580127322219,-0.207698474525451,-0.925062116656053,0.623631660646747,Attchd,0.237174447316985,0.78556101494849,3.21956004169131,1.07325318538367,-0.359600750132276,8.8309650720852,-0.285935458023539,NONE,-0.0895919598967582,Normal,-2.23744784062252,1,4,4,4,4,4,4,3,3,7,6,5,2,3,2,4,0,3,0.297607266471232,0,200909
1745,20,RL,1.56032546329918,0.665625417031336,Pave,NONE,Lvl,Inside,Gtl,Veenker,Norm,Norm,1Fam,1Story,7,5,1981,BrkFace,BrkFace,None,-0.567015949674981,CBlock,121,0,1619,1740,GasA,0.268289832918241,SBrkr,-0.785025043886639,0.472839930656138,0,0,-1.02736282330994,1.23259887250509,-1.04580127322219,-0.207698474525451,0.349545539005509,-0.924311211315714,Attchd,0.246071060697244,0.31224043320462,1.06154111384051,-0.406826774616959,3.03428066510077,-0.103330530851366,-0.285935458023539,NONE,-0.0895919598967582,Normal,0.44693779307133,1,2,3,2,3,3,0,3,3,7,2,1,2,3,3,2,0,2,0.297607266471232,0,200909
1746,80,RL,0.664158368210282,-0.0720440827455964,Pave,NONE,Low,FR2,Mod,Veenker,Feedr,Norm,1Fam,SLvl,8,5,1976,Plywood,Plywood,BrkFace,0.551402536414229,CBlock,0,0,392,392,GasA,0.268289832918241,SBrkr,1.57599654482107,1.97294560381802,0,0,0.781365814350925,1.23259887250509,1.38565545042224,-0.207698474525451,-0.925062116656053,0.623631660646747,Attchd,0.234950293971921,0.251915261021577,-0.740760408320604,0.244408407783317,-0.359600750132276,-0.103330530851366,-0.285935458023539,NONE,-0.0895919598967582,Abnorml,0.44693779307133,1,3,3,4,2,3,4,3,3,7,1,1,2,3,3,1,0,1,-0.250997476711292,0,200901
1747,60,RL,-1.72562055202678,0.325133306510266,Pave,NONE,Lvl,CulDSac,Gtl,NWAmes,PosN,Norm,1Fam,2Story,7,6,1974,VinylSd,VinylSd,None,-0.567015949674981,CBlock,560,42,150,752,GasA,0.268289832918241,SBrkr,1.03940072920568,1.11913051711719,0,0,0.781365814350925,1.23259887250509,0.169927088600022,-0.207698474525451,0.349545539005509,2.17157453260921,Attchd,0.230501987281791,1.44449751110172,1.60697446923137,-0.110810782616833,-0.359600750132276,-0.103330530851366,-0.285935458023539,NONE,-0.0895919598967582,Normal,-2.23744784062252,1,2,2,2,3,3,3,3,3,7,6,2,2,3,2,2,0,2,-0.250997476711292,0,200909
1748,60,RL,0.664158368210282,0.0294060805381488,Pave,NONE,Lvl,Inside,Gtl,NWAmes,PosA,Norm,1Fam,2Story,6,7,1967,MetalSd,MetalSd,BrkFace,0.864559712519207,PConc,0,0,932,932,GasA,0.268289832918241,SBrkr,2.40888657166757,2.25162136128288,0,0,0.781365814350925,1.23259887250509,2.60138381224446,-0.207698474525451,0.98684936683629,0.623631660646747,Attchd,0.214932913866338,0.196230486698769,-0.740760408320604,1.07325318538367,-0.359600750132276,-0.103330530851366,2.7047325693424,NONE,-0.0895919598967582,Normal,0.44693779307133,1,2,2,3,3,3,3,3,3,7,1,1,2,3,3,1,0,2,-0.250997476711292,0,200908
1749,20,RL,0.664158368210282,-0.0720440827455964,Pave,NONE,Lvl,Inside,Gtl,NWAmes,Feedr,Norm,1Fam,1Story,5,5,1969,HdBoard,HdBoard,BrkFace,0.148771881422113,CBlock,553,147,588,1288,GasA,0.268289832918241,SBrkr,-0.785025043886639,-0.325635289314088,0,1,0.781365814350925,-0.756321032880405,0.169927088600022,-0.207698474525451,-0.287758288825272,0.623631660646747,Attchd,0.219381220556468,0.135905314515727,1.7255469377946,-0.540033971017015,-0.359600750132276,-0.103330530851366,-0.285935458023539,NONE,1.05617616723985,Normal,0.44693779307133,1,2,2,2,2,3,2,3,3,7,5,3,2,3,3,2,0,2,0.297607266471232,0,200911
1750,20,RL,0.514797185695465,-0.148131705208405,Pave,NONE,Lvl,Inside,Gtl,NWAmes,Feedr,Norm,1Fam,1Story,6,5,1969,HdBoard,HdBoard,BrkFace,0.551402536414229,CBlock,955,0,261,1216,GasA,0.268289832918241,SBrkr,-0.785025043886639,-0.562806146730986,1,0,-1.02736282330994,-0.756321032880405,0.169927088600022,-0.207698474525451,-0.925062116656053,-0.924311211315714,Attchd,0.219381220556468,-0.634400730283121,-0.740760408320604,-0.702842766617084,-0.359600750132276,-0.103330530851366,-0.285935458023539,MnPrv,-0.0895919598967582,Abnorml,0.44693779307133,1,2,2,2,2,3,0,3,3,7,4,1,2,3,3,3,0,1,-0.250997476711292,0,200911
1751,60,RL,-1.72562055202678,0.457272144187344,Pave,NONE,Lvl,Inside,Gtl,NWAmes,Norm,Norm,1Fam,2Story,7,7,1977,HdBoard,HdBoard,BrkFace,1.01554620814125,PConc,432,0,476,908,GasA,0.268289832918241,SBrkr,1.4826755334097,1.55592017952664,0,0,-1.02736282330994,3.22151877789059,1.38565545042224,-0.207698474525451,0.98684936683629,2.17157453260921,Attchd,0.237174447316985,0.219432475999939,1.79669041893254,0.362814804583367,-0.359600750132276,-0.103330530851366,2.49111342453054,NONE,-0.0895919598967582,Normal,-2.23744784062252,1,3,2,4,3,3,3,3,3,7,6,1,2,3,2,1,0,2,0.297607266471232,0,200903
1752,20,RL,0.126458111156943,-0.38527146188416,Pave,NONE,Lvl,Inside,Gtl,NAmes,Norm,Norm,1Fam,1Story,5,6,1967,HdBoard,HdBoard,None,-0.567015949674981,PConc,648,0,216,864,GasA,0.268289832918241,SBrkr,-0.785025043886639,-1.25850732848722,0,1,-1.02736282330994,-0.756321032880405,-1.04580127322219,-0.207698474525451,-0.925062116656053,-0.924311211315714,Attchd,0.214932913866338,-0.745770278928738,-0.740760408320604,-0.702842766617084,-0.359600750132276,-0.103330530851366,-0.285935458023539,GdPrv,-0.0895919598967582,Normal,0.44693779307133,1,2,2,2,2,3,0,3,3,7,4,1,2,3,3,1,0,3,-0.250997476711292,0,200909
1753,20,RL,0.664158368210282,-0.0720440827455964,Pave,NONE,Lvl,Inside,Gtl,NAmes,Norm,Norm,1Fam,1Story,5,5,1967,HdBoard,HdBoard,None,-0.567015949674981,CBlock,0,0,1568,1568,GasA,0.268289832918241,SBrkr,-0.785025043886639,0.13289503502525,0,0,-1.02736282330994,1.23259887250509,0.169927088600022,-0.207698474525451,0.349545539005509,-0.924311211315714,Attchd,0.214932913866338,-0.151799352818783,0.524012589687193,-0.110810782616833,-0.359600750132276,-0.103330530851366,-0.285935458023539,NONE,-0.0895919598967582,Normal,0.44693779307133,1,2,2,2,2,3,0,3,3,7,1,1,2,3,3,1,0,1,-0.250997476711292,0,200906
1754,60,RL,0.664158368210282,-0.0720440827455964,Pave,NONE,Lvl,Inside,Gtl,NWAmes,Norm,Norm,1Fam,2Story,7,5,1974,Plywood,Plywood,BrkFace,0.842191342797423,CBlock,698,0,467,1165,GasA,0.268289832918241,SBrkr,1.30536561172809,1.10727197424634,0,1,0.781365814350925,1.23259887250509,1.38565545042224,-0.207698474525451,0.98684936683629,0.623631660646747,Attchd,0.230501987281791,0.117343723074791,-0.740760408320604,0.436818802583398,-0.359600750132276,-0.103330530851366,3.20317724057005,NONE,-0.0895919598967582,Abnorml,0.44693779307133,1,2,2,3,2,3,3,3,3,7,5,1,2,3,3,1,0,2,-0.250997476711292,0,200908
1755,85,RL,-1.72562055202678,0.802963575576706,Pave,NONE,Lvl,Inside,Gtl,NWAmes,Norm,Norm,1Fam,SFoyer,6,5,1971,HdBoard,HdBoard,BrkFace,2.27935909742206,CBlock,962,0,270,1232,GasA,0.268289832918241,SBrkr,-0.785025043886639,-0.357258070303008,0,1,0.781365814350925,-0.756321032880405,0.169927088600022,-0.207698474525451,-0.925062116656053,0.623631660646747,Attchd,0.223829527246597,0.103422529494089,-0.740760408320604,-0.406826774616959,-0.359600750132276,-0.103330530851366,-0.285935458023539,NONE,-0.0895919598967582,Normal,-2.23744784062252,1,2,2,1,2,3,4,3,3,7,6,1,2,3,3,3,0,2,0.297607266471232,0,200908
1756,20,RL,0.0667136381510165,-0.346466774428127,Pave,NONE,Lvl,Inside,Gtl,NAmes,Norm,Norm,1Fam,1Story,4,7,1960,VinylSd,VinylSd,None,-0.567015949674981,CBlock,734,0,160,894,GasA,0.268289832918241,SBrkr,-0.785025043886639,-1.199214614133,1,0,-1.02736282330994,-0.756321032880405,-1.04580127322219,-0.207698474525451,-0.925062116656053,0.623631660646747,Detchd,0.261640134112697,-0.35597685866908,-0.740760408320604,-0.702842766617084,-0.359600750132276,14.1915424338471,-0.285935458023539,GdWo,-0.0895919598967582,Normal,0.44693779307133,1,2,2,3,2,3,1,3,3,7,5,1,2,3,3,1,0,1,-0.250997476711292,0,200911
1757,20,RL,0.216074820665833,-0.259092821300002,Pave,NONE,Lvl,Inside,Gtl,NAmes,Norm,Norm,1Fam,1Story,5,7,1959,MetalSd,MetalSd,None,-0.567015949674981,CBlock,403,0,461,864,GasA,0.268289832918241,SBrkr,-0.785025043886639,-1.25850732848722,0,0,-1.02736282330994,-0.756321032880405,0.169927088600022,-0.207698474525451,-0.925062116656053,-0.924311211315714,Detchd,0.199363840450886,-0.764331870369674,-0.740760408320604,-0.702842766617084,-0.359600750132276,-0.103330530851366,-0.285935458023539,NONE,-0.0895919598967582,Normal,0.44693779307133,1,2,2,4,2,3,0,3,3,7,4,1,2,3,3,1,0,1,-0.250997476711292,0,200912
1758,20,RL,-1.72562055202678,-0.0910659883612986,Pave,NONE,Lvl,Corner,Gtl,NAmes,Norm,Norm,1Fam,1Story,4,5,1957,Wd Sdng,Wd Sdng,BrkFace,0.327718839196387,CBlock,775,0,265,1040,GasA,0.268289832918241,SBrkr,-0.785025043886639,-0.274248270207093,1,0,-1.02736282330994,-0.756321032880405,0.169927088600022,-0.207698474525451,-0.287758288825272,0.623631660646747,Attchd,0.248295214042309,1.37025114533798,-0.740760408320604,-0.702842766617084,0.948133373168531,-0.103330530851366,-0.285935458023539,MnPrv,-0.0895919598967582,Normal,-2.23744784062252,1,2,2,2,2,3,4,3,3,7,4,1,2,3,2,1,0,2,-0.250997476711292,0,200908
1759,20,RL,-1.72562055202678,0.421891399742138,Pave,NONE,Lvl,Corner,Gtl,NAmes,Norm,Norm,1Fam,1Story,5,6,1956,Wd Sdng,Wd Sdng,BrkFace,-0.175569479543757,CBlock,625,201,222,1048,GasA,0.268289832918241,SBrkr,-0.785025043886639,0.449122844914448,1,0,0.781365814350925,-0.756321032880405,0.169927088600022,-0.207698474525451,0.349545539005509,0.623631660646747,Detchd,0.190467227070627,0.479294756173045,-0.740760408320604,0.762436393783536,-0.359600750132276,-0.103330530851366,-0.285935458023539,NONE,-0.0895919598967582,Normal,-2.23744784062252,1,3,2,1,2,3,4,3,3,6,4,2,2,3,2,1,0,1,-0.250997476711292,0,200910
1760,20,RL,0.813519550725098,-0.103747258771767,Pave,NONE,Lvl,Inside,Gtl,NAmes,Norm,Norm,1Fam,1Story,5,6,1961,Wd Sdng,Wd Sdng,BrkFace,0.646468107731811,CBlock,310,512,491,1313,GasA,0.268289832918241,SBrkr,-0.785025043886639,-0.37109303698566,1,0,-1.02736282330994,1.23259887250509,0.169927088600022,-0.207698474525451,-0.287758288825272,0.623631660646747,Attchd,0.20158799379595,0.637068283421001,0.618870564537778,-0.288420377816909,-0.359600750132276,-0.103330530851366,1.86805758549597,MnPrv,-0.0895919598967582,Normal,0.44693779307133,1,2,2,2,3,3,3,3,3,7,5,4,2,3,3,1,0,2,-0.250997476711292,0,200905
1761,20,RL,1.709686645814,0.042087350948617,Pave,NONE,Lvl,Inside,Gtl,NAmes,Norm,Norm,1Fam,1Story,5,5,1964,HdBoard,HdBoard,Stone,0.23824536030925,CBlock,998,0,294,1292,GasA,0.268289832918241,SBrkr,-0.785025043886639,-0.412597937033617,1,0,-1.02736282330994,1.23259887250509,0.169927088600022,-0.207698474525451,-0.287758288825272,2.17157453260921,Detchd,0.208260453831144,0.219432475999939,-0.740760408320604,-0.229217179416884,-0.359600750132276,-0.103330530851366,1.35181131886733,NONE,-0.0895919598967582,Abnorml,0.44693779307133,1,3,2,2,2,3,4,3,3,7,2,1,2,3,2,1,0,1,-0.250997476711292,0,200910
1762,60,RL,-1.72562055202678,-0.151936086331546,Pave,NONE,Lvl,Corner,Gtl,NAmes,Norm,Norm,1Fam,2Story,5,6,1965,MetalSd,MetalSd,None,-0.567015949674981,CBlock,388,0,356,744,GasA,0.268289832918241,SBrkr,2.28290320626222,1.26340945537913,0,0,0.781365814350925,1.23259887250509,1.38565545042224,-0.207698474525451,0.349545539005509,0.623631660646747,Attchd,0.210484607176209,0.354004013946726,-0.740760408320604,-0.110810782616833,3.75042078024169,-0.103330530851366,-0.285935458023539,MnPrv,-0.0895919598967582,Normal,-2.23744784062252,1,3,2,2,2,3,3,3,3,7,5,1,2,3,2,1,0,3,-0.250997476711292,0,200909
1763,80,RL,0.813519550725098,0.165729737450681,Pave,NONE,Lvl,Corner,Gtl,NAmes,Norm,Norm,1Fam,SLvl,6,6,1961,HdBoard,HdBoard,BrkFace,-0.0637276309348365,CBlock,568,0,640,1208,GasA,0.268289832918241,SBrkr,-0.785025043886639,0.148706425519709,1,0,-1.02736282330994,-0.756321032880405,1.38565545042224,-0.207698474525451,0.349545539005509,0.623631660646747,BuiltIn,0.20158799379595,-0.485907998755633,-0.0688497531289616,-0.702842766617084,-0.359600750132276,-0.103330530851366,-0.285935458023539,NONE,-0.0895919598967582,Normal,0.44693779307133,1,2,2,4,3,3,1,3,3,7,5,1,2,3,3,4,0,3,-0.250997476711292,0,200912
1764,20,RL,0.305691530174723,-0.0507395484560099,Pave,NONE,Lvl,Inside,Gtl,NAmes,Norm,Norm,1Fam,1Story,5,5,1955,Wd Sdng,Wd Sdng,None,-0.567015949674981,CBlock,100,247,613,960,GasA,0.268289832918241,SBrkr,-0.785025043886639,-1.0687706425537,1,0,-1.02736282330994,-0.756321032880405,-1.04580127322219,-0.207698474525451,-0.925062116656053,-0.924311211315714,Attchd,0.188243073725562,-0.662243117444525,-0.740760408320604,0.333213205383354,-0.359600750132276,-0.103330530851366,-0.285935458023539,MnPrv,-0.0895919598967582,Normal,0.44693779307133,1,2,2,3,2,3,0,3,3,7,3,5,2,3,3,1,0,2,-0.250997476711292,0,200905
1765,20,RL,0.962880733239914,-0.034000271514192,Pave,NONE,Lvl,Inside,Gtl,NAmes,Feedr,Norm,1Fam,1Story,6,5,1967,BrkComm,Brk Cmn,None,-0.567015949674981,CBlock,1173,0,507,1680,GasA,0.268289832918241,SBrkr,-0.785025043886639,0.375995163877571,1,0,-1.02736282330994,-0.756321032880405,-1.04580127322219,-0.207698474525451,-0.925062116656053,-0.924311211315714,Attchd,0.214932913866338,0.35864441180696,-0.740760408320604,0.288810806583336,3.68814772675117,-0.103330530851366,-0.285935458023539,MnPrv,-0.0895919598967582,Normal,0.44693779307133,1,2,3,2,2,3,0,4,3,7,3,1,2,3,3,1,0,1,-0.250997476711292,0,200907
1766,20,RL,1.02262520624584,0.0513446783482587,Pave,NONE,Lvl,Corner,Gtl,NAmes,Norm,Norm,1Fam,1Story,6,6,1961,MetalSd,MetalSd,BrkFace,-0.550239672383642,CBlock,1312,0,141,1453,GasA,0.268289832918241,SBrkr,-0.785025043886639,-0.0943937033326116,1,0,0.781365814350925,-0.756321032880405,0.169927088600022,-0.207698474525451,-0.287758288825272,0.623631660646747,Attchd,0.20158799379595,0.26583645460228,-0.740760408320604,0.0223964137832229,-0.359600750132276,-0.103330530851366,4.84092401746092,GdPrv,-0.0895919598967582,Normal,0.44693779307133,1,2,2,4,2,3,3,3,3,7,3,1,2,3,2,1,0,2,-0.250997476711292,0,200907
1767,20,RL,0.664158368210282,0.574066644667756,Pave,NONE,Lvl,Inside,Gtl,NAmes,Norm,Norm,1Fam,1Story,6,8,1966,MetalSd,MetalSd,BrkFace,0.607323460718689,CBlock,1387,0,175,1562,GasA,0.268289832918241,SBrkr,-0.785025043886639,0.130918611213442,1,0,0.781365814350925,-0.756321032880405,-1.04580127322219,-0.207698474525451,-0.925062116656053,2.17157453260921,Attchd,0.212708760521274,0.321521228925088,-0.740760408320604,0.925245189383605,-0.359600750132276,-0.103330530851366,5.80221016911426,GdWo,-0.0895919598967582,Normal,0.44693779307133,1,3,2,3,3,3,4,3,3,7,5,1,2,3,2,1,0,1,-0.250997476711292,0,200910
1768,20,RL,0.455052712689539,-0.178566754193529,Pave,NONE,Lvl,Inside,Gtl,NAmes,Norm,Norm,1Fam,1Story,5,7,1956,Wd Sdng,Wd Sdng,BrkFace,0.350087208918171,CBlock,856,0,313,1169,GasA,0.268289832918241,SBrkr,-0.785025043886639,-0.705108661181125,1,0,-1.02736282330994,-0.756321032880405,0.169927088600022,-0.207698474525451,-0.287758288825272,-0.924311211315714,Attchd,0.190467227070627,-0.866420623294823,1.29078121972942,-0.702842766617084,-0.359600750132276,-0.103330530851366,-0.285935458023539,NONE,-0.0895919598967582,Normal,0.44693779307133,1,2,3,2,2,3,0,3,3,7,5,1,2,3,3,1,0,2,-0.250997476711292,0,200909
1769,20,RL,-1.72562055202678,0.268448027775474,Pave,NONE,Lvl,Inside,Gtl,NAmes,Norm,Norm,1Fam,1Story,7,6,1960,Plywood,Plywood,BrkFace,0.148771881422113,CBlock,544,0,785,1329,GasA,0.268289832918241,SBrkr,-0.785025043886639,-0.33947025599674,0,0,-1.02736282330994,1.23259887250509,0.169927088600022,-0.207698474525451,-0.925062116656053,2.17157453260921,Attchd,0.199363840450886,-0.147158954958549,-0.740760408320604,-0.702842766617084,2.80075671451134,-0.103330530851366,-0.285935458023539,NONE,-0.0895919598967582,Normal,-2.23744784062252,1,2,2,3,2,3,4,3,3,7,4,1,2,3,2,1,0,1,-0.250997476711292,0,200911
1770,20,RL,0.245947057168796,-0.117696656223282,Pave,NONE,Lvl,Inside,Gtl,NAmes,Norm,Norm,1Fam,1Story,6,8,1959,MetalSd,MetalSd,None,-0.567015949674981,CBlock,708,0,280,988,GasA,0.268289832918241,SBrkr,-0.785025043886639,-1.01343077582309,1,0,0.781365814350925,-0.756321032880405,0.169927088600022,-0.207698474525451,-0.287758288825272,-0.924311211315714,Attchd,0.197139687105821,-0.815376246832248,0.492393264736998,-0.702842766617084,-0.359600750132276,-0.103330530851366,-0.285935458023539,NONE,-0.0895919598967582,Normal,0.44693779307133,1,2,3,2,3,3,0,3,3,7,5,1,2,3,2,1,0,1,-0.250997476711292,0,200909
1771,20,RL,0.365436003180649,-0.179834881234576,Pave,NONE,Lvl,Inside,Gtl,NAmes,Norm,Norm,1Fam,1Story,5,5,1956,BrkFace,BrkFace,None,-0.567015949674981,CBlock,435,202,565,1202,GasA,0.268289832918241,SBrkr,-0.785025043886639,-0.590476080096291,0,1,-1.02736282330994,-0.756321032880405,0.169927088600022,-0.207698474525451,-0.287758288825272,-0.924311211315714,Attchd,0.190467227070627,-0.78289346181061,-0.740760408320604,-0.184814780616865,1.50859085458316,-0.103330530851366,-0.285935458023539,GdWo,-0.0895919598967582,Abnorml,0.44693779307133,1,2,2,2,2,3,0,3,3,7,3,4,2,3,3,1,0,2,-0.250997476711292,0,200903
1772,20,RL,0.365436003180649,-0.179834881234576,Pave,NONE,Lvl,Inside,Gtl,NAmes,Norm,Norm,1Fam,1Story,5,5,1955,AsbShng,AsbShng,None,-0.567015949674981,CBlock,172,483,727,1382,GasA,0.268289832918241,FuseA,-0.785025043886639,-0.234719793970943,0,1,-1.02736282330994,-0.756321032880405,0.169927088600022,-0.207698474525451,-0.287758288825272,-0.924311211315714,Attchd,0.188243073725562,-0.569435160239845,1.47259233819304,-0.702842766617084,-0.359600750132276,-0.103330530851366,-0.285935458023539,GdWo,-0.0895919598967582,Normal,0.44693779307133,1,2,2,3,3,3,0,3,3,7,3,2,2,3,3,1,0,1,-0.250997476711292,0,200910
1773,20,RL,0.664158368210282,0.0294060805381488,Pave,NONE,Lvl,Corner,Gtl,NAmes,Norm,Norm,1Fam,1Story,4,5,1956,Plywood,Plywood,None,-0.567015949674981,CBlock,155,750,295,1200,GasA,0.268289832918241,SBrkr,-0.785025043886639,-0.594428927719906,1,0,-1.02736282330994,-0.756321032880405,0.169927088600022,-0.207698474525451,-0.287758288825272,2.17157453260921,Attchd,0.190467227070627,-0.82929744041295,-0.740760408320604,2.0945083577841,1.81995612203574,-0.103330530851366,-0.285935458023539,NONE,-0.0895919598967582,Family,0.44693779307133,1,2,2,2,2,3,4,3,3,7,3,2,2,3,3,1,0,1,-0.250997476711292,0,200903
1774,90,RL,0.544669422198429,-0.0870079818299488,Pave,NONE,Lvl,Inside,Gtl,NAmes,Norm,Norm,Duplex,1Story,5,4,1958,Wd Sdng,Wd Sdng,BrkFace,3.10698877712807,PConc,0,0,1866,1866,GasA,0.268289832918241,SBrkr,-0.785025043886639,0.721869330943881,0,0,0.781365814350925,-0.756321032880405,1.38565545042224,4.45593111885755,0.98684936683629,-0.924311211315714,Detchd,0.194915533760756,0.103422529494089,-0.740760408320604,-0.702842766617084,-0.359600750132276,-0.103330530851366,-0.285935458023539,NONE,-0.0895919598967582,Normal,0.44693779307133,1,2,2,4,2,3,0,3,2,7,1,1,2,3,3,1,0,1,-0.250997476711292,0,200904
1775,20,RL,-0.142392017369726,-0.258712383187688,Pave,NONE,Lvl,CulDSac,Gtl,NAmes,Norm,Norm,1Fam,1Story,6,7,1954,MetalSd,MetalSd,BrkFace,-0.119648555239297,CBlock,490,0,572,1062,GasA,0.268289832918241,SBrkr,-0.785025043886639,-0.86717541374934,1,0,-1.02736282330994,-0.756321032880405,0.169927088600022,-0.207698474525451,-0.287758288825272,-0.924311211315714,Attchd,0.186018920380498,-0.815376246832248,-0.740760408320604,-0.702842766617084,-0.359600750132276,-0.103330530851366,-0.285935458023539,NONE,-0.0895919598967582,Normal,0.44693779307133,1,2,2,3,2,3,0,3,3,7,5,1,2,3,2,1,0,1,-0.250997476711292,0,200905
1776,20,RL,0.275819293671759,0.367996000497649,Pave,NONE,Lvl,Corner,Gtl,NAmes,Norm,Norm,1Fam,1Story,5,5,1951,MetalSd,MetalSd,None,-0.567015949674981,CBlock,308,0,323,631,GasA,0.268289832918241,FuseA,-0.785025043886639,-0.768354223158965,0,0,-1.02736282330994,-0.756321032880405,-1.04580127322219,-0.207698474525451,-0.925062116656053,-0.924311211315714,Basment,0.179346460345304,0.0338165615905783,-0.740760408320604,-0.702842766617084,-0.359600750132276,-0.103330530851366,4.25347136922833,NONE,-0.0895919598967582,Normal,0.44693779307133,1,2,2,2,2,3,0,3,3,7,3,1,2,3,3,1,0,1,-0.250997476711292,0,200902
1777,30,RL,0.664158368210282,-0.21407431134284,Pave,NONE,Lvl,Corner,Gtl,NAmes,Norm,Norm,1Fam,1Story,5,6,1945,MetalSd,MetalSd,None,-0.567015949674981,CBlock,700,0,93,793,GasA,0.268289832918241,SBrkr,-0.785025043886639,-1.39883341912555,1,0,-1.02736282330994,-0.756321032880405,-1.04580127322219,-0.207698474525451,-1.56236594448683,-0.924311211315714,Detchd,0.166001540274916,-1.07987892486559,-0.740760408320604,-0.702842766617084,-0.359600750132276,-0.103330530851366,-0.285935458023539,NONE,-0.0895919598967582,Normal,0.44693779307133,1,3,2,2,1,3,0,3,3,7,4,1,2,3,3,1,0,1,-0.250997476711292,0,200911
1778,20,RL,0.0667136381510165,-0.322372360648238,Pave,NONE,Lvl,Inside,Gtl,NAmes,Norm,Norm,1Fam,1Story,5,8,1952,Wd Sdng,Wd Sdng,None,-0.567015949674981,CBlock,931,0,100,1031,GasA,0.268289832918241,SBrkr,-0.785025043886639,-0.928444551915372,1,0,-1.02736282330994,-0.756321032880405,-1.04580127322219,-0.207698474525451,-0.925062116656053,-0.924311211315714,Attchd,0.181570613690368,-1.12628290346793,-0.740760408320604,-0.702842766617084,-0.359600750132276,-0.103330530851366,-0.285935458023539,MnPrv,-0.0895919598967582,Normal,0.44693779307133,1,2,3,3,3,3,0,3,3,7,6,1,2,3,3,1,0,1,-0.250997476711292,0,200906
1779,20,RL,0.514797185695465,-0.0805405339206101,Pave,NONE,Lvl,Inside,Gtl,NAmes,Norm,Norm,1Fam,1Story,5,5,1953,Wd Sdng,Wd Sdng,BrkFace,0.215876990587466,Slab,0,0,0,0,GasA,0.268289832918241,FuseA,-0.785025043886639,-0.574664689601831,0,0,-1.02736282330994,1.23259887250509,-1.04580127322219,-0.207698474525451,0.349545539005509,-0.924311211315714,Attchd,0.183794767035433,0.664910670582406,0.903444489089533,-0.702842766617084,1.19722558713059,-0.103330530851366,-0.285935458023539,MnPrv,-0.0895919598967582,Normal,0.44693779307133,0,2,2,2,2,0,0,3,3,7,0,0,2,3,3,0,0,3,-4.91413779376274,0,200911
1780,60,RL,0.604413895204355,0.158628226020819,Pave,NONE,Lvl,Corner,Gtl,NAmes,Artery,Norm,1Fam,2Story,7,7,1948,WdShing,Wd Shng,None,-0.567015949674981,CBlock,699,0,0,699,GasA,0.268289832918241,FuseA,0.908751313229764,0.0518616587411425,1,0,-1.02736282330994,1.23259887250509,0.169927088600022,-0.207698474525451,-0.287758288825272,0.623631660646747,Attchd,0.17267400031011,-0.291011288625803,-0.740760408320604,-0.702842766617084,1.72654654179996,-0.103330530851366,-0.285935458023539,GdWo,-0.0895919598967582,Normal,0.44693779307133,1,2,2,4,2,3,4,3,3,7,5,1,2,3,3,2,0,1,-0.250997476711292,0,200904
1781,20,RL,0.0667136381510165,-0.0720440827455964,Pave,NONE,Lvl,Inside,Gtl,NAmes,Norm,Norm,1Fam,1Story,5,6,1950,Wd Sdng,Wd Sdng,None,-0.567015949674981,CBlock,390,0,810,1200,GasA,0.268289832918241,SBrkr,-0.785025043886639,-0.594428927719906,0,0,-1.02736282330994,-0.756321032880405,0.169927088600022,-0.207698474525451,-0.287758288825272,-0.924311211315714,Attchd,0.177122307000239,-1.05203653770418,0.255248327610536,-0.702842766617084,-0.359600750132276,-0.103330530851366,-0.285935458023539,GdWo,-0.0895919598967582,Normal,0.44693779307133,1,2,2,2,2,3,0,3,3,7,4,1,2,3,3,1,0,3,-0.250997476711292,0,200911
1782,20,RL,-0.142392017369726,-0.595780550697931,Pave,NONE,Lvl,Inside,Gtl,OldTown,Norm,Norm,1Fam,1Story,3,5,1958,MetalSd,MetalSd,None,-0.567015949674981,CBlock,0,0,792,792,GasA,0.268289832918241,FuseA,-0.785025043886639,-1.40080984293736,0,0,-1.02736282330994,-0.756321032880405,-1.04580127322219,-0.207698474525451,-1.56236594448683,-0.924311211315714,Attchd,0.194915533760756,-0.495188794476101,-0.740760408320604,0.62922919738348,-0.359600750132276,-0.103330530851366,-0.285935458023539,NONE,-0.0895919598967582,Normal,0.44693779307133,1,2,2,3,2,3,0,2,3,7,1,1,2,3,3,1,0,1,-0.250997476711292,0,200911
1783,60,RL,0.0667136381510165,0.0801311621800214,Pave,NONE,Lvl,Inside,Gtl,OldTown,Norm,Norm,1Fam,2Story,5,7,1939,VinylSd,VinylSd,None,-0.567015949674981,BrkTil,0,0,676,676,GasA,0.268289832918241,SBrkr,0.792100048965549,-0.294012508325168,0,1,0.781365814350925,-0.756321032880405,1.38565545042224,-0.207698474525451,0.349545539005509,-0.924311211315714,Detchd,0.152656620204528,1.14751204804674,0.737443033101009,-0.702842766617084,1.63313696156419,-0.103330530851366,-0.285935458023539,NONE,-0.0895919598967582,Normal,0.44693779307133,1,3,2,4,3,3,0,3,3,7,1,1,2,3,3,1,0,1,-0.250997476711292,0,200911
1784,70,RL,0.664158368210282,-0.256429754513803,Pave,NONE,Lvl,Corner,Gtl,OldTown,Norm,Norm,1Fam,2Story,4,8,1900,MetalSd,MetalSd,None,-0.567015949674981,BrkTil,0,0,405,405,GasA,0.268289832918241,SBrkr,-0.0337909020250941,-0.912633161420912,0,0,-1.02736282330994,-0.756321032880405,-1.04580127322219,-0.207698474525451,-0.287758288825272,-0.924311211315714,Detchd,0.154880773549592,-0.889622612595993,-0.740760408320604,-0.702842766617084,2.25586749646934,-0.103330530851366,1.6900416314861,NONE,-0.0895919598967582,Normal,0.44693779307133,1,3,3,3,2,3,0,3,3,7,1,1,0,3,3,1,0,1,-0.799602219893816,0,200908
1785,30,RL,0.0667136381510165,0.00784792084035296,Pave,Grvl,Lvl,Inside,Gtl,OldTown,Norm,Norm,1Fam,1Story,5,7,1925,MetalSd,MetalSd,None,-0.567015949674981,BrkTil,0,0,1054,1054,GasA,0.268289832918241,SBrkr,-0.785025043886639,-0.83555263276042,0,0,-1.02736282330994,-0.756321032880405,0.169927088600022,-0.207698474525451,-0.287758288825272,-0.924311211315714,Detchd,0.259415980767632,-0.968509376219971,-0.740760408320604,-0.702842766617084,-0.359600750132276,-0.103330530851366,1.70784322688708,GdWo,-0.0895919598967582,Normal,0.44693779307133,1,2,2,4,4,3,0,3,3,7,1,1,0,3,3,1,0,1,-0.250997476711292,0,200904
1786,50,RL,0.0667136381510165,0.0306742075791956,Pave,Grvl,Lvl,Inside,Gtl,OldTown,Norm,Norm,1Fam,1.5Fin,4,5,1915,MetalSd,MetalSd,None,-0.567015949674981,BrkTil,0,0,1313,1313,GasA,0.268289832918241,SBrkr,-0.785025043886639,1.73182189877751,0,0,0.781365814350925,-0.756321032880405,0.169927088600022,-0.207698474525451,0.98684936683629,0.623631660646747,Detchd,0.186018920380498,0.256555658881811,-0.740760408320604,-0.702842766617084,6.3658890268433,-0.103330530851366,-0.285935458023539,NONE,-0.0895919598967582,Normal,0.44693779307133,1,2,2,2,3,3,3,3,3,5,1,1,2,3,3,1,0,1,-0.250997476711292,0,200909
1787,70,RL,0.0667136381510165,-0.376394572596832,Pave,NONE,Lvl,Corner,Gtl,OldTown,Artery,Norm,1Fam,2Story,7,9,1910,VinylSd,VinylSd,None,-0.567015949674981,PConc,0,0,560,560,GasA,0.268289832918241,SBrkr,0.98807417292943,0.374018740065763,0,0,0.781365814350925,-0.756321032880405,1.38565545042224,-0.207698474525451,-0.925062116656053,-0.924311211315714,Detchd,0.30612320101399,0.702033853464278,-0.740760408320604,-0.702842766617084,1.38404474760213,-0.103330530851366,-0.285935458023539,NONE,-0.0895919598967582,Normal,0.44693779307133,1,3,3,4,3,3,0,3,3,7,1,1,2,3,3,1,0,1,-0.250997476711292,0,200911
1788,30,RL,0.962880733239914,-0.604657439985259,Pave,NONE,Lvl,Inside,Gtl,OldTown,Artery,Norm,1Fam,1Story,2,5,1940,Stucco,Stucco,None,-0.567015949674981,PConc,0,0,416,416,GasA,-3.72731232161413,FuseA,-0.785025043886639,-1.78225963861621,1,0,-1.02736282330994,-0.756321032880405,-1.04580127322219,-0.207698474525451,-1.56236594448683,-0.924311211315714,NONE,-4.15997671587587,-2.19357441132175,-0.740760408320604,0.496022000983423,-0.359600750132276,-0.103330530851366,-0.285935458023539,NONE,-0.0895919598967582,Normal,0.44693779307133,1,2,1,3,3,3,0,0,0,7,1,1,0,3,3,1,0,0,-0.799602219893816,0,200909
1789,30,RL,0.0667136381510165,0.0801311621800214,Pave,Grvl,Lvl,Inside,Gtl,OldTown,Norm,Norm,1Fam,1Story,5,7,1920,Wd Sdng,Wd Sdng,None,-0.567015949674981,BrkTil,0,0,720,720,GasA,-3.72731232161413,SBrkr,-0.785025043886639,-1.29408295709976,0,0,-1.02736282330994,-0.756321032880405,-1.04580127322219,-0.207698474525451,-1.56236594448683,-0.924311211315714,Detchd,0.243846907352179,0.479294756173045,-0.740760408320604,-0.702842766617084,-0.359600750132276,-0.103330530851366,-0.285935458023539,NONE,-0.0895919598967582,Normal,0.44693779307133,1,2,2,2,3,3,0,3,3,7,1,1,0,3,3,1,0,3,-0.250997476711292,0,200909
1790,30,RL,0.0667136381510165,0.0801311621800214,Pave,Grvl,Lvl,Corner,Gtl,OldTown,Norm,Norm,1Fam,1Story,3,5,1890,VinylSd,VinylSd,None,-0.567015949674981,BrkTil,0,0,630,630,GasA,0.268289832918241,FuseA,-0.785025043886639,-1.53323023832846,0,0,-1.02736282330994,1.23259887250509,-2.26152963504441,-0.207698474525451,-1.56236594448683,-0.924311211315714,Detchd,0.197139687105821,-0.708647096046866,-0.740760408320604,-0.258818778616896,-0.359600750132276,-0.103330530851366,-0.285935458023539,NONE,-0.0895919598967582,Normal,0.44693779307133,1,2,2,2,2,3,0,3,3,7,1,1,2,3,3,1,0,1,-0.250997476711292,0,200903
1791,90,RL,0.694030604713245,-0.063040380754164,Pave,NONE,Lvl,Corner,Gtl,NAmes,Artery,Norm,Duplex,2Story,6,5,1969,MetalSd,MetalSd,Stone,2.11718841693912,CBlock,0,0,1248,1248,GasA,0.268289832918241,SBrkr,2.23857572584182,2.06188467534936,0,0,0.781365814350925,3.22151877789059,3.81711217406667,4.45593111885755,3.53606467815941,-0.924311211315714,Attchd,0.219381220556468,2.01526644791051,-0.740760408320604,-0.702842766617084,-0.359600750132276,-0.103330530851366,-0.285935458023539,NONE,-0.0895919598967582,Normal,0.44693779307133,1,2,2,2,2,3,0,3,3,7,1,1,2,3,3,1,0,2,-0.250997476711292,0,200911
1792,20,RL,0.753775077719171,-0.00318478441675434,Pave,NONE,Lvl,Inside,Gtl,NAmes,Norm,Norm,1Fam,1Story,6,7,1963,HdBoard,HdBoard,BrkFace,1.0826513173066,CBlock,384,0,996,1380,GasA,0.268289832918241,SBrkr,-0.785025043886639,-0.238672641594558,0,0,-1.02736282330994,1.23259887250509,0.169927088600022,-0.207698474525451,-0.287758288825272,-0.924311211315714,Attchd,0.20603630048608,-0.504469590196569,-0.740760408320604,-0.702842766617084,-0.359600750132276,-0.103330530851366,3.55920914858981,GdWo,-0.0895919598967582,Normal,0.44693779307133,1,2,2,1,2,3,0,3,3,7,3,1,2,3,3,1,0,1,-0.250997476711292,0,200909
1793,20,RL,0.574541658701392,0.168900055053299,Pave,NONE,Lvl,Inside,Gtl,NAmes,Norm,Norm,1Fam,1Story,6,4,1967,HdBoard,HdBoard,None,-0.567015949674981,CBlock,872,60,108,1040,GasA,0.268289832918241,SBrkr,-0.785025043886639,-0.910656737609104,1,0,-1.02736282330994,-0.756321032880405,0.169927088600022,-0.207698474525451,-0.287758288825272,0.623631660646747,Attchd,0.214932913866338,0.0338165615905783,-0.740760408320604,-0.702842766617084,2.06904833599779,-0.103330530851366,-0.285935458023539,MnPrv,-0.0895919598967582,Normal,0.44693779307133,1,2,1,3,2,2,1,3,3,6,4,3,2,3,2,1,0,2,-0.250997476711292,0,200908
1794,20,RL,0.126458111156943,-0.27367628227204,Pave,NONE,Lvl,Inside,Gtl,NAmes,Norm,Norm,1Fam,1Story,6,9,1958,Wd Sdng,Wd Sdng,None,-0.567015949674981,CBlock,745,0,206,951,GasA,0.268289832918241,SBrkr,-0.785025043886639,-1.08655845685997,1,0,-1.02736282330994,-0.756321032880405,-1.04580127322219,-0.207698474525451,-0.287758288825272,-0.924311211315714,Detchd,0.254967674077503,0.0338165615905783,-0.740760408320604,-0.702842766617084,0.294266311518127,-0.103330530851366,-0.285935458023539,NONE,0.703632128120893,Normal,0.44693779307133,1,3,3,3,3,3,0,3,3,7,6,1,2,3,3,2,0,1,-0.250997476711292,0,200912
1795,20,RL,0.962880733239914,0.0362539665598016,Pave,NONE,Lvl,Corner,Gtl,NAmes,Norm,Norm,1Fam,1Story,6,6,1957,Plywood,Plywood,Stone,0.232653267878804,CBlock,546,0,559,1105,GasA,0.268289832918241,FuseA,-0.785025043886639,-0.782189189841618,0,0,-1.02736282330994,-0.756321032880405,0.169927088600022,-0.207698474525451,-0.925062116656053,-0.924311211315714,Detchd,0.192691380415692,-0.764331870369674,-0.740760408320604,-0.702842766617084,-0.359600750132276,-0.103330530851366,-0.285935458023539,NONE,-0.0895919598967582,Normal,0.44693779307133,1,2,2,3,2,3,0,3,3,7,3,1,2,3,2,1,0,1,-0.250997476711292,0,200907
1796,20,RL,0.664158368210282,-0.148131705208405,Pave,NONE,HLS,Inside,Mod,NAmes,Norm,Norm,1Fam,1Story,6,6,1958,Wd Sdng,Wd Sdng,BrkFace,-0.108464370378405,CBlock,0,0,160,160,GasA,0.268289832918241,SBrkr,-0.785025043886639,-0.709061508804741,0,0,-1.02736282330994,-0.756321032880405,-1.04580127322219,-0.207698474525451,-0.925062116656053,0.623631660646747,Basment,0.194915533760756,-0.411661632991888,-0.740760408320604,-0.288420377816909,0.636768105715958,-0.103330530851366,-0.285935458023539,NONE,-0.0895919598967582,Normal,0.44693779307133,1,2,2,1,2,3,4,3,3,7,1,1,2,3,2,4,0,2,0.297607266471232,0,200907
1797,50,RL,0.0667136381510165,-0.266828396250387,Pave,NONE,Lvl,Inside,Gtl,NAmes,Artery,Norm,1Fam,1.5Fin,6,5,1950,Wd Sdng,Wd Sdng,None,-0.567015949674981,CBlock,621,0,174,795,GasA,-3.72731232161413,SBrkr,0.0735282610979837,-0.726849323111008,0,0,-1.02736282330994,-0.756321032880405,0.169927088600022,-0.207698474525451,-0.925062116656053,-0.924311211315714,Detchd,0.263864287457761,1.98278366288887,-0.740760408320604,-0.702842766617084,-0.359600750132276,-0.103330530851366,3.82623307960462,NONE,-0.0895919598967582,Abnorml,0.44693779307133,1,2,2,3,2,3,0,3,3,7,3,1,2,3,3,3,0,1,-0.250997476711292,0,200904
1798,20,RL,0.395308239683612,-0.35737266698113,Pave,NONE,Lvl,Inside,Gtl,NAmes,Norm,Norm,1Fam,1Story,5,6,1958,BrkFace,BrkFace,None,-0.567015949674981,CBlock,0,0,1041,1041,GasA,0.268289832918241,SBrkr,-0.785025043886639,-0.908680313797297,0,0,-1.02736282330994,-0.756321032880405,0.169927088600022,-0.207698474525451,-0.287758288825272,-0.924311211315714,Attchd,0.194915533760756,-0.82929744041295,-0.740760408320604,-0.702842766617084,-0.359600750132276,-0.103330530851366,-0.285935458023539,GdWo,-0.0895919598967582,Normal,0.44693779307133,1,2,2,3,2,3,0,3,3,7,1,1,2,3,3,1,0,2,-0.250997476711292,0,200906
1799,20,RL,0.0667136381510165,-0.376394572596832,Pave,NONE,Lvl,Corner,Gtl,NAmes,Norm,Norm,1Fam,1Story,5,7,1952,MetalSd,MetalSd,None,-0.567015949674981,CBlock,630,102,0,732,GasA,0.268289832918241,SBrkr,-0.785025043886639,-1.51939527164581,1,0,-1.02736282330994,-0.756321032880405,-1.04580127322219,-0.207698474525451,-1.56236594448683,-0.924311211315714,Detchd,0.181570613690368,-1.07987892486559,-0.740760408320604,0.303611606183342,-0.359600750132276,-0.103330530851366,-0.285935458023539,NONE,-0.0895919598967582,Normal,0.44693779307133,1,3,2,2,2,4,0,3,3,7,5,4,2,3,3,1,0,1,-0.250997476711292,0,200912
1800,80,RL,0.664158368210282,-0.274944409313087,Pave,NONE,Lvl,Inside,Gtl,NAmes,Norm,Norm,1Fam,SLvl,5,5,1959,BrkFace,Plywood,None,-0.567015949674981,CBlock,433,95,0,528,GasA,0.268289832918241,SBrkr,-0.785025043886639,-0.628028132520634,1,0,-1.02736282330994,-0.756321032880405,0.169927088600022,-0.207698474525451,-0.287758288825272,-0.924311211315714,Attchd,0.197139687105821,-0.857139827574354,-0.740760408320604,-0.702842766617084,-0.359600750132276,-0.103330530851366,-0.285935458023539,GdWo,-0.0895919598967582,Normal,0.44693779307133,1,2,2,2,2,3,0,3,3,7,6,3,2,3,3,3,0,2,0.297607266471232,0,200910
1801,50,RL,0.0667136381510165,0.0801311621800214,Pave,NONE,Lvl,Inside,Gtl,NAmes,Artery,Norm,1Fam,1.5Fin,4,7,1949,MetalSd,MetalSd,None,-0.567015949674981,CBlock,0,0,832,832,GasA,0.268289832918241,FuseF,0.682447860557186,-0.0785823128381517,0,0,0.781365814350925,-0.756321032880405,1.38565545042224,-0.207698474525451,-0.287758288825272,-0.924311211315714,Detchd,0.174898153655174,-0.411661632991888,-0.740760408320604,2.31652035178419,-0.359600750132276,-0.103330530851366,-0.285935458023539,NONE,-0.0895919598967582,Normal,0.44693779307133,1,2,2,2,2,3,0,3,3,7,1,1,2,3,3,1,0,1,-0.250997476711292,0,200911
1802,50,RL,0.0667136381510165,-0.266828396250387,Pave,NONE,Lvl,Corner,Gtl,NAmes,Artery,Norm,1Fam,1.5Fin,6,7,1948,MetalSd,MetalSd,None,-0.567015949674981,CBlock,120,0,744,864,GasA,0.268289832918241,SBrkr,-0.785025043886639,-0.0113839032366971,0,0,-1.02736282330994,-0.756321032880405,0.169927088600022,-0.207698474525451,-0.287758288825272,-0.924311211315714,Detchd,0.274985054183085,0.479294756173045,0.682109214438168,-0.170013981016859,-0.359600750132276,-0.103330530851366,-0.285935458023539,NONE,-0.0895919598967582,Abnorml,0.44693779307133,1,2,2,2,2,3,0,3,3,7,2,1,2,3,3,1,0,1,-0.250997476711292,0,200911
1803,60,RL,0.544669422198429,-0.3294738720781,Pave,NONE,Lvl,Corner,Gtl,NAmes,Norm,Norm,1Fam,2Story,6,5,1964,HdBoard,HdBoard,BrkFace,1.78166287111236,CBlock,0,0,780,780,GasA,0.268289832918241,SBrkr,1.1117245130495,0.603283902235432,0,0,-1.02736282330994,1.23259887250509,1.38565545042224,-0.207698474525451,0.98684936683629,-0.924311211315714,Attchd,0.208260453831144,0.0477377551712803,-0.740760408320604,0.11120121138326,-0.359600750132276,-0.103330530851366,-0.285935458023539,NONE,-0.0895919598967582,Normal,0.44693779307133,1,2,2,2,2,3,0,3,3,7,1,1,2,3,3,1,0,1,-0.250997476711292,0,200906
1804,90,RL,0.514797185695465,-0.198349536033859,Pave,NONE,Lvl,Inside,Gtl,NAmes,Norm,Norm,Duplex,SFoyer,5,7,1978,Plywood,Plywood,BrkFace,0.126403511700329,CBlock,941,0,0,941,GasA,0.268289832918241,SBrkr,-0.785025043886639,-1.10632269497805,1,0,-1.02736282330994,-0.756321032880405,-1.04580127322219,-0.207698474525451,-1.56236594448683,-0.924311211315714,Attchd,0.23939860066205,0.423609981850236,-0.740760408320604,-0.110810782616833,-0.359600750132276,-0.103330530851366,-0.285935458023539,NONE,-0.0895919598967582,Normal,0.44693779307133,1,3,2,3,3,3,0,3,3,7,6,1,2,3,2,3,0,1,0.297607266471232,0,200903
1805,20,RL,0.664158368210282,-0.283060422375786,Pave,NONE,Lvl,Inside,Gtl,NAmes,Norm,Norm,1Fam,1Story,6,6,1963,HdBoard,HdBoard,None,-0.567015949674981,CBlock,826,0,219,1045,GasA,0.268289832918241,SBrkr,-0.785025043886639,-0.900774618550067,1,0,-1.02736282330994,-0.756321032880405,0.169927088600022,-0.207698474525451,-0.287758288825272,0.623631660646747,Attchd,0.20603630048608,-0.968509376219971,-0.740760408320604,-0.702842766617084,-0.359600750132276,-0.103330530851366,-0.285935458023539,NONE,-0.0895919598967582,Normal,0.44693779307133,1,2,2,2,2,3,2,3,3,7,4,1,2,3,3,1,0,2,-0.250997476711292,0,200907
1806,50,RM,0.305691530174723,-0.772050209403438,Pave,Grvl,Lvl,Inside,Gtl,OldTown,Norm,Norm,1Fam,1.5Fin,6,8,1935,Wd Sdng,Wd Sdng,None,-0.567015949674981,PConc,0,0,901,901,GasA,0.268289832918241,SBrkr,0.421149028605345,-0.242625489218173,0,0,-1.02736282330994,-0.756321032880405,0.169927088600022,-0.207698474525451,-0.287758288825272,-0.924311211315714,Detchd,0.110397706648299,-1.44182995796384,-0.313899521492972,-0.702842766617084,0.26312978477287,-0.103330530851366,-0.285935458023539,NONE,-0.0895919598967582,Normal,0.44693779307133,1,2,2,3,3,3,0,2,2,7,1,1,1,3,3,1,0,1,-0.250997476711292,0,200909
1807,90,RM,-0.0229030713578732,0.0176124990564134,Pave,Grvl,Lvl,Inside,Gtl,OldTown,Norm,Norm,Duplex,2Story,6,5,1910,Wd Sdng,Wd Sdng,None,-0.567015949674981,CBlock,633,0,339,972,GasA,-3.72731232161413,FuseA,1.4826755334097,0.876030388264865,1,0,0.781365814350925,-0.756321032880405,1.38565545042224,4.45593111885755,3.53606467815941,-0.924311211315714,Detchd,0.110397706648299,-0.69008550460593,-0.740760408320604,-0.288420377816909,2.27143575984197,-0.103330530851366,-0.285935458023539,NONE,-0.0895919598967582,Normal,0.44693779307133,1,2,2,3,2,3,0,2,3,7,2,1,0,3,3,2,0,1,-0.250997476711292,0,200909
1808,50,RM,0.962880733239914,0.696440904128774,Pave,NONE,Lvl,Inside,Gtl,OldTown,Norm,Norm,1Fam,1.5Fin,5,8,1910,VinylSd,VinylSd,None,-0.567015949674981,CBlock,0,0,240,240,GasA,0.268289832918241,SBrkr,0.372155497614374,-0.384928003668312,0,0,-1.02736282330994,1.23259887250509,0.169927088600022,-0.207698474525451,-0.287758288825272,-0.924311211315714,Detchd,0.197139687105821,-0.00330662129129393,-0.740760408320604,-0.702842766617084,-0.359600750132276,-0.103330530851366,-0.285935458023539,MnPrv,-0.0895919598967582,Normal,0.44693779307133,1,3,2,2,3,3,0,2,3,7,1,1,0,3,3,1,0,1,-0.250997476711292,0,200910
1809,70,RM,0.962880733239914,-0.034000271514192,Pave,NONE,Lvl,Corner,Gtl,OldTown,Norm,Norm,1Fam,2Story,5,8,1910,VinylSd,VinylSd,None,-0.567015949674981,CBlock,0,0,504,504,GasA,0.268289832918241,SBrkr,0.848092655812372,-0.0726530414027293,0,0,0.781365814350925,-0.756321032880405,0.169927088600022,-0.207698474525451,0.349545539005509,-0.924311211315714,NONE,-4.15997671587587,-2.19357441132175,-0.740760408320604,-0.702842766617084,2.38041360345037,-0.103330530851366,-0.285935458023539,NONE,-0.0895919598967582,Normal,0.44693779307133,1,2,3,4,2,3,0,0,0,7,1,1,0,3,3,1,0,0,-0.250997476711292,0,200906
1810,70,RM,-0.0229030713578732,-0.477083859655949,Pave,Grvl,Lvl,Inside,Gtl,OldTown,Norm,Norm,1Fam,2Story,5,6,1939,Wd Sdng,Wd Sdng,None,-0.567015949674981,BrkTil,421,0,269,690,GasA,0.268289832918241,FuseA,0.824762402959529,0.113130796907175,0,0,-1.02736282330994,1.23259887250509,0.169927088600022,-0.207698474525451,0.349545539005509,0.623631660646747,Detchd,0.152656620204528,-0.337415267228144,-0.740760408320604,-0.170013981016859,-0.359600750132276,-0.103330530851366,2.95395490495622,MnPrv,-0.0895919598967582,Normal,0.44693779307133,1,2,2,2,2,3,4,3,3,7,5,1,2,3,3,1,0,1,-0.250997476711292,0,200902
1811,190,RM,0.156330347659906,-0.322245547944133,Pave,NONE,Lvl,Corner,Gtl,OldTown,Artery,Norm,2fmCon,2Story,4,6,1920,AsbShng,AsbShng,None,-0.567015949674981,BrkTil,0,0,600,600,GasA,-3.72731232161413,SBrkr,0.614790127283942,0.395759401995645,0,0,0.781365814350925,-0.756321032880405,1.38565545042224,4.45593111885755,0.98684936683629,-0.924311211315714,NONE,-4.15997671587587,-2.19357441132175,-0.740760408320604,-0.702842766617084,1.94450222901676,-0.103330530851366,-0.285935458023539,NONE,-0.0895919598967582,Normal,0.44693779307133,1,2,1,3,1,1,0,0,0,7,1,1,0,3,3,1,0,0,-0.799602219893816,0,200902
1812,50,RM,-0.0527753078608365,-0.00432609875369647,Pave,Grvl,Lvl,Inside,Gtl,OldTown,Norm,Norm,1Fam,1.5Fin,5,5,1910,MetalSd,MetalSd,None,-0.567015949674981,BrkTil,0,0,801,801,GasA,-3.72731232161413,SBrkr,0.722109290407019,-0.106252246203457,0,0,-1.02736282330994,-0.756321032880405,0.169927088600022,-0.207698474525451,-0.287758288825272,-0.924311211315714,NONE,-4.15997671587587,-2.19357441132175,-0.108373909316705,-0.702842766617084,3.43905551278911,-0.103330530851366,-0.285935458023539,NONE,-0.0895919598967582,Normal,0.44693779307133,1,2,2,3,2,3,0,0,0,7,1,1,0,3,3,1,0,0,-0.799602219893816,0,200910
1813,50,RM,-0.232008726878616,-0.52856981752245,Pave,NONE,Lvl,Inside,Gtl,OldTown,Norm,Norm,1Fam,1.5Fin,5,7,1950,Wd Sdng,Wd Sdng,None,-0.567015949674981,CBlock,384,0,384,768,GasA,0.268289832918241,FuseA,0.52146911587257,-0.341446679808548,0,0,-1.02736282330994,1.23259887250509,0.169927088600022,-0.207698474525451,-0.287758288825272,-0.924311211315714,Detchd,0.177122307000239,-0.764331870369674,-0.740760408320604,-0.525233171417009,-0.359600750132276,-0.103330530851366,-0.285935458023539,MnPrv,-0.0895919598967582,Normal,0.44693779307133,1,4,2,2,2,3,0,3,3,7,4,1,2,3,3,1,0,1,-0.250997476711292,0,200906
1814,30,RM,0.126458111156943,-0.350524780959477,Pave,NONE,Lvl,Corner,Gtl,OldTown,Norm,Norm,1Fam,1Story,4,6,1920,MetalSd,MetalSd,None,-0.567015949674981,BrkTil,0,0,861,861,GasA,0.268289832918241,SBrkr,-0.785025043886639,-1.26443659992264,0,0,-1.02736282330994,-0.756321032880405,-1.04580127322219,-0.207698474525451,-0.925062116656053,-0.924311211315714,Detchd,0.110397706648299,-0.857139827574354,-0.740760408320604,-0.702842766617084,1.63313696156419,-0.103330530851366,-0.285935458023539,NONE,-0.0895919598967582,Normal,0.44693779307133,1,2,2,2,2,3,0,3,3,7,1,1,0,3,3,1,0,1,-0.799602219893816,0,200903
1815,30,RM,-0.232008726878616,-0.538080770330301,Pave,NONE,Lvl,Corner,Gtl,OldTown,Norm,Norm,1Fam,1Story,2,4,1940,MetalSd,MetalSd,None,-0.567015949674981,BrkTil,0,0,0,0,GasA,-3.72731232161413,FuseA,-0.785025043886639,-1.75656612906271,0,0,-1.02736282330994,-0.756321032880405,-2.26152963504441,-0.207698474525451,-1.56236594448683,-0.924311211315714,Detchd,0.210484607176209,-0.764331870369674,-0.740760408320604,-0.702842766617084,0.0296058341834401,-0.103330530851366,-0.285935458023539,NONE,-0.0895919598967582,Normal,0.44693779307133,0,3,2,1,2,0,0,3,2,7,0,0,0,3,3,0,0,1,-4.91413779376274,0,200902
1816,30,RM,0.0667136381510165,-0.209001803178652,Pave,NONE,Lvl,Inside,Gtl,OldTown,Norm,Norm,1Fam,1Story,5,8,1923,Stucco,Stucco,None,-0.567015949674981,PConc,0,0,624,624,GasA,0.268289832918241,SBrkr,-0.785025043886639,-1.40080984293736,0,0,-1.02736282330994,-0.756321032880405,-1.04580127322219,-0.207698474525451,-0.925062116656053,-0.924311211315714,Detchd,0.20603630048608,-0.861780225434588,-0.740760408320604,-0.702842766617084,0.901428583050645,-0.103330530851366,-0.285935458023539,GdWo,-0.0895919598967582,Normal,0.44693779307133,1,2,3,2,2,3,0,3,3,7,1,1,2,3,3,1,0,1,-0.799602219893816,0,200905
1817,70,RM,0.0667136381510165,-0.0720440827455964,Pave,NONE,Lvl,Inside,Gtl,OldTown,Norm,Norm,1Fam,2Story,4,4,1910,VinylSd,VinylSd,None,-0.567015949674981,BrkTil,0,0,677,677,GasA,0.268289832918241,SBrkr,0.794433074250833,0.0182624539404152,0,0,0.781365814350925,-0.756321032880405,0.169927088600022,-0.207698474525451,0.349545539005509,-0.924311211315714,Detchd,0.230501987281791,1.14751204804674,-0.740760408320604,-0.702842766617084,2.13132138948831,-0.103330530851366,-0.285935458023539,NONE,-0.0895919598967582,Normal,0.44693779307133,1,3,3,2,3,3,0,3,3,7,1,1,0,3,3,1,0,1,-0.799602219893816,0,200909
1818,70,RM,0.365436003180649,-0.224219327671214,Pave,NONE,Lvl,Corner,Gtl,OldTown,Artery,Norm,1Fam,2Story,6,7,1900,Stucco,BrkFace,None,-0.567015949674981,BrkTil,0,0,917,917,GasA,0.268289832918241,FuseA,1.35435914271907,1.00054508840874,0,0,0.781365814350925,-0.756321032880405,0.169927088600022,-0.207698474525451,0.98684936683629,-0.924311211315714,Detchd,0.132639240098946,-0.536952375218207,-0.740760408320604,2.77534513938439,-0.359600750132276,-0.103330530851366,-0.285935458023539,NONE,-0.0895919598967582,Normal,0.44693779307133,1,2,2,3,4,4,0,3,3,7,1,1,2,3,3,2,0,1,-0.799602219893816,0,200909
1819,70,RM,0.0667136381510165,-0.832920307373686,Pave,Grvl,Lvl,Inside,Gtl,OldTown,Norm,Norm,1Fam,2Story,6,7,1917,Stucco,Stucco,None,-0.567015949674981,BrkTil,0,0,624,624,GasA,0.268289832918241,SBrkr,0.670782734130765,-0.420503632280847,1,0,-1.02736282330994,-0.756321032880405,0.169927088600022,-0.207698474525451,-0.925062116656053,0.623631660646747,Attchd,0.103725246613105,-0.894263010456227,-0.740760408320604,0.821639592183561,-0.359600750132276,-0.103330530851366,-0.285935458023539,NONE,-0.0895919598967582,Normal,0.44693779307133,1,2,2,4,4,3,4,3,3,7,1,1,0,3,3,1,0,1,-0.250997476711292,0,200908
1820,30,C (all),-1.72562055202678,-0.87096411860509,Pave,NONE,Lvl,Inside,Gtl,OldTown,Norm,Norm,1Fam,1Story,4,3,1910,Stucco,Stucco,None,-0.567015949674981,BrkTil,0,0,624,624,GasA,0.268289832918241,SBrkr,-0.785025043886639,-1.35337567145398,0,0,-1.02736282330994,-0.756321032880405,-1.04580127322219,-0.207698474525451,-0.925062116656053,0.623631660646747,NONE,-4.15997671587587,-2.19357441132175,-0.740760408320604,-0.214416379816877,-0.359600750132276,-0.103330530851366,-0.285935458023539,NONE,-0.0895919598967582,Normal,-2.23744784062252,1,2,2,4,2,3,4,0,0,7,1,1,0,3,3,1,0,0,-0.250997476711292,0,200909
1821,50,RM,0.0667136381510165,-0.604657439985259,Pave,NONE,Lvl,Inside,Gtl,OldTown,Norm,Norm,1Fam,1.5Fin,6,6,1920,MetalSd,MetalSd,None,-0.567015949674981,BrkTil,0,0,972,972,GasA,0.268289832918241,SBrkr,-0.785025043886639,-0.0410302604138094,0,0,-1.02736282330994,-0.756321032880405,0.169927088600022,-0.207698474525451,-0.287758288825272,-0.924311211315714,Detchd,0.110397706648299,-1.23301205425331,-0.740760408320604,-0.702842766617084,2.38041360345037,-0.103330530851366,-0.285935458023539,NONE,-0.0895919598967582,Family,0.44693779307133,1,2,1,4,2,3,0,2,3,7,1,1,2,3,3,1,0,1,-0.250997476711292,0,200912
1822,70,RM,0.0667136381510165,-0.0568265582530346,Pave,Grvl,Lvl,Inside,Gtl,OldTown,Norm,Norm,1Fam,2Story,6,7,1910,MetalSd,MetalSd,None,-0.567015949674981,PConc,0,0,741,741,GasA,0.268289832918241,SBrkr,0.943746692509028,0.0400031158702976,0,0,-1.02736282330994,-0.756321032880405,1.38565545042224,-0.207698474525451,0.98684936683629,-0.924311211315714,Detchd,0.177122307000239,0.776280219228022,-0.740760408320604,-0.702842766617084,3.34564593255334,-0.103330530851366,-0.285935458023539,MnPrv,-0.0895919598967582,Normal,0.44693779307133,1,2,2,4,3,3,0,3,3,7,1,1,2,3,3,1,0,1,-0.250997476711292,0,200912
1823,30,C (all),0.425180476186576,-0.0984211251993702,Pave,NONE,Lvl,Corner,Gtl,IDOTRR,Norm,Norm,1Fam,1Story,3,3,1900,AsbShng,AsbShng,None,-0.567015949674981,CBlock,0,0,245,245,GasA,-3.72731232161413,SBrkr,-0.785025043886639,-1.39092772387832,0,0,-1.02736282330994,-0.756321032880405,-1.04580127322219,-0.207698474525451,-0.925062116656053,-0.924311211315714,NONE,-4.15997671587587,-2.19357441132175,-0.740760408320604,-0.170013981016859,1.10381600689482,-0.103330530851366,-0.285935458023539,NONE,-0.0895919598967582,Abnorml,0.44693779307133,1,1,2,2,2,3,0,0,0,7,1,1,0,3,3,1,0,0,-0.799602219893816,0,200912
1824,30,RL,-1.72562055202678,-0.450580004498071,Pave,NONE,Lvl,Inside,Gtl,BrkSide,Norm,Norm,1Fam,1Story,6,6,1923,MetalSd,MetalSd,None,-0.567015949674981,BrkTil,0,0,1022,1022,GasA,-3.72731232161413,FuseA,-0.785025043886639,-0.135898603380569,0,0,-1.02736282330994,-0.756321032880405,0.169927088600022,-0.207698474525451,-0.287758288825272,0.623631660646747,BuiltIn,0.117070166683493,-1.1912484735112,1.36192470086736,0.200006008983298,-0.359600750132276,-0.103330530851366,-0.285935458023539,GdWo,-0.0895919598967582,Normal,-2.23744784062252,1,2,2,2,3,3,4,2,3,7,1,1,2,3,3,1,0,1,-0.250997476711292,0,200912
1825,70,RL,-0.232008726878616,-0.660455029791319,Pave,NONE,Lvl,Inside,Gtl,BrkSide,RRAn,Norm,1Fam,1.5Fin,5,7,1930,WdShing,Wd Shng,None,-0.567015949674981,CBlock,0,0,297,297,GasA,0.268289832918241,SBrkr,0.73844046740401,0.302867482840694,0,0,0.781365814350925,-0.756321032880405,0.169927088600022,-0.207698474525451,0.349545539005509,0.623631660646747,Detchd,0.188243073725562,-0.634400730283121,1.18801841364129,0.185205209383292,-0.359600750132276,-0.103330530851366,-0.285935458023539,NONE,-0.0895919598967582,Normal,0.44693779307133,1,2,2,4,2,3,4,3,3,7,1,1,0,3,3,1,0,1,-0.250997476711292,0,200908
1826,50,RM,0.0667136381510165,-0.52856981752245,Pave,NONE,Lvl,Corner,Gtl,BrkSide,Norm,Norm,1Fam,1.5Fin,5,5,1924,Stucco,Stucco,BrkFace,1.91587308944306,BrkTil,220,0,248,468,GasA,0.268289832918241,SBrkr,-0.0384569525956627,-0.709061508804741,0,0,-1.02736282330994,-0.756321032880405,0.169927088600022,-0.207698474525451,-0.287758288825272,-0.924311211315714,Attchd,0.119294320028558,-0.708647096046866,-0.740760408320604,-0.702842766617084,1.16608906038533,-0.103330530851366,-0.285935458023539,NONE,-0.0895919598967582,Normal,0.44693779307133,1,2,2,3,2,3,0,3,3,7,3,1,2,3,3,1,0,3,-0.250997476711292,0,200909
1827,30,RM,-0.202136490375653,-0.513352293029888,Pave,NONE,Lvl,Inside,Gtl,BrkSide,Norm,Norm,1Fam,1Story,5,6,1925,MetalSd,MetalSd,None,-0.567015949674981,BrkTil,0,0,960,960,GasA,0.268289832918241,SBrkr,-0.785025043886639,-0.999595809140441,0,0,-1.02736282330994,-0.756321032880405,-1.04580127322219,-0.207698474525451,-0.925062116656053,-0.924311211315714,Detchd,0.123742626718687,-0.968509376219971,-0.740760408320604,-0.48083077261699,0.434380681871785,-0.103330530851366,-0.285935458023539,MnPrv,-0.0895919598967582,Abnorml,0.44693779307133,1,2,2,3,2,3,0,3,3,7,1,1,2,3,3,1,0,1,-0.250997476711292,0,200906
1828,50,RM,-0.202136490375653,-0.513352293029888,Pave,NONE,Lvl,Inside,Gtl,BrkSide,Norm,Norm,1Fam,1.5Fin,5,6,1938,Wd Sdng,Wd Sdng,None,-0.567015949674981,BrkTil,273,0,679,952,GasA,0.268289832918241,FuseA,0.58679382386053,0.160564968390554,0,0,0.781365814350925,-0.756321032880405,0.169927088600022,-0.207698474525451,-0.287758288825272,0.623631660646747,Detchd,0.150432466859463,-1.03347494626325,0.753252695576107,-0.702842766617084,0.169720204537098,5.85286653777301,-0.285935458023539,NONE,-0.0895919598967582,Normal,0.44693779307133,1,2,2,2,2,2,4,2,3,7,2,1,2,3,3,1,0,1,-0.250997476711292,0,200905
1829,30,RM,-0.232008726878616,-0.194418342206614,Pave,NONE,Lvl,Inside,Gtl,BrkSide,Norm,Norm,1Fam,1Story,5,5,1925,Wd Sdng,Wd Sdng,None,-0.567015949674981,BrkTil,134,0,938,1072,GasA,0.268289832918241,SBrkr,-0.785025043886639,-0.847411175631265,1,0,-1.02736282330994,-0.756321032880405,-1.04580127322219,-0.207698474525451,-0.925062116656053,-0.924311211315714,Detchd,0.248295214042309,3.30065665519533,-0.740760408320604,-0.702842766617084,1.27506690399373,-0.103330530851366,-0.285935458023539,NONE,-0.0895919598967582,Normal,0.44693779307133,1,1,2,2,2,3,0,2,3,7,2,1,1,3,3,1,0,1,-0.250997476711292,0,200911
1830,70,RM,-0.0229030713578732,-0.263024015127247,Pave,Grvl,Lvl,Inside,Gtl,OldTown,Norm,Norm,1Fam,2Story,6,6,1915,MetalSd,MetalSd,None,-0.567015949674981,PConc,0,0,1048,1048,GasA,0.268289832918241,FuseA,0.894753161518058,0.528179797386747,0,0,0.781365814350925,-0.756321032880405,0.169927088600022,-0.207698474525451,0.98684936683629,-0.924311211315714,Detchd,0.132639240098946,0.479294756173045,-0.740760408320604,-0.702842766617084,1.97563875576202,-0.103330530851366,-0.285935458023539,NONE,-0.0895919598967582,Normal,0.44693779307133,1,2,2,3,2,3,0,2,2,7,1,1,2,3,3,1,0,1,-0.250997476711292,0,200909
1831,70,RM,0.305691530174723,-0.0304495157992609,Pave,Grvl,Lvl,Inside,Gtl,OldTown,Norm,Norm,1Fam,2Story,7,8,1915,Wd Sdng,Wd Sdng,None,-0.567015949674981,BrkTil,0,0,672,672,GasA,0.268289832918241,SBrkr,0.782767947824411,0.876030388264865,0,0,0.781365814350925,-0.756321032880405,0.169927088600022,-0.207698474525451,0.98684936683629,-0.924311211315714,Detchd,0.0992769399229756,-1.1912484735112,-0.551044458619434,-0.288420377816909,-0.359600750132276,-0.103330530851366,-0.285935458023539,NONE,0.615496118341154,Normal,0.44693779307133,1,3,2,1,2,3,0,3,3,5,1,1,0,3,3,1,0,1,-0.250997476711292,0,200909
1832,90,RM,-0.232008726878616,-0.909007929836495,Pave,Grvl,Bnk,Inside,Gtl,OldTown,Norm,Norm,Duplex,2Story,5,1,1922,MetalSd,MetalSd,None,-0.567015949674981,BrkTil,0,0,1040,1040,GasA,-3.72731232161413,SBrkr,1.64132125280903,1.23969236963744,0,0,0.781365814350925,-0.756321032880405,1.38565545042224,4.45593111885755,2.89876085032863,-0.924311211315714,NONE,-4.15997671587587,-2.19357441132175,-0.740760408320604,0.126002010983267,-0.359600750132276,-0.103330530851366,-0.285935458023539,NONE,-0.0895919598967582,Abnorml,0.44693779307133,1,2,2,2,2,2,0,0,0,1,1,1,2,3,3,1,0,0,-0.250997476711292,0,200912
1833,70,RM,-0.0229030713578732,-0.417481888726749,Pave,NONE,Lvl,Inside,Gtl,IDOTRR,Norm,Norm,1Fam,2Story,6,5,1927,Plywood,Plywood,None,-0.567015949674981,CBlock,522,0,198,720,GasA,0.268289832918241,SBrkr,1.04406677977625,0.84836045489956,1,0,0.781365814350925,-0.756321032880405,1.38565545042224,-0.207698474525451,0.98684936683629,-0.924311211315714,Attchd,0.125966780063752,-0.727208687487802,-0.740760408320604,-0.702842766617084,2.95643934823763,-0.103330530851366,-0.285935458023539,MnPrv,-0.0895919598967582,Normal,0.44693779307133,1,2,2,1,2,2,0,3,3,7,4,1,2,3,3,1,0,1,-0.250997476711292,0,200911
1834,70,RM,-1.72562055202678,-0.557102675946003,Pave,NONE,Bnk,Corner,Mod,OldTown,Feedr,Norm,1Fam,2Story,6,7,1915,Wd Sdng,Wd Sdng,None,-0.567015949674981,BrkTil,0,0,483,483,GasA,0.268289832918241,SBrkr,0.815430301818391,-0.145780722439606,0,0,-1.02736282330994,-0.756321032880405,0.169927088600022,-0.207698474525451,0.349545539005509,-0.924311211315714,Attchd,0.0992769399229756,-0.434863622293058,-0.740760408320604,-0.347623576216934,1.38404474760213,-0.103330530851366,-0.285935458023539,NONE,-0.0895919598967582,Normal,-2.23744784062252,1,2,2,4,3,3,0,3,3,7,1,1,2,3,1,1,0,1,-0.250997476711292,0,200905
1835,190,RM,-0.500858855405285,-0.547338097729943,Pave,NONE,Bnk,Corner,Gtl,OldTown,Feedr,Norm,2fmCon,2.5Unf,7,5,1902,MetalSd,MetalSd,Stone,0.484297427248876,BrkTil,169,0,851,1020,GasA,-3.72731232161413,FuseF,1.28203535887525,0.717916483320266,0,0,0.781365814350925,1.23259887250509,3.81711217406667,-0.207698474525451,1.62415319466707,-0.924311211315714,NONE,-4.15997671587587,-2.19357441132175,-0.740760408320604,2.07970755818409,1.22836211387585,-0.103330530851366,-0.285935458023539,NONE,-0.0895919598967582,Normal,0.44693779307133,1,1,2,2,2,2,0,0,0,7,3,1,0,3,0,1,0,0,-0.250997476711292,0,200908
1836,50,RM,0.0667136381510165,-0.635092488970382,Pave,NONE,Lvl,Corner,Gtl,IDOTRR,Norm,Norm,1Fam,1.5Fin,6,6,1927,MetalSd,MetalSd,None,-0.567015949674981,BrkTil,0,0,1204,1204,GasA,0.268289832918241,FuseA,0.292832637914708,0.326584568582383,0,0,-1.02736282330994,-0.756321032880405,0.169927088600022,-0.207698474525451,-1.56236594448683,-0.924311211315714,Detchd,0.125966780063752,-0.411661632991888,-0.740760408320604,-0.702842766617084,1.94450222901676,-0.103330530851366,-0.285935458023539,NONE,-0.0895919598967582,Normal,0.44693779307133,1,1,2,2,2,3,0,2,3,7,1,1,2,3,3,1,0,1,-0.250997476711292,0,200911
1837,85,RM,0.843391787228061,-0.635092488970382,Pave,Grvl,Lvl,Inside,Gtl,IDOTRR,Norm,Norm,1Fam,SFoyer,4,6,1923,MetalSd,MetalSd,None,-0.567015949674981,PConc,749,63,46,858,GasA,0.268289832918241,SBrkr,-0.785025043886639,-1.20316746175661,1,0,-1.02736282330994,-0.756321032880405,-2.26152963504441,-0.207698474525451,-0.925062116656053,-0.924311211315714,NONE,-4.15997671587587,-2.19357441132175,-0.740760408320604,-0.702842766617084,1.27506690399373,-0.103330530851366,2.56231980613449,NONE,-0.0895919598967582,Abnorml,0.44693779307133,1,3,2,2,3,2,0,0,0,5,4,3,0,3,3,3,0,0,0.297607266471232,0,200910
1838,190,RM,0.0667136381510165,0.0192610642097743,Pave,Grvl,Bnk,Inside,Gtl,IDOTRR,Artery,Norm,2fmCon,2Story,6,7,1915,MetalSd,MetalSd,None,-0.567015949674981,CBlock,276,262,160,698,GasA,0.268289832918241,FuseF,0.729108366262872,-0.193214893922986,1,0,-1.02736282330994,1.23259887250509,0.169927088600022,-0.207698474525451,0.349545539005509,-0.924311211315714,Detchd,0.0992769399229756,-0.764331870369674,-0.740760408320604,-0.702842766617084,4.12405910118478,-0.103330530851366,-0.285935458023539,NONE,-0.0895919598967582,Normal,0.44693779307133,1,3,2,4,2,3,0,3,3,7,3,5,2,3,3,1,0,1,-0.250997476711292,0,200905
1839,20,RL,-0.232008726878616,-0.746687668582502,Pave,NONE,Lvl,Inside,Gtl,Sawyer,Norm,Norm,1Fam,1Story,4,9,1946,MetalSd,MetalSd,None,-0.567015949674981,CBlock,0,0,560,560,GasA,0.268289832918241,FuseA,-0.785025043886639,-1.57473513837642,0,1,-1.02736282330994,-0.756321032880405,-1.04580127322219,-0.207698474525451,-1.56236594448683,-0.924311211315714,CarPort,0.16822569361998,-1.17268688207027,-0.740760408320604,-0.702842766617084,0.0140375708108115,-0.103330530851366,-0.285935458023539,NONE,-0.0895919598967582,Normal,0.44693779307133,1,3,2,4,1,3,0,3,3,7,1,1,2,3,2,1,0,1,-0.799602219893816,0,200912
1840,90,RL,0.0667136381510165,0.0801311621800214,Pave,NONE,Lvl,Inside,Gtl,Edwards,Norm,Norm,Duplex,1Story,5,5,1987,Plywood,Plywood,None,-0.567015949674981,CBlock,1200,0,0,1200,GasA,0.268289832918241,SBrkr,-0.785025043886639,-0.594428927719906,3,0,2.59009445201179,-0.756321032880405,0.169927088600022,-0.207698474525451,-0.925062116656053,-0.924311211315714,NONE,-4.15997671587587,-2.19357441132175,0.207819340185244,-0.702842766617084,-0.359600750132276,-0.103330530851366,-0.285935458023539,NONE,-0.0895919598967582,Alloca,0.44693779307133,1,3,2,2,2,4,0,0,0,7,6,1,2,3,3,4,0,0,0.297607266471232,0,200906
1841,90,RL,-1.72562055202678,0.048047548041537,Pave,NONE,Lvl,Inside,Gtl,Edwards,Norm,Norm,Duplex,SFoyer,5,5,1978,Plywood,Plywood,None,-0.567015949674981,PConc,1152,0,0,1152,GasA,0.268289832918241,SBrkr,-0.785025043886639,-0.689297270686666,2,0,0.781365814350925,-0.756321032880405,-1.04580127322219,4.45593111885755,-0.287758288825272,-0.924311211315714,Detchd,0.199363840450886,-1.02419415054278,-0.740760408320604,-0.702842766617084,-0.359600750132276,-0.103330530851366,-0.285935458023539,NONE,-0.0895919598967582,Normal,-2.23744784062252,1,2,2,2,2,4,0,3,2,7,6,1,0,3,2,4,0,1,0.297607266471232,0,200910
1842,50,RL,0.0667136381510165,-0.0492177960067537,Pave,NONE,Lvl,Inside,Gtl,Edwards,Norm,Norm,1Fam,1.5Fin,5,3,1934,MetalSd,MetalSd,None,-0.567015949674981,PConc,0,0,585,585,GasA,-3.72731232161413,FuseA,0.206510702359189,-0.768354223158965,1,0,0.781365814350925,-0.756321032880405,1.38565545042224,-0.207698474525451,-0.287758288825272,-0.924311211315714,Detchd,0.141535853479204,-1.14484449490886,-0.740760408320604,-0.702842766617084,-0.359600750132276,-0.103330530851366,-0.285935458023539,NONE,-0.0895919598967582,Normal,0.44693779307133,1,2,2,2,2,3,0,1,1,7,1,1,0,3,3,1,0,1,-0.250997476711292,0,200906
1843,20,RL,0.514797185695465,0.184751643066384,Pave,NONE,Lvl,Inside,Gtl,Sawyer,Norm,Norm,1Fam,1Story,5,6,1967,HdBoard,HdBoard,BrkFace,0.394823948361739,CBlock,527,0,525,1052,GasA,0.268289832918241,SBrkr,-0.785025043886639,-0.886939651867414,0,0,-1.02736282330994,1.23259887250509,0.169927088600022,-0.207698474525451,-0.287758288825272,0.623631660646747,Attchd,0.252743520732438,0.906211359314575,-0.740760408320604,2.47932914738426,-0.359600750132276,-0.103330530851366,-0.285935458023539,NONE,-0.0895919598967582,Abnorml,0.44693779307133,1,2,2,2,2,3,1,3,3,7,4,1,2,3,3,1,0,3,-0.250997476711292,0,200907
1844,85,RL,-1.72562055202678,-0.273169031455621,Pave,NONE,Lvl,CulDSac,Gtl,Sawyer,Norm,Norm,1Fam,SFoyer,6,5,1978,Plywood,HdBoard,BrkFace,-0.438397823774722,CBlock,456,0,0,456,GasA,0.268289832918241,SBrkr,-0.785025043886639,-0.922515280479949,0,1,-1.02736282330994,-0.756321032880405,0.169927088600022,-0.207698474525451,-0.925062116656053,0.623631660646747,Basment,0.23939860066205,0.145186110236195,-0.740760408320604,-0.702842766617084,-0.359600750132276,-0.103330530851366,-0.285935458023539,NONE,-0.0895919598967582,Normal,-2.23744784062252,1,2,2,2,2,3,2,3,3,7,6,1,2,3,2,4,0,3,0.297607266471232,0,200909
1845,80,RL,0.903136260233988,0.663469601061557,Pave,NONE,Lvl,Inside,Gtl,Sawyer,Norm,Norm,1Fam,SLvl,5,5,1961,HdBoard,HdBoard,None,-0.567015949674981,CBlock,0,0,552,552,GasA,0.268289832918241,SBrkr,0.640453405422069,0.540038340257592,0,0,0.781365814350925,-0.756321032880405,1.38565545042224,-0.207698474525451,0.98684936683629,0.623631660646747,Attchd,0.20158799379595,-0.411661632991888,1.55164065056853,-0.110810782616833,-0.359600750132276,-0.103330530851366,-0.285935458023539,NONE,-0.0895919598967582,Normal,0.44693779307133,1,2,2,2,2,4,3,3,3,7,1,1,2,3,3,1,0,1,-0.250997476711292,0,200910
1846,80,RL,0.903136260233988,0.652310083100345,Pave,NONE,Lvl,Inside,Gtl,Sawyer,Norm,Norm,1Fam,SLvl,6,5,1960,Wd Sdng,Wd Sdng,BrkFace,-0.265042958430894,CBlock,588,0,550,1138,GasA,0.268289832918241,SBrkr,-0.785025043886639,-0.71696720405197,0,1,-1.02736282330994,-0.756321032880405,0.169927088600022,-0.207698474525451,-0.287758288825272,0.623631660646747,Attchd,0.199363840450886,0.0338165615905783,-0.740760408320604,-0.702842766617084,-0.359600750132276,-0.103330530851366,2.20628789811474,MnPrv,-0.0895919598967582,Normal,0.44693779307133,1,2,2,4,2,3,3,3,3,7,4,1,2,3,3,3,0,2,-0.250997476711292,0,200906
1847,80,RL,-1.72562055202678,0.686803138616818,Pave,NONE,Lvl,Inside,Gtl,ClearCr,Norm,Norm,1Fam,SLvl,5,5,1956,Wd Sdng,Wd Sdng,BrkFace,1.47968987986827,CBlock,0,0,825,825,GasA,0.268289832918241,SBrkr,-0.785025043886639,1.12703621236442,0,1,-1.02736282330994,1.23259887250509,1.38565545042224,-0.207698474525451,1.62415319466707,0.623631660646747,Attchd,0.190467227070627,-0.634400730283121,0.29477248379828,-0.288420377816909,-0.359600750132276,-0.103330530851366,-0.285935458023539,NONE,-0.0895919598967582,Normal,-2.23744784062252,1,2,2,4,2,3,3,3,3,7,1,1,2,3,3,2,0,1,-0.250997476711292,0,200902
1848,20,RL,-1.72562055202678,-0.148131705208405,Pave,NONE,Lvl,Corner,Gtl,Sawyer,Norm,Norm,1Fam,1Story,2,2,1947,Wd Sdng,Wd Sdng,None,-0.567015949674981,Slab,0,0,0,0,GasA,-3.72731232161413,SBrkr,-0.785025043886639,-1.66169778609595,0,0,-1.02736282330994,-0.756321032880405,-1.04580127322219,-0.207698474525451,-0.925062116656053,-0.924311211315714,NONE,-4.15997671587587,-2.19357441132175,-0.740760408320604,-0.702842766617084,1.19722558713059,-0.103330530851366,-0.285935458023539,NONE,-0.0895919598967582,Normal,-2.23744784062252,0,2,2,1,1,0,0,0,0,5,0,0,0,3,3,0,0,0,-4.91413779376274,0,200909
1849,20,RL,-1.72562055202678,0.693270586526157,Pave,NONE,Lvl,CulDSac,Gtl,Edwards,Norm,Norm,1Fam,1Story,4,5,1954,VinylSd,VinylSd,None,-0.567015949674981,CBlock,0,0,0,0,GasA,0.268289832918241,SBrkr,-0.785025043886639,-0.232743370159136,0,0,-1.02736282330994,-0.756321032880405,-1.04580127322219,-0.207698474525451,-0.287758288825272,-0.924311211315714,Attchd,0.243846907352179,0.117343723074791,-0.740760408320604,-0.702842766617084,1.0415429534043,-0.103330530851366,1.67224003608511,NONE,-0.0895919598967582,Normal,-2.23744784062252,0,2,2,2,2,0,0,2,3,4,0,0,2,3,2,0,0,1,-4.91413779376274,0,200902
1850,20,RL,0.305691530174723,-0.0757216511646322,Pave,NONE,Lvl,Inside,Gtl,Edwards,Norm,Norm,1Fam,1Story,5,5,1956,MetalSd,MetalSd,None,-0.567015949674981,CBlock,257,0,816,1073,GasA,0.268289832918241,FuseA,-0.785025043886639,-0.845434751819457,1,0,-1.02736282330994,-0.756321032880405,-1.04580127322219,-0.207698474525451,-0.925062116656053,-0.924311211315714,Attchd,0.190467227070627,-0.615839138842185,-0.740760408320604,-0.702842766617084,-0.359600750132276,-0.103330530851366,-0.285935458023539,GdPrv,-0.0895919598967582,Normal,0.44693779307133,1,2,2,2,2,3,0,3,3,7,3,1,2,3,3,1,0,1,-0.250997476711292,0,200905
1851,60,RL,-0.232008726878616,-0.103747258771767,Pave,NONE,Bnk,Inside,Gtl,Edwards,Norm,Norm,1Fam,2Story,6,7,1946,MetalSd,MetalSd,None,-0.567015949674981,CBlock,342,0,405,747,GasA,0.268289832918241,SBrkr,0.957744844220734,0.273221125663581,0,0,-1.02736282330994,1.23259887250509,0.169927088600022,-0.207698474525451,-0.287758288825272,0.623631660646747,Detchd,0.16822569361998,-1.07987892486559,-0.740760408320604,0.0371972133832291,-0.359600750132276,-0.103330530851366,-0.285935458023539,NONE,-0.0895919598967582,Normal,0.44693779307133,1,2,2,4,3,3,4,3,3,7,4,1,2,3,3,1,0,1,-0.250997476711292,0,200910
1852,20,RL,0.126458111156943,-0.345959523611709,Pave,NONE,Lvl,Inside,Gtl,Edwards,Norm,Norm,1Fam,1Story,5,6,1954,Wd Sdng,Wd Sdng,None,-0.567015949674981,CBlock,173,0,916,1089,GasW,0.268289832918241,SBrkr,-0.785025043886639,-0.813811970830537,1,0,-1.02736282330994,-0.756321032880405,0.169927088600022,-0.207698474525451,-0.925062116656053,0.623631660646747,Detchd,0.186018920380498,-1.02419415054278,1.85202423759538,-0.702842766617084,-0.359600750132276,-0.103330530851366,-0.285935458023539,MnPrv,-0.0895919598967582,Normal,0.44693779307133,1,2,2,2,2,3,4,3,3,7,4,1,1,3,3,1,0,2,0.297607266471232,0,200912
1853,120,RL,-0.470986618902322,-0.752394240267213,Pave,NONE,Lvl,Inside,Gtl,Edwards,Norm,Norm,TwnhsE,1Story,5,5,1984,HdBoard,HdBoard,BrkFace,0.26620582246148,CBlock,552,393,104,1049,GasA,0.268289832918241,SBrkr,-0.785025043886639,-0.892868923302837,1,0,0.781365814350925,-0.756321032880405,-1.04580127322219,-0.207698474525451,-0.925062116656053,-0.924311211315714,Attchd,0.252743520732438,-0.959228580499503,-0.740760408320604,0.851241191383573,-0.359600750132276,-0.103330530851366,-0.285935458023539,NONE,-0.0895919598967582,Normal,0.44693779307133,1,2,3,2,3,3,0,3,3,7,6,5,2,3,3,2,0,3,0.297607266471232,0,200905
1854,80,RL,0.484924949192502,0.0773412826897184,Pave,NONE,Lvl,Inside,Gtl,SawyerW,Feedr,Norm,1Fam,SLvl,7,6,1990,HdBoard,HdBoard,None,-0.567015949674981,PConc,460,286,308,1054,GasA,0.268289832918241,SBrkr,-0.785025043886639,-0.869151837561147,1,0,-1.02736282330994,1.23259887250509,-2.26152963504441,-0.207698474525451,-1.56236594448683,-0.924311211315714,Attchd,0.266088440802826,-0.0497105998936342,0.160390352759952,-0.170013981016859,-0.359600750132276,-0.103330530851366,-0.285935458023539,NONE,-0.0895919598967582,Normal,0.44693779307133,1,2,3,3,3,3,0,3,3,7,6,5,2,3,2,1,0,1,0.297607266471232,0,200910
1855,80,RL,0.245947057168796,1.1523325753851,Pave,NONE,Lvl,Inside,Gtl,SawyerW,Norm,Norm,1Fam,SLvl,6,5,1983,Wd Sdng,Wd Sdng,BrkFace,-0.00780670663037599,CBlock,70,450,0,520,GasA,0.268289832918241,SBrkr,-0.785025043886639,-0.321682441690473,0,0,-1.02736282330994,1.23259887250509,-1.04580127322219,-0.207698474525451,-0.925062116656053,0.623631660646747,Attchd,0.250519367387373,0.479294756173045,-0.740760408320604,-0.702842766617084,-0.359600750132276,-0.103330530851366,-0.285935458023539,NONE,0.96804015746011,Normal,0.44693779307133,1,2,3,3,3,3,1,3,3,5,3,6,2,3,2,3,0,1,0.297607266471232,0,200912
1856,60,RL,0.813519550725098,0.0496961131948979,Pave,NONE,Lvl,Corner,Gtl,SawyerW,Norm,Norm,1Fam,2Story,7,5,1993,VinylSd,VinylSd,None,-0.567015949674981,PConc,474,0,605,1079,GasA,0.268289832918241,SBrkr,1.0813951843408,0.747562840497378,1,0,0.781365814350925,1.23259887250509,0.169927088600022,-0.207698474525451,0.98684936683629,0.623631660646747,Attchd,0.27276090083802,0.00133377656894009,2.42117208669889,0.777237193383542,1.88222917552625,-0.103330530851366,-0.285935458023539,MnPrv,-0.0895919598967582,Normal,0.44693779307133,1,3,3,4,3,4,3,3,3,7,6,1,2,3,3,1,0,2,0.297607266471232,0,200911
1857,70,RL,1.85904782832881,2.05840934621305,Pave,NONE,Bnk,FR2,Gtl,SawyerW,Feedr,Norm,1Fam,2Story,5,7,1880,HdBoard,HdBoard,None,-0.567015949674981,PConc,0,0,0,0,GasA,0.268289832918241,SBrkr,0.913417363800332,1.018332902715,0,0,-1.02736282330994,-0.756321032880405,1.38565545042224,-0.207698474525451,0.349545539005509,0.623631660646747,Attchd,0.0659146397470056,0.479294756173045,-0.740760408320604,-0.702842766617084,-0.359600750132276,-0.103330530851366,-0.285935458023539,NONE,-0.0895919598967582,Normal,0.44693779307133,0,2,3,4,2,0,3,3,3,4,0,0,1,3,3,0,0,1,-4.91413779376274,0,200909
1858,90,RL,0.18620258416287,-0.399474484743884,Pave,NONE,Lvl,Inside,Gtl,SawyerW,Feedr,Norm,Duplex,2Story,5,5,1979,HdBoard,HdBoard,None,-0.567015949674981,Slab,0,0,0,0,GasA,0.268289832918241,SBrkr,1.81396512392007,1.43733475081819,0,0,0.781365814350925,-0.756321032880405,3.81711217406667,4.45593111885755,0.98684936683629,-0.924311211315714,Detchd,0.241622754007115,1.14751204804674,-0.163707727979546,-0.702842766617084,-0.359600750132276,-0.103330530851366,-0.285935458023539,NONE,-0.0895919598967582,Alloca,0.44693779307133,0,2,2,2,2,0,0,3,3,7,0,0,2,3,3,0,0,1,-4.91413779376274,0,200909
1859,90,RL,0.18620258416287,-0.399474484743884,Pave,NONE,Bnk,Inside,Gtl,SawyerW,Norm,Norm,Duplex,1Story,5,5,1979,HdBoard,HdBoard,None,-0.567015949674981,Slab,0,0,0,0,GasA,0.268289832918241,SBrkr,-0.785025043886639,0.0676730492356024,0,0,0.781365814350925,-0.756321032880405,1.38565545042224,4.45593111885755,0.98684936683629,-0.924311211315714,Attchd,0.241622754007115,-0.337415267228144,-0.740760408320604,-0.702842766617084,-0.359600750132276,-0.103330530851366,-0.285935458023539,GdPrv,-0.0895919598967582,Alloca,0.44693779307133,0,2,2,2,2,0,0,3,3,7,0,0,2,3,3,0,0,1,-4.91413779376274,0,200909
1860,90,RL,0.18620258416287,-0.396684605253581,Pave,NONE,Lvl,Inside,Gtl,SawyerW,Feedr,Norm,Duplex,SFoyer,5,5,1979,Plywood,Plywood,BrkFace,0.640876015301365,CBlock,1094,0,0,1094,GasA,0.268289832918241,SBrkr,-0.785025043886639,-0.537112637177489,2,0,-2.8360914609708,3.22151877789059,-1.04580127322219,4.45593111885755,-0.287758288825272,2.17157453260921,Detchd,0.241622754007115,0.924772950755511,0.207819340185244,-0.702842766617084,-0.359600750132276,-0.103330530851366,-0.285935458023539,NONE,-0.0895919598967582,Alloca,0.44693779307133,1,2,2,2,3,3,3,3,3,7,6,1,2,3,3,3,0,1,0.297607266471232,0,200909
1861,90,RL,0.18620258416287,-0.400869424489036,Pave,NONE,Bnk,Inside,Gtl,SawyerW,Norm,Norm,Duplex,1Story,5,5,1979,HdBoard,HdBoard,None,-0.567015949674981,Slab,0,0,0,0,GasA,0.268289832918241,SBrkr,-0.785025043886639,0.0241917253758377,0,0,0.781365814350925,-0.756321032880405,1.38565545042224,4.45593111885755,0.98684936683629,-0.924311211315714,Attchd,0.241622754007115,-0.337415267228144,-0.740760408320604,-0.702842766617084,-0.359600750132276,-0.103330530851366,-0.285935458023539,NONE,-0.0895919598967582,Alloca,0.44693779307133,0,2,2,2,2,0,0,3,3,7,0,0,2,3,3,0,0,1,-4.91413779376274,0,200909
1862,90,RL,-1.72562055202678,0.21391856501046,Pave,NONE,Lvl,Inside,Gtl,SawyerW,Norm,Norm,Duplex,2Story,7,5,2000,VinylSd,VinylSd,BrkFace,-0.438397823774722,PConc,820,0,348,1168,GasA,0.268289832918241,SBrkr,2.99214289298864,2.54215566161858,2,0,4.39882308967266,3.22151877789059,3.81711217406667,4.45593111885755,0.98684936683629,2.17157453260921,BuiltIn,0.288329974253473,1.61155183407015,1.7255469377946,-0.702842766617084,-0.359600750132276,-0.103330530851366,-0.285935458023539,NONE,-0.0895919598967582,Normal,-2.23744784062252,1,2,2,4,2,3,3,3,3,7,6,1,2,3,3,1,0,3,1.66911912442754,0,200902
1863,90,RL,-1.72562055202678,-0.282679984263472,Pave,NONE,Lvl,Inside,Gtl,SawyerW,Feedr,Norm,Duplex,2Story,7,5,2000,VinylSd,VinylSd,BrkFace,-0.438397823774722,PConc,820,0,348,1168,GasA,0.268289832918241,SBrkr,2.99214289298864,2.54215566161858,2,0,4.39882308967266,3.22151877789059,3.81711217406667,4.45593111885755,0.98684936683629,2.17157453260921,BuiltIn,0.288329974253473,1.61155183407015,1.7255469377946,-0.702842766617084,-0.359600750132276,-0.103330530851366,-0.285935458023539,NONE,-0.0895919598967582,Normal,-2.23744784062252,1,2,2,4,2,3,3,3,3,7,6,1,2,3,3,1,0,3,1.66911912442754,0,200902
1864,90,RL,-1.72562055202678,-0.277987914211599,Pave,NONE,Lvl,Inside,Gtl,SawyerW,Feedr,Norm,Duplex,2Story,7,5,2000,VinylSd,VinylSd,BrkFace,-0.438397823774722,PConc,820,0,348,1168,GasA,0.268289832918241,SBrkr,2.99214289298864,2.54215566161858,2,0,4.39882308967266,3.22151877789059,3.81711217406667,4.45593111885755,0.98684936683629,2.17157453260921,BuiltIn,0.288329974253473,1.61155183407015,1.7255469377946,-0.702842766617084,-0.359600750132276,-0.103330530851366,-0.285935458023539,NONE,-0.0895919598967582,Normal,-2.23744784062252,1,2,2,4,2,3,3,3,3,7,6,1,2,3,3,1,0,3,1.66911912442754,0,200902
1865,20,RL,0.783647314222135,0.0969972518259441,Pave,NONE,Lvl,Inside,Gtl,CollgCr,Norm,Norm,1Fam,1Story,9,5,2009,VinylSd,VinylSd,Stone,0.786270418492963,PConc,1021,0,534,1555,GasA,0.268289832918241,SBrkr,-0.785025043886639,0.354254501947688,1,0,-1.02736282330994,1.23259887250509,-2.26152963504441,-0.207698474525451,0.98684936683629,0.623631660646747,Attchd,0.308347354359055,3.08719835362457,0.721633370625912,-0.347623576216934,-0.359600750132276,-0.103330530851366,-0.285935458023539,NONE,-0.0895919598967582,Partial,0.44693779307133,1,2,4,4,4,3,4,3,3,7,6,1,2,3,3,4,0,3,1.66911912442754,0,200910
1866,20,RL,0.216074820665833,0.0821601654456963,Pave,NONE,Lvl,Inside,Gtl,CollgCr,Norm,Norm,1Fam,1Story,9,5,2008,VinylSd,VinylSd,Stone,1.46850569500738,PConc,1104,0,616,1720,GasA,0.268289832918241,SBrkr,-0.785025043886639,0.433311454419988,1,0,0.781365814350925,-0.756321032880405,0.169927088600022,-0.207698474525451,0.98684936683629,0.623631660646747,Attchd,0.30612320101399,1.73220217843623,0.903444489089533,0.836440391783567,-0.359600750132276,-0.103330530851366,-0.285935458023539,NONE,-0.0895919598967582,Normal,0.44693779307133,1,2,4,4,4,3,4,3,3,7,6,1,2,3,2,4,0,2,1.66911912442754,0,200903
1867,20,RL,0.395308239683612,-0.125559043877772,Pave,NONE,Lvl,Inside,Gtl,CollgCr,Norm,Norm,1Fam,1Story,8,5,2008,VinylSd,VinylSd,None,-0.567015949674981,PConc,0,0,1468,1468,GasA,0.268289832918241,SBrkr,-0.785025043886639,-0.0647473461554993,0,0,0.781365814350925,-0.756321032880405,0.169927088600022,-0.207698474525451,-0.287758288825272,0.623631660646747,Attchd,0.30612320101399,2.0013452543298,0.776967189288753,1.39887077658381,-0.359600750132276,-0.103330530851366,-0.285935458023539,NONE,-0.0895919598967582,Normal,0.44693779307133,1,2,3,4,3,3,4,3,3,7,1,1,2,3,3,3,0,2,0.297607266471232,0,200909
1868,20,RL,0.574541658701392,0.159008664133133,Pave,NONE,Lvl,Inside,Gtl,CollgCr,Norm,Norm,1Fam,1Story,8,5,2007,VinylSd,VinylSd,Stone,1.40140058584203,PConc,1359,0,479,1838,GasA,0.268289832918241,SBrkr,-0.785025043886639,0.666529464213271,1,0,0.781365814350925,-0.756321032880405,0.169927088600022,-0.207698474525451,0.349545539005509,2.17157453260921,Attchd,0.303899047668925,0.237994067440875,0.476583602261901,2.58293474458431,-0.359600750132276,-0.103330530851366,-0.285935458023539,NONE,-0.0895919598967582,Normal,0.44693779307133,1,2,3,4,3,3,4,3,3,7,6,1,2,3,2,3,0,2,1.66911912442754,0,200907
1869,20,RL,0.18620258416287,-0.431938536994683,Pave,NONE,Lvl,Inside,Gtl,CollgCr,Norm,Norm,1Fam,1Story,7,5,2007,VinylSd,VinylSd,None,-0.567015949674981,PConc,902,0,380,1282,GasA,0.268289832918241,SBrkr,-0.785025043886639,-0.416550784657232,1,0,0.781365814350925,-0.756321032880405,-1.04580127322219,-0.207698474525451,-0.287758288825272,0.623631660646747,Attchd,0.303899047668925,0.878368972153171,0.587251239587583,-0.702842766617084,-0.359600750132276,-0.103330530851366,-0.285935458023539,NONE,-0.0895919598967582,Normal,0.44693779307133,1,2,3,4,3,3,4,3,3,7,6,1,2,3,3,3,0,2,0.297607266471232,0,200908
1870,20,RL,1.11224191575473,0.019768315026193,Pave,NONE,Lvl,Corner,Gtl,CollgCr,Norm,Norm,1Fam,1Story,8,5,2008,VinylSd,VinylSd,BrkFace,0.215876990587466,PConc,872,0,382,1254,GasA,0.268289832918241,SBrkr,-0.785025043886639,-0.487702041882302,1,0,0.781365814350925,-0.756321032880405,-1.04580127322219,-0.207698474525451,-0.925062116656053,-0.924311211315714,Attchd,0.30612320101399,1.56514785546781,0.587251239587583,0.658830796583492,-0.359600750132276,-0.103330530851366,-0.285935458023539,NONE,-0.0895919598967582,Normal,0.44693779307133,1,2,3,4,3,3,0,3,3,7,6,1,2,3,2,3,0,2,0.297607266471232,0,200906
1871,20,RL,0.604413895204355,0.187287897148477,Pave,NONE,Lvl,Inside,Gtl,CollgCr,Norm,Norm,1Fam,1Story,8,5,2005,VinylSd,VinylSd,Stone,-0.142016924961081,PConc,24,0,1474,1498,GasA,0.268289832918241,SBrkr,-0.785025043886639,-0.00545463180127465,0,0,0.781365814350925,-0.756321032880405,0.169927088600022,-0.207698474525451,0.349545539005509,0.623631660646747,Attchd,0.299450740978796,1.72292138271576,0.397535289886414,0.74763559418353,-0.359600750132276,-0.103330530851366,-0.285935458023539,NONE,-0.0895919598967582,Normal,0.44693779307133,1,2,3,4,3,3,4,3,3,7,6,1,2,3,3,4,0,3,1.66911912442754,0,200906
1872,60,RL,0.634286131707318,0.187414709852582,Pave,NONE,Lvl,Inside,Gtl,CollgCr,Norm,Norm,1Fam,2Story,6,5,2005,VinylSd,VinylSd,None,-0.567015949674981,PConc,0,0,704,704,GasA,0.268289832918241,SBrkr,0.890087110947489,-0.155662841498644,0,0,0.781365814350925,1.23259887250509,0.169927088600022,-0.207698474525451,0.349545539005509,0.623631660646747,Attchd,0.299450740978796,-0.151799352818783,-0.45618648376885,-0.288420377816909,-0.359600750132276,-0.103330530851366,-0.285935458023539,NONE,-0.0895919598967582,Normal,0.44693779307133,1,2,3,4,3,3,4,3,3,7,1,1,2,3,2,3,0,3,0.297607266471232,0,200910
1873,60,RL,-1.72562055202678,0.828072490989433,Pave,NONE,HLS,CulDSac,Mod,ClearCr,Norm,Norm,1Fam,2Story,7,5,1992,VinylSd,VinylSd,None,-0.567015949674981,PConc,800,0,649,1449,GasA,0.268289832918241,SBrkr,1.11639056362007,0.51039198308048,1,0,0.781365814350925,1.23259887250509,0.169927088600022,-0.207698474525451,0.349545539005509,0.623631660646747,Attchd,0.270536747492955,0.242634465301109,0.444964277311706,2.15371155618412,-0.359600750132276,-0.103330530851366,-0.285935458023539,NONE,-0.0895919598967582,Normal,-2.23744784062252,1,2,3,3,3,3,3,3,3,7,6,1,2,3,2,3,0,1,0.297607266471232,0,200909
1874,20,RL,0.216074820665833,-0.0521344882011614,Pave,NONE,Low,Inside,Mod,CollgCr,Norm,Norm,1Fam,1Story,5,7,1994,VinylSd,VinylSd,None,-0.567015949674981,PConc,755,0,235,990,GasA,0.268289832918241,SBrkr,-0.785025043886639,-1.00947792819948,1,0,-1.02736282330994,-0.756321032880405,0.169927088600022,-0.207698474525451,-0.925062116656053,-0.924311211315714,Attchd,0.277209207528149,-0.151799352818783,-0.219041546642388,-0.702842766617084,-0.359600750132276,-0.103330530851366,1.35181131886733,NONE,-0.0895919598967582,Normal,0.44693779307133,1,3,2,4,2,3,0,3,3,7,5,1,2,3,3,1,0,2,-0.250997476711292,0,200902
1875,20,RL,0.216074820665833,0.581421781505828,Pave,NONE,Low,Inside,Gtl,CollgCr,PosN,Norm,1Fam,1Story,7,5,1998,VinylSd,VinylSd,None,-0.567015949674981,PConc,950,0,513,1463,GasA,0.268289832918241,SBrkr,-0.785025043886639,-0.0746294652145367,1,0,0.781365814350925,-0.756321032880405,0.169927088600022,-0.207698474525451,-0.925062116656053,-0.924311211315714,Attchd,0.283881667563343,0.307600035344386,-0.740760408320604,0.496022000983423,-0.359600750132276,-0.103330530851366,-0.285935458023539,GdPrv,-0.0895919598967582,Normal,0.44693779307133,1,2,2,4,2,3,0,3,3,7,6,1,2,3,1,2,0,3,0.297607266471232,0,200904
1876,60,RL,0.365436003180649,-0.179834881234576,Pave,NONE,Lvl,Inside,Gtl,CollgCr,Norm,Norm,1Fam,2Story,6,5,1998,VinylSd,VinylSd,BrkFace,0.104035141978545,PConc,606,0,322,928,GasA,0.268289832918241,SBrkr,1.18404829689331,0.536085492633977,1,0,0.781365814350925,1.23259887250509,0.169927088600022,-0.207698474525451,0.349545539005509,0.623631660646747,Attchd,0.283881667563343,0.0895013359133866,0.444964277311706,0.718033994983517,-0.359600750132276,-0.103330530851366,-0.285935458023539,NONE,-0.0895919598967582,Normal,0.44693779307133,1,2,2,4,2,3,3,3,3,7,6,1,2,3,3,1,0,2,0.297607266471232,0,200907
1877,20,RL,0.216074820665833,0.0723955872296359,Pave,NONE,Lvl,Inside,Gtl,CollgCr,Norm,Norm,1Fam,1Story,7,5,2002,VinylSd,VinylSd,BrkFace,-0.186753664404649,PConc,1259,0,172,1431,GasA,0.268289832918241,SBrkr,-0.785025043886639,-0.112181517638879,1,0,0.781365814350925,-0.756321032880405,0.169927088600022,-0.207698474525451,-0.287758288825272,-0.924311211315714,Attchd,0.292778280943602,0.483935154033279,0.397535289886414,-0.110810782616833,-0.359600750132276,-0.103330530851366,-0.285935458023539,NONE,-0.0895919598967582,Normal,0.44693779307133,1,2,3,4,3,3,0,3,3,7,6,1,2,3,2,1,0,2,0.297607266471232,0,200907
1878,20,RL,0.514797185695465,0.126544611882335,Pave,NONE,Lvl,Inside,Gtl,CollgCr,Norm,Norm,1Fam,1Story,7,5,2001,VinylSd,VinylSd,BrkFace,0.439560687805308,PConc,24,0,1468,1492,GasA,0.268289832918241,SBrkr,-0.785025043886639,-0.0173131746721196,0,0,0.781365814350925,-0.756321032880405,0.169927088600022,-0.207698474525451,-0.287758288825272,0.623631660646747,Attchd,0.290554127598537,0.627787487700533,-0.740760408320604,0.98444838778363,-0.359600750132276,-0.103330530851366,2.7047325693424,NONE,-0.0895919598967582,Family,0.44693779307133,1,2,3,4,3,3,3,3,3,7,6,1,2,3,3,2,0,2,0.297607266471232,0,200910
1879,20,RL,-1.72562055202678,0.773669840928525,Pave,NONE,Lvl,CulDSac,Gtl,CollgCr,Norm,Norm,1Fam,1Story,5,5,1978,MetalSd,MetalSd,BrkFace,-0.142016924961081,BrkTil,625,0,282,907,GasA,0.268289832918241,SBrkr,-0.785025043886639,-1.1735211045795,0,0,-1.02736282330994,-0.756321032880405,0.169927088600022,-0.207698474525451,-0.925062116656053,-0.924311211315714,Attchd,0.23939860066205,-0.601917945261483,-0.171612559217095,-0.702842766617084,-0.359600750132276,-0.103330530851366,-0.285935458023539,MnPrv,-0.0895919598967582,Normal,-2.23744784062252,1,2,2,2,2,3,0,3,3,7,6,1,2,3,2,3,0,1,0.297607266471232,0,200910
1880,20,RL,0.544669422198429,-0.408097748623002,Pave,NONE,Lvl,Inside,Gtl,CollgCr,Norm,Norm,1Fam,1Story,5,7,1979,HdBoard,HdBoard,BrkFace,-0.343332252457139,CBlock,710,72,132,914,GasA,0.268289832918241,SBrkr,-0.785025043886639,-1.15968613789685,1,0,-1.02736282330994,-0.756321032880405,-1.04580127322219,-0.207698474525451,-0.925062116656053,-0.924311211315714,Attchd,0.241622754007115,-0.133237761377847,-0.740760408320604,-0.702842766617084,-0.359600750132276,-0.103330530851366,-0.285935458023539,NONE,-0.0895919598967582,Normal,0.44693779307133,1,2,2,2,2,3,0,3,3,7,5,4,2,3,2,1,0,1,-0.250997476711292,0,200902
1881,20,RL,0.962880733239914,0.189697338526466,Pave,NONE,Lvl,Corner,Gtl,CollgCr,Norm,Norm,1Fam,1Story,7,5,2002,VinylSd,VinylSd,None,-0.567015949674981,PConc,1234,0,335,1569,GasA,0.268289832918241,SBrkr,-0.785025043886639,0.217881258932972,1,0,0.781365814350925,-0.756321032880405,0.169927088600022,-0.207698474525451,-0.287758288825272,-0.924311211315714,Attchd,0.292778280943602,3.51875535462633,1.33030537591716,0.673631596183498,-0.359600750132276,-0.103330530851366,-0.285935458023539,NONE,-0.0895919598967582,Normal,0.44693779307133,1,2,3,4,3,3,0,3,3,7,6,1,2,3,3,3,0,2,0.297607266471232,0,200912
1882,60,RL,-1.72562055202678,0.274661850276603,Pave,NONE,Lvl,Inside,Gtl,CollgCr,Norm,Norm,1Fam,2Story,8,5,2003,VinylSd,VinylSd,BrkFace,0.540218351553337,PConc,0,0,1068,1068,GasA,0.268289832918241,SBrkr,1.81863117449064,1.35037210309866,0,0,0.781365814350925,1.23259887250509,1.38565545042224,-0.207698474525451,0.98684936683629,0.623631660646747,BuiltIn,0.295002434288667,0.45145236901164,0.776967189288753,1.25086278058374,-0.359600750132276,-0.103330530851366,-0.285935458023539,NONE,-0.0895919598967582,Normal,-2.23744784062252,1,2,3,4,3,3,4,3,3,7,1,1,2,3,2,3,0,2,0.297607266471232,0,200909
1883,60,RL,0.365436003180649,-0.17996169393868,Pave,NONE,Lvl,Inside,Gtl,CollgCr,Norm,Norm,1Fam,2Story,7,5,2002,VinylSd,VinylSd,NONE,-0.567015949674981,PConc,0,0,840,840,GasA,0.268289832918241,SBrkr,1.27970233358997,0.443193573479025,0,0,0.781365814350925,1.23259887250509,0.169927088600022,-0.207698474525451,-0.287758288825272,-0.924311211315714,Attchd,0.292778280943602,0.35864441180696,-0.740760408320604,0.00759561418321662,-0.359600750132276,-0.103330530851366,-0.285935458023539,NONE,-0.0895919598967582,Normal,0.44693779307133,1,2,3,4,3,3,0,3,3,7,1,1,2,3,3,1,0,2,0.297607266471232,0,200903
1884,60,RL,-1.72562055202678,0.137196879027128,Pave,NONE,Lvl,Corner,Gtl,CollgCr,Norm,Norm,1Fam,2Story,7,5,2001,VinylSd,VinylSd,None,-0.567015949674981,PConc,0,0,944,944,GasA,0.268289832918241,SBrkr,1.37535637028662,0.729775026191111,0,0,0.781365814350925,1.23259887250509,0.169927088600022,-0.207698474525451,-0.287758288825272,-0.924311211315714,Attchd,0.290554127598537,0.627787487700533,1.28287638849187,-0.0664083838168147,-0.359600750132276,-0.103330530851366,-0.285935458023539,NONE,-0.0895919598967582,Normal,-2.23744784062252,1,2,3,4,3,3,0,3,3,7,1,1,2,3,3,1,0,2,0.297607266471232,0,200908
1885,20,RL,0.962880733239914,0.707854047498195,Pave,NONE,Lvl,FR3,Gtl,CollgCr,Feedr,Norm,1Fam,1Story,8,5,1999,VinylSd,VinylSd,BrkFace,0.886928082240991,PConc,1246,0,216,1462,GasA,0.268289832918241,SBrkr,-0.785025043886639,0.0241917253758377,1,0,0.781365814350925,-0.756321032880405,-1.04580127322219,-0.207698474525451,-0.925062116656053,0.623631660646747,Attchd,0.286105820908408,0.224072873860173,0.326391808748475,-0.199615580216871,-0.359600750132276,-0.103330530851366,-0.285935458023539,NONE,-0.0895919598967582,Normal,0.44693779307133,1,2,3,4,3,3,3,3,3,7,6,1,2,3,3,4,0,3,0.297607266471232,0,200909
1886,20,RL,-1.72562055202678,0.3314739417155,Pave,NONE,Lvl,Inside,Gtl,CollgCr,Norm,Norm,1Fam,1Story,8,5,2002,HdBoard,HdBoard,BrkFace,0.350087208918171,PConc,1360,0,462,1822,GasA,0.268289832918241,SBrkr,-0.785025043886639,0.646765226095196,1,0,0.781365814350925,-0.756321032880405,0.169927088600022,-0.207698474525451,0.349545539005509,0.623631660646747,Attchd,0.292778280943602,0.233353669580641,0.79277685176385,1.42847237578382,-0.359600750132276,-0.103330530851366,-0.285935458023539,NONE,-0.0895919598967582,Normal,-2.23744784062252,1,2,3,4,3,3,4,3,3,7,6,1,2,3,3,4,0,3,1.66911912442754,0,200909
1887,20,RL,0.365436003180649,-0.179834881234576,Pave,NONE,Lvl,Inside,Gtl,CollgCr,Norm,Norm,1Fam,1Story,7,5,1997,VinylSd,VinylSd,BrkFace,0.601731368288243,PConc,1111,0,306,1417,GasA,0.268289832918241,SBrkr,-0.785025043886639,-0.165544960557681,1,0,0.781365814350925,-0.756321032880405,0.169927088600022,-0.207698474525451,0.349545539005509,0.623631660646747,Attchd,0.281657514218279,0.177668895257833,-0.26647053406768,-0.702842766617084,-0.359600750132276,-0.103330530851366,1.79685120389202,NONE,-0.0895919598967582,Normal,0.44693779307133,1,2,3,4,3,3,3,3,3,7,6,1,2,3,3,3,0,1,0.297607266471232,0,200911
1888,20,RL,0.813519550725098,0.00404353971721251,Pave,NONE,Lvl,Inside,Gtl,CollgCr,Norm,Norm,1Fam,1Story,8,5,2007,VinylSd,VinylSd,BrkFace,0.439560687805308,PConc,1478,0,100,1578,GasA,0.268289832918241,SBrkr,-0.785025043886639,0.200093444626704,1,0,0.781365814350925,-0.756321032880405,0.169927088600022,-0.207698474525451,0.349545539005509,0.623631660646747,Attchd,0.303899047668925,1.56514785546781,-0.740760408320604,0.00759561418321662,-0.359600750132276,-0.103330530851366,3.18537564516906,NONE,-0.0895919598967582,Normal,0.44693779307133,1,2,3,4,3,3,4,3,3,7,6,1,2,3,3,3,0,2,0.297607266471232,0,200901
1889,60,RL,0.813519550725098,0.114243779584181,Pave,NONE,Lvl,Corner,Gtl,CollgCr,Norm,Norm,1Fam,2Story,6,5,2007,VinylSd,VinylSd,None,-0.567015949674981,PConc,0,0,608,608,GasA,0.268289832918241,SBrkr,1.05339888091739,-0.207049860605638,0,0,0.781365814350925,1.23259887250509,0.169927088600022,-0.207698474525451,-0.287758288825272,0.623631660646747,BuiltIn,0.303899047668925,-0.151799352818783,0.0497227154342694,-0.170013981016859,-0.359600750132276,-0.103330530851366,-0.285935458023539,NONE,-0.0895919598967582,Normal,0.44693779307133,1,2,3,4,3,3,4,3,3,7,1,1,2,3,3,1,0,3,0.297607266471232,0,200910
1890,20,RL,0.664158368210282,0.065167263095669,Pave,NONE,Lvl,Inside,Gtl,Edwards,Norm,Norm,1Fam,1Story,4,6,1960,HdBoard,HdBoard,None,-0.567015949674981,CBlock,399,0,615,1014,GasA,0.268289832918241,SBrkr,-0.785025043886639,-0.695226542122088,1,0,-1.02736282330994,-0.756321032880405,0.169927088600022,-0.207698474525451,0.349545539005509,-0.924311211315714,2Types,0.217157067211403,0.330802024645556,-0.740760408320604,2.84934913738442,-0.359600750132276,-0.103330530851366,-0.285935458023539,MnPrv,-0.0895919598967582,Normal,0.44693779307133,1,2,2,2,2,3,0,3,3,6,6,1,2,3,3,1,0,3,-0.250997476711292,0,200910
1891,180,RM,-0.680092274423065,-0.823409354565835,Pave,NONE,Lvl,Inside,Gtl,Edwards,Norm,Norm,TwnhsE,SFoyer,6,5,2005,VinylSd,VinylSd,BrkFace,-0.119648555239297,Wood,547,0,0,547,GasA,0.268289832918241,SBrkr,-0.785025043886639,-0.847411175631265,1,0,-1.02736282330994,-0.756321032880405,-1.04580127322219,-0.207698474525451,-0.925062116656053,-0.924311211315714,Basment,0.299450740978796,0.242634465301109,-0.740760408320604,-0.288420377816909,-0.359600750132276,-0.103330530851366,-0.285935458023539,NONE,-0.0895919598967582,Normal,0.44693779307133,1,2,2,3,2,3,0,3,3,7,6,1,2,3,3,4,0,3,0.297607266471232,0,200907
1892,20,RL,0.18620258416287,-0.476576608839531,Pave,NONE,HLS,Inside,Mod,Edwards,Norm,Norm,1Fam,1Story,4,5,1959,AsbShng,AsbShng,None,-0.567015949674981,CBlock,332,243,301,876,GasA,0.268289832918241,FuseA,-0.785025043886639,-1.23479024274553,0,0,-1.02736282330994,-0.756321032880405,0.169927088600022,-0.207698474525451,-0.925062116656053,-0.924311211315714,Detchd,0.197139687105821,-0.708647096046866,-0.740760408320604,-0.702842766617084,-0.359600750132276,-0.103330530851366,-0.285935458023539,MnPrv,-0.0895919598967582,Normal,0.44693779307133,1,2,2,2,2,3,0,3,3,7,2,3,2,3,3,1,0,1,-0.250997476711292,0,200906
1893,20,RL,0.365436003180649,0.202759047049248,Pave,NONE,Lvl,Inside,Gtl,Edwards,Norm,Norm,1Fam,1Story,5,5,1950,MetalSd,MetalSd,None,-0.567015949674981,CBlock,1078,0,0,1078,GasA,0.268289832918241,FuseA,-0.785025043886639,-0.262389727336248,1,0,-1.02736282330994,-0.756321032880405,0.169927088600022,-0.207698474525451,-0.287758288825272,-0.924311211315714,Attchd,0.177122307000239,-1.28869682857612,-0.740760408320604,-0.0960099830168272,2.92530282149237,-0.103330530851366,-0.285935458023539,NONE,1.49685621613854,Normal,0.44693779307133,1,2,2,2,2,3,0,3,3,6,3,1,2,3,3,2,0,2,-0.799602219893816,0,200909
1894,90,RL,0.216074820665833,0.0961095628972113,Pave,NONE,Lvl,Inside,Gtl,Edwards,Norm,Norm,Duplex,1Story,5,5,1959,VinylSd,VinylSd,BrkFace,-0.153201109821973,CBlock,0,0,1678,1678,GasA,0.268289832918241,SBrkr,-0.785025043886639,0.350301654324073,0,0,0.781365814350925,-0.756321032880405,3.81711217406667,4.45593111885755,2.26145702249785,-0.924311211315714,NONE,-4.15997671587587,-2.19357441132175,-0.740760408320604,-0.702842766617084,-0.359600750132276,-0.103330530851366,-0.285935458023539,NONE,-0.0895919598967582,Normal,0.44693779307133,1,2,2,2,2,3,0,0,0,7,1,1,2,3,3,1,0,0,-0.250997476711292,0,200911
1895,20,RL,0.365436003180649,0.202759047049248,Pave,NONE,Lvl,Inside,Gtl,Edwards,Norm,Norm,1Fam,1Story,5,5,1956,HdBoard,HdBoard,BrkFace,0.881335989810545,CBlock,546,0,604,1150,GasA,0.268289832918241,SBrkr,-0.785025043886639,0.11708364453079,0,0,-1.02736282330994,-0.756321032880405,-1.04580127322219,-0.207698474525451,0.349545539005509,0.623631660646747,Attchd,0.190467227070627,-0.741129881068504,-0.740760408320604,-0.702842766617084,-0.359600750132276,-0.103330530851366,-0.285935458023539,NONE,-0.0895919598967582,Normal,0.44693779307133,1,2,2,4,2,3,3,3,3,6,3,1,2,3,3,1,0,1,-0.250997476711292,0,200908
1896,50,RL,-0.381369909393432,-0.248060116042894,Pave,Grvl,Lvl,Inside,Gtl,Edwards,Norm,Norm,1Fam,1.5Fin,5,6,1941,Wd Sdng,Wd Sdng,None,-0.567015949674981,CBlock,626,0,94,720,GasA,0.268289832918241,SBrkr,0.250838182779591,-0.400739394162772,0,0,-1.02736282330994,-0.756321032880405,0.169927088600022,-0.207698474525451,-0.287758288825272,2.17157453260921,Detchd,0.154880773549592,-1.00563255910184,-0.0767545843665104,-0.702842766617084,-0.359600750132276,-0.103330530851366,-0.285935458023539,NONE,-0.0895919598967582,Normal,0.44693779307133,1,2,2,4,2,3,4,3,3,7,3,1,2,3,3,1,0,1,-0.250997476711292,0,200912
1897,50,RH,0.365436003180649,-0.490526006291045,Pave,Pave,Lvl,Corner,Gtl,SWISU,Norm,Norm,1Fam,1.5Fin,5,4,1938,MetalSd,MetalSd,BrkFace,-0.0749118157957285,PConc,832,0,0,832,GasA,0.268289832918241,SBrkr,0.232173980497316,-0.460032108516997,0,0,-1.02736282330994,1.23259887250509,0.169927088600022,-0.207698474525451,0.349545539005509,2.17157453260921,Basment,0.150432466859463,-1.03347494626325,-0.740760408320604,-0.702842766617084,0.4966537353623,-0.103330530851366,-0.285935458023539,NONE,-0.0895919598967582,Abnorml,0.44693779307133,1,2,2,2,2,2,4,3,3,7,2,1,2,3,3,1,0,1,-0.250997476711292,0,200910
1898,70,RL,-0.441114382399359,-0.565725939825122,Pave,NONE,Bnk,Inside,Gtl,SWISU,Feedr,Norm,1Fam,2Story,6,6,1935,Wd Sdng,Wd Sdng,None,-0.567015949674981,BrkTil,0,0,583,583,GasA,0.268289832918241,FuseF,0.60312500085752,-0.511419127623992,0,0,-1.02736282330994,1.23259887250509,0.169927088600022,-0.207698474525451,-0.287758288825272,0.623631660646747,Detchd,0.123742626718687,-1.35830279647963,1.85992906883293,0.718033994983517,-0.359600750132276,-0.103330530851366,-0.285935458023539,NONE,-0.0895919598967582,Normal,0.44693779307133,1,2,2,3,2,3,4,2,3,7,1,1,2,3,3,1,0,1,-0.250997476711292,0,200906
1899,30,RL,0.18620258416287,-0.202153917157,Pave,NONE,Lvl,Inside,Gtl,Crawfor,Norm,Norm,1Fam,1Story,6,8,1916,Stucco,Stucco,None,-0.567015949674981,BrkTil,0,0,816,816,GasA,0.268289832918241,SBrkr,-0.785025043886639,-0.531183365742067,0,0,-1.02736282330994,-0.756321032880405,0.169927088600022,-0.207698474525451,-0.287758288825272,0.623631660646747,Detchd,0.10150109326804,-0.151799352818783,-0.740760408320604,-0.702842766617084,2.44268665694088,-0.103330530851366,-0.285935458023539,NONE,-0.0895919598967582,Normal,0.44693779307133,1,2,3,4,3,3,4,3,3,7,1,1,2,3,3,1,0,1,-0.250997476711292,0,200902
1900,70,RL,-0.142392017369726,-0.382101144281543,Pave,NONE,Lvl,Inside,Gtl,Crawfor,Norm,Norm,1Fam,2Story,7,8,1918,Wd Sdng,Wd Sdng,None,-0.567015949674981,BrkTil,0,0,600,600,GasA,0.268289832918241,SBrkr,0.614790127283942,-0.539089060989297,0,0,-1.02736282330994,-0.756321032880405,0.169927088600022,-0.207698474525451,-0.287758288825272,0.623631660646747,Detchd,0.10594939995817,-1.19588887137144,-0.740760408320604,0.969647588183624,-0.359600750132276,-0.103330530851366,3.18537564516906,MnPrv,-0.0895919598967582,Normal,0.44693779307133,1,2,2,4,2,2,4,2,3,7,1,1,2,3,3,2,0,1,-0.250997476711292,0,200908
1901,50,RL,0.0667136381510165,0.445351750001504,Pave,NONE,HLS,Inside,Mod,Crawfor,Norm,Norm,1Fam,1.5Fin,5,6,1940,Wd Sdng,Wd Sdng,None,-0.567015949674981,CBlock,728,0,112,840,GasA,0.268289832918241,SBrkr,0.911084338515048,0.130918611213442,1,0,-1.02736282330994,1.23259887250509,-1.04580127322219,-0.207698474525451,-0.287758288825272,2.17157453260921,Detchd,0.20158799379595,-0.151799352818783,-0.740760408320604,-0.392025975016952,1.97563875576202,-0.103330530851366,-0.285935458023539,GdPrv,-0.0895919598967582,Normal,0.44693779307133,1,2,2,4,2,3,3,3,3,5,5,1,2,3,3,1,0,1,-0.250997476711292,0,200905
1902,20,RL,0.664158368210282,0.572164454106186,Pave,Grvl,HLS,Inside,Gtl,Crawfor,Norm,Norm,1Fam,1Story,5,4,1960,MetalSd,MetalSd,None,-0.567015949674981,CBlock,793,0,480,1273,GasA,0.268289832918241,SBrkr,-0.785025043886639,-0.45014998945796,0,0,-1.02736282330994,-0.756321032880405,-1.04580127322219,-0.207698474525451,-0.925062116656053,-0.924311211315714,Attchd,0.199363840450886,-0.768972268229908,3.07727307941543,-0.702842766617084,-0.359600750132276,-0.103330530851366,1.76124801309005,MnPrv,-0.0895919598967582,Normal,0.44693779307133,1,2,2,4,2,3,0,3,3,7,3,1,2,3,2,1,0,1,-0.250997476711292,0,200909
1903,90,RL,-1.72562055202678,-0.256556567217908,Pave,NONE,HLS,Corner,Gtl,Crawfor,Norm,Norm,Duplex,2.5Unf,7,6,1940,Wd Sdng,Wd Sdng,None,-0.567015949674981,BrkTil,246,0,674,920,GasA,0.268289832918241,SBrkr,2.10792630986589,1.93539355139368,0,0,0.781365814350925,1.23259887250509,2.60138381224446,4.45593111885755,4.17336850599019,2.17157453260921,Detchd,0.154880773549592,-0.337415267228144,-0.740760408320604,-0.702842766617084,0.527790262107557,-0.103330530851366,-0.285935458023539,NONE,-0.0895919598967582,Normal,-2.23744784062252,1,2,2,4,2,3,4,3,3,7,2,1,2,3,2,1,0,1,-0.250997476711292,0,200910
1904,20,RL,0.365436003180649,-0.135450434797937,Pave,NONE,Lvl,Inside,Gtl,Crawfor,Feedr,Norm,1Fam,1Story,5,6,1954,BrkFace,BrkFace,None,-0.567015949674981,BrkTil,154,694,264,1112,GasA,0.268289832918241,SBrkr,-0.785025043886639,-0.768354223158965,1,0,-1.02736282330994,-0.756321032880405,-1.04580127322219,-0.207698474525451,-0.287758288825272,0.623631660646747,Attchd,0.186018920380498,-0.383819245830484,-0.740760408320604,-0.702842766617084,-0.359600750132276,-0.103330530851366,-0.285935458023539,MnPrv,-0.0895919598967582,Family,0.44693779307133,1,3,2,4,2,3,4,3,3,7,3,5,2,3,3,2,0,1,-0.250997476711292,0,200902
1905,20,RL,0.962880733239914,0.402108617901808,Pave,NONE,Lvl,Inside,Gtl,Crawfor,Norm,Norm,1Fam,1Story,6,6,1960,HdBoard,Plywood,Stone,0.171140251143897,CBlock,65,875,621,1561,GasA,0.268289832918241,SBrkr,-0.785025043886639,0.119060068342597,1,0,0.781365814350925,-0.756321032880405,0.169927088600022,-0.207698474525451,-0.287758288825272,0.623631660646747,Attchd,0.199363840450886,-0.0450702020334002,-0.740760408320604,1.48767557418384,-0.359600750132276,-0.103330530851366,1.85025599009499,NONE,-0.0895919598967582,Normal,0.44693779307133,1,2,2,2,2,3,4,3,3,7,2,4,2,3,2,1,0,3,-0.250997476711292,0,200908
1906,50,RL,0.604413895204355,0.688832141882493,Pave,NONE,Bnk,Inside,Gtl,Crawfor,Norm,Norm,1Fam,1.5Fin,5,7,1949,BrkComm,Brk Cmn,None,-0.567015949674981,BrkTil,312,507,248,1067,GasW,-3.72731232161413,SBrkr,0.467809534311031,0.0439559634939126,1,0,0.781365814350925,-0.756321032880405,0.169927088600022,-0.207698474525451,0.349545539005509,0.623631660646747,Attchd,0.174898153655174,-0.824657042552716,-0.740760408320604,-0.702842766617084,0.901428583050645,-0.103330530851366,-0.285935458023539,NONE,-0.0895919598967582,Normal,0.44693779307133,1,2,2,1,1,3,3,3,3,2,4,3,2,3,3,1,0,1,-0.250997476711292,0,200902
1907,20,RL,1.26160309826955,0.929776279681388,Pave,NONE,Bnk,Corner,Mod,Crawfor,PosA,Norm,1Fam,1Story,6,5,1954,HdBoard,HdBoard,Stone,1.78166287111236,PConc,784,435,91,1310,GasA,0.268289832918241,SBrkr,-0.785025043886639,0.800926283416181,1,0,-1.02736282330994,1.23259887250509,0.169927088600022,-0.207698474525451,-0.287758288825272,2.17157453260921,Basment,0.186018920380498,0.479294756173045,-0.740760408320604,2.27211795298417,-0.359600750132276,-0.103330530851366,-0.285935458023539,NONE,-0.0895919598967582,Normal,0.44693779307133,1,2,2,4,2,3,4,3,3,7,2,4,2,3,3,3,0,1,-0.250997476711292,0,200901
1908,160,RM,-1.00868687595566,-1.06967962593713,Pave,NONE,Lvl,Inside,Gtl,Blueste,Norm,Norm,Twnhs,2Story,6,6,1980,MetalSd,MetalSd,None,-0.567015949674981,CBlock,0,0,516,516,GasA,0.268289832918241,SBrkr,0.41881600332006,-0.926468128103564,0,0,-1.02736282330994,-0.756321032880405,-1.04580127322219,-0.207698474525451,-0.925062116656053,0.623631660646747,Detchd,0.243846907352179,-0.0961145784959744,1.46468750695549,-0.702842766617084,-0.359600750132276,-0.103330530851366,-0.285935458023539,GdPrv,-0.0895919598967582,Normal,0.44693779307133,1,2,2,2,2,3,3,3,3,7,1,1,2,3,3,1,0,1,-0.250997476711292,0,200908
1909,160,RM,-1.00868687595566,-1.10074873844277,Pave,NONE,Lvl,Inside,Gtl,Blueste,Norm,Norm,TwnhsE,2Story,6,6,1980,MetalSd,MetalSd,None,-0.567015949674981,CBlock,471,0,90,561,GasA,0.268289832918241,SBrkr,0.773435846683274,-0.537112637177489,1,0,-1.02736282330994,1.23259887250509,-1.04580127322219,-0.207698474525451,-0.925062116656053,0.623631660646747,Attchd,0.243846907352179,-0.0497105998936342,0.650489889487973,-0.702842766617084,-0.359600750132276,-0.103330530851366,-0.285935458023539,GdPrv,-0.0895919598967582,Normal,0.44693779307133,1,3,2,2,3,3,3,3,3,7,5,1,2,3,3,2,0,3,0.297607266471232,0,200902
1910,160,RM,-1.00868687595566,-1.08502396313379,Pave,NONE,Lvl,Inside,Gtl,Blueste,Norm,Norm,Twnhs,2Story,6,6,1980,MetalSd,MetalSd,None,-0.567015949674981,CBlock,0,0,561,561,GasA,0.268289832918241,SBrkr,0.773435846683274,-0.537112637177489,0,0,-1.02736282330994,1.23259887250509,-1.04580127322219,-0.207698474525451,-0.925062116656053,0.623631660646747,Attchd,0.243846907352179,-0.0497105998936342,0.476583602261901,-0.702842766617084,-0.359600750132276,-0.103330530851366,-0.285935458023539,MnPrv,-0.0895919598967582,Normal,0.44693779307133,1,2,2,2,2,3,3,3,3,7,1,1,2,3,3,1,0,3,0.297607266471232,0,200910
1911,80,RL,-1.72562055202678,0.436094422601862,Pave,NONE,Lvl,Inside,Gtl,Crawfor,Norm,Norm,1Fam,SLvl,6,6,1986,VinylSd,VinylSd,BrkFace,0.786270418492963,CBlock,454,0,118,572,GasA,0.268289832918241,SBrkr,1.0813951843408,0.95113449311355,1,0,0.781365814350925,1.23259887250509,0.169927088600022,-0.207698474525451,-0.287758288825272,0.623631660646747,BuiltIn,0.257191827422567,0.131264916655493,2.42117208669889,0.954846788583617,-0.359600750132276,-0.103330530851366,-0.285935458023539,NONE,2.55448833349541,Normal,-2.23744784062252,1,3,2,3,2,3,3,3,3,7,5,1,2,3,2,1,0,3,-0.250997476711292,0,200907
1912,20,RL,-1.72562055202678,0.942077111979542,Pave,NONE,Bnk,Inside,Gtl,Crawfor,Norm,Norm,1Fam,1Story,7,9,1971,BrkFace,BrkFace,None,-0.567015949674981,CBlock,803,419,581,1803,GasA,0.268289832918241,SBrkr,-0.785025043886639,1.70810481303582,1,0,0.781365814350925,-0.756321032880405,0.169927088600022,-0.207698474525451,0.349545539005509,2.17157453260921,Attchd,0.223829527246597,0.363284809667194,0.840205839189143,1.42847237578382,-0.359600750132276,-0.103330530851366,-0.285935458023539,GdPrv,-0.0895919598967582,Normal,-2.23744784062252,1,3,3,2,4,3,4,3,3,6,6,5,2,3,3,1,0,3,0.297607266471232,0,200910
1913,70,RM,-0.232008726878616,-0.191248024603997,Pave,NONE,Bnk,Inside,Gtl,IDOTRR,Norm,Norm,1Fam,2Story,5,6,1900,AsbShng,AsbShng,None,-0.567015949674981,BrkTil,0,0,760,760,GasA,-3.72731232161413,SBrkr,1.38002242085719,1.31874932210974,0,0,0.781365814350925,-0.756321032880405,2.60138381224446,-0.207698474525451,2.89876085032863,-0.924311211315714,Detchd,0.283881667563343,0.479294756173045,2.95079577961465,1.66528516938392,0.854723792932759,-0.103330530851366,-0.285935458023539,NONE,-0.0895919598967582,Normal,0.44693779307133,1,2,2,4,3,3,0,3,3,7,1,1,2,3,3,1,0,1,-0.250997476711292,0,200904
1914,30,C (all),0.0667136381510165,0.00404353971721251,Pave,Grvl,Lvl,Inside,Gtl,IDOTRR,Norm,Norm,1Fam,1Story,4,6,1925,MetalSd,MetalSd,None,-0.567015949674981,BrkTil,0,0,572,572,GasA,-3.72731232161413,FuseP,-0.785025043886639,-1.83562308153501,0,0,-1.02736282330994,-0.756321032880405,-1.04580127322219,-0.207698474525451,-1.56236594448683,-0.924311211315714,Detchd,0.154880773549592,-1.26549483927495,-0.740760408320604,-0.702842766617084,0.761314212696987,-0.103330530851366,-0.285935458023539,NONE,-0.0895919598967582,Normal,0.44693779307133,1,2,2,1,2,3,0,3,3,7,1,1,0,3,3,1,0,1,-0.250997476711292,0,200908
1915,120,RM,-0.411242145896396,-0.802104820276248,Pave,NONE,HLS,Inside,Mod,Crawfor,Norm,Norm,TwnhsE,1Story,8,5,2007,CemntBd,CmentBd,Stone,0.406008133222631,PConc,1476,0,120,1596,GasA,0.268289832918241,SBrkr,-0.785025043886639,0.291008939969849,1,1,0.781365814350925,-0.756321032880405,-1.04580127322219,-0.207698474525451,-0.925062116656053,0.623631660646747,Attchd,0.303899047668925,0.0430973573110463,0.539822252162291,0.0815996121832479,-0.359600750132276,5.9719904791455,-0.285935458023539,NONE,-0.0895919598967582,Partial,0.44693779307133,1,2,4,4,4,3,4,3,3,7,6,1,2,3,2,4,0,3,1.66911912442754,0,200909
1916,30,NONE,1.53045322679622,1.47253465324942,Grvl,NONE,Lvl,Inside,Gtl,IDOTRR,Norm,Norm,1Fam,1Story,2,4,1910,Wd Sdng,Wd Sdng,None,-0.567015949674981,CBlock,0,0,0,0,GasA,-3.72731232161413,FuseA,-0.785025043886639,-1.36523421432483,0,0,-1.02736282330994,-0.756321032880405,-2.26152963504441,-0.207698474525451,-1.56236594448683,-0.924311211315714,Detchd,0.232726140626856,-0.894263010456227,0.199914508947695,-0.347623576216934,-0.359600750132276,-0.103330530851366,-0.285935458023539,NONE,-0.0895919598967582,Normal,0.44693779307133,0,1,1,2,2,0,0,3,3,6,0,0,0,3,3,0,0,1,-4.91413779376274,0,200906
1917,60,RL,0.514797185695465,-0.00546741309063861,Pave,NONE,Lvl,Inside,Gtl,Mitchel,Norm,Norm,1Fam,2Story,8,5,2000,CemntBd,CmentBd,None,-0.567015949674981,PConc,445,250,412,1107,GasA,0.268289832918241,SBrkr,1.57599654482107,1.08948415994007,0,0,0.781365814350925,1.23259887250509,0.169927088600022,-0.207698474525451,0.349545539005509,0.623631660646747,BuiltIn,0.288329974253473,0.78556101494849,0.91925415156463,0.644029996983486,-0.359600750132276,-0.103330530851366,-0.285935458023539,NONE,-0.0895919598967582,Normal,0.44693779307133,1,2,3,4,3,3,3,3,3,7,5,4,2,3,3,1,0,3,0.297607266471232,0,200908
1918,85,RL,0.514797185695465,-0.0530221771298942,Pave,NONE,Lvl,Inside,Gtl,Mitchel,Norm,Norm,1Fam,SFoyer,6,6,1977,Plywood,Plywood,None,-0.567015949674981,CBlock,767,0,135,902,GasA,0.268289832918241,SBrkr,-0.785025043886639,-1.13596905215516,1,0,-1.02736282330994,-0.756321032880405,-1.04580127322219,-0.207698474525451,-0.925062116656053,0.623631660646747,Attchd,0.237174447316985,-0.564794762379611,1.78088075645744,-0.702842766617084,-0.359600750132276,-0.103330530851366,-0.285935458023539,MnPrv,-0.0895919598967582,Normal,0.44693779307133,1,2,2,4,2,3,3,3,3,7,5,1,2,3,3,3,0,1,-0.250997476711292,0,200907
1919,85,RL,0.425180476186576,-0.10247913173072,Pave,NONE,Bnk,Inside,Gtl,Mitchel,Norm,Norm,1Fam,SFoyer,6,7,1977,Plywood,Plywood,None,-0.567015949674981,CBlock,841,116,0,957,GasA,0.268289832918241,SBrkr,-0.785025043886639,-0.422480056092655,1,0,-1.02736282330994,1.23259887250509,-1.04580127322219,-0.207698474525451,-0.925062116656053,2.17157453260921,Attchd,0.237174447316985,0.316880831064854,1.64649862541911,-0.12561158221684,-0.359600750132276,-0.103330530851366,1.85025599009499,GdWo,-0.0895919598967582,Normal,0.44693779307133,1,2,2,2,2,3,2,3,3,7,6,2,2,3,3,3,0,2,0.297607266471232,0,200903
1920,20,RL,0.723902841216208,0.114370592288285,Pave,NONE,Lvl,Inside,Gtl,Mitchel,Norm,Norm,1Fam,1Story,5,5,1991,HdBoard,HdBoard,None,-0.567015949674981,PConc,55,0,1527,1582,GasA,0.268289832918241,SBrkr,-0.785025043886639,0.186258477944052,1,0,0.781365814350925,-0.756321032880405,-1.04580127322219,-0.207698474525451,-0.925062116656053,-0.924311211315714,Detchd,0.268312594147891,0.924772950755511,-0.740760408320604,-0.702842766617084,-0.359600750132276,-0.103330530851366,-0.285935458023539,NONE,-0.0895919598967582,Abnorml,0.44693779307133,1,2,2,2,2,3,0,3,3,7,4,1,2,3,3,1,0,1,0.297607266471232,0,200907
1921,20,RL,1.64994217280807,0.414663075608171,Pave,NONE,HLS,Corner,Gtl,Timber,Norm,Norm,1Fam,1Story,9,5,2008,CemntBd,CmentBd,Stone,0.808638788214747,CBlock,1758,0,432,2190,GasA,0.268289832918241,SBrkr,-0.785025043886639,1.05786137895115,1,0,0.781365814350925,-0.756321032880405,0.169927088600022,-0.207698474525451,1.62415319466707,0.623631660646747,Attchd,0.30612320101399,1.42593591966079,-0.029325596941218,1.57648037178388,-0.359600750132276,-0.103330530851366,-0.285935458023539,NONE,-0.0895919598967582,Normal,0.44693779307133,1,2,4,4,4,3,5,3,3,7,6,1,2,3,2,4,0,3,1.66911912442754,0,200910
1922,20,RL,0.634286131707318,0.54464609731547,Pave,NONE,HLS,Corner,Gtl,Timber,Norm,Norm,1Fam,1Story,9,5,2008,CemntBd,CmentBd,BrkFace,1.70337357708611,PConc,1115,0,526,1641,GasA,0.268289832918241,SBrkr,-0.785025043886639,0.277173973287196,1,0,0.781365814350925,-0.756321032880405,0.169927088600022,-0.207698474525451,0.349545539005509,-0.924311211315714,Attchd,0.30612320101399,1.91317769498536,-0.740760408320604,0.703233195383511,-0.359600750132276,-0.103330530851366,-0.285935458023539,NONE,-0.0895919598967582,Normal,0.44693779307133,1,2,4,4,4,3,0,3,3,7,6,1,2,3,2,4,0,3,1.66911912442754,0,200901
1923,60,RL,-1.72562055202678,-0.0417358464645775,Pave,NONE,Lvl,CulDSac,Gtl,Timber,Norm,Norm,1Fam,2Story,6,8,1980,MetalSd,MetalSd,None,-0.567015949674981,PConc,462,0,250,712,GasA,0.268289832918241,SBrkr,1.22604275202843,1.45512256512446,0,0,0.781365814350925,1.23259887250509,0.169927088600022,-0.207698474525451,0.349545539005509,0.623631660646747,BuiltIn,0.243846907352179,-0.151799352818783,1.67021311913176,-0.347623576216934,-0.359600750132276,-0.103330530851366,-0.285935458023539,NONE,4.31720852909019,Normal,-2.23744784062252,1,3,2,4,3,3,3,3,3,7,5,1,2,3,2,1,0,3,0.297607266471232,0,200905
1924,80,RL,2.00840901084363,0.539066338334864,Pave,NONE,Lvl,Corner,Gtl,Timber,Norm,Norm,1Fam,SLvl,7,5,1987,Plywood,Plywood,BrkFace,1.16653270376329,PConc,904,624,117,1645,GasA,0.268289832918241,SBrkr,-0.785025043886639,-0.0430066842256169,2,0,0.781365814350925,1.23259887250509,0.169927088600022,-0.207698474525451,0.349545539005509,0.623631660646747,Attchd,0.259415980767632,0.488575551893513,1.02992178889031,2.81974753818441,-0.359600750132276,-0.103330530851366,-0.285935458023539,NONE,-0.0895919598967582,Normal,0.44693779307133,1,2,2,4,3,3,2,3,3,6,6,5,2,3,2,4,0,3,0.297607266471232,0,200910
1925,60,RL,0.514797185695465,-0.12822211066397,Pave,NONE,Lvl,Corner,Gtl,Timber,Norm,Norm,1Fam,2Story,7,5,2003,VinylSd,VinylSd,None,-0.567015949674981,PConc,0,0,912,912,GasA,0.268289832918241,SBrkr,1.41268477485117,1.01438005509139,0,0,0.781365814350925,1.23259887250509,0.169927088600022,-0.207698474525451,1.62415319466707,-0.924311211315714,Attchd,0.295002434288667,0.0616589487519824,0.239438665135439,0.98444838778363,-0.359600750132276,-0.103330530851366,-0.285935458023539,NONE,-0.0895919598967582,Abnorml,0.44693779307133,1,2,3,4,3,3,0,3,3,7,1,1,2,3,2,1,0,3,0.297607266471232,0,200905
1926,20,RL,0.813519550725098,0.312578848803903,Pave,NONE,HLS,Inside,Gtl,Timber,Norm,Norm,1Fam,1Story,9,5,2007,CemntBd,CmentBd,Stone,1.05469085515437,PConc,1640,0,338,1978,GasA,0.268289832918241,SBrkr,-0.785025043886639,0.94322879786632,1,0,0.781365814350925,-0.756321032880405,-1.04580127322219,-0.207698474525451,0.349545539005509,0.623631660646747,Attchd,0.303899047668925,2.07559162009355,1.69392761284441,0.0667988125832417,-0.359600750132276,-0.103330530851366,-0.285935458023539,NONE,-0.0895919598967582,Normal,0.44693779307133,1,2,4,4,4,3,4,3,3,7,6,1,2,3,2,4,0,3,1.66911912442754,0,200908
1927,20,RL,0.514797185695465,0.297995387831864,Pave,NONE,Lvl,Inside,Gtl,Mitchel,Norm,Norm,1Fam,1Story,5,7,1968,HdBoard,HdBoard,BrkFace,0.4507448726662,CBlock,532,0,476,1008,GasA,0.268289832918241,SBrkr,-0.785025043886639,-0.973902299586944,0,0,-1.02736282330994,-0.756321032880405,0.169927088600022,-0.207698474525451,-0.287758288825272,-0.924311211315714,Attchd,0.217157067211403,-0.411661632991888,0.397535289886414,-0.702842766617084,-0.359600750132276,-0.103330530851366,-0.285935458023539,MnPrv,-0.0895919598967582,Normal,0.44693779307133,1,2,2,3,3,3,0,3,3,7,5,1,2,3,2,1,0,1,-0.250997476711292,0,200907
1928,20,RL,0.753775077719171,0.407688376882414,Pave,NONE,Lvl,Inside,Mod,Mitchel,Norm,Norm,1Fam,1Story,5,5,1969,HdBoard,HdBoard,BrkFace,0.417192318083524,CBlock,594,0,594,1188,GasA,0.268289832918241,SBrkr,-0.785025043886639,-0.191238470111179,0,0,0.781365814350925,-0.756321032880405,0.169927088600022,-0.207698474525451,0.349545539005509,0.623631660646747,Attchd,0.219381220556468,0.145186110236195,-0.740760408320604,-0.466029973016984,-0.359600750132276,-0.103330530851366,-0.285935458023539,NONE,-0.0895919598967582,Normal,0.44693779307133,1,2,2,4,2,3,1,3,3,7,4,1,2,3,2,1,0,1,-0.250997476711292,0,200906
1929,85,RL,-0.232008726878616,-0.314383160289643,Pave,NONE,Lvl,Inside,Gtl,Mitchel,Norm,Norm,1Fam,SFoyer,5,8,1972,MetalSd,MetalSd,None,-0.567015949674981,CBlock,720,76,0,796,GasA,0.268289832918241,SBrkr,-0.785025043886639,-1.39290414769013,0,1,-1.02736282330994,-0.756321032880405,-1.04580127322219,-0.207698474525451,-1.56236594448683,-0.924311211315714,Detchd,0.283881667563343,-0.634400730283121,0.350106302461121,-0.702842766617084,-0.359600750132276,-0.103330530851366,-0.285935458023539,MnPrv,-0.0895919598967582,Normal,0.44693779307133,1,2,2,3,2,3,0,3,3,7,6,4,2,3,2,3,0,1,0.297607266471232,0,200910
1930,80,RL,0.126458111156943,-0.312227344319863,Pave,NONE,Lvl,Inside,Gtl,Mitchel,Norm,Norm,1Fam,SLvl,6,5,1993,HdBoard,HdBoard,None,-0.567015949674981,CBlock,114,270,0,384,GasA,0.268289832918241,SBrkr,-0.785025043886639,-0.809859123206922,0,1,-1.02736282330994,-0.756321032880405,-1.04580127322219,-0.207698474525451,-0.925062116656053,-0.924311211315714,Attchd,0.27276090083802,-0.202843729281357,1.47259233819304,-0.702842766617084,-0.359600750132276,-0.103330530851366,-0.285935458023539,NONE,1.14431217701959,Normal,0.44693779307133,1,3,2,4,2,3,0,3,3,7,3,6,2,3,3,3,0,3,0.297607266471232,0,200911
1931,85,RL,0.365436003180649,-0.316919414371736,Pave,NONE,Lvl,Inside,Gtl,Mitchel,Norm,Norm,1Fam,SFoyer,5,6,1992,HdBoard,Wd Shng,None,-0.567015949674981,PConc,718,110,0,828,GasA,0.268289832918241,SBrkr,-0.785025043886639,-1.22095527606288,1,0,-1.02736282330994,-0.756321032880405,-1.04580127322219,-0.207698474525451,-0.925062116656053,0.623631660646747,Detchd,0.283881667563343,1.0454232951216,0.0497227154342694,-0.229217179416884,-0.359600750132276,-0.103330530851366,-0.285935458023539,GdPrv,-0.0895919598967582,Normal,0.44693779307133,1,2,2,2,2,3,2,3,3,7,6,2,2,3,3,3,0,1,0.297607266471232,0,200909
1932,60,RL,0.126458111156943,0.0330836489571846,Pave,NONE,Lvl,Inside,Gtl,Mitchel,Norm,Norm,1Fam,2Story,5,5,1992,HdBoard,Wd Shng,None,-0.567015949674981,PConc,330,0,294,624,GasA,0.268289832918241,SBrkr,0.761770720256853,-0.422480056092655,0,0,-1.02736282330994,1.23259887250509,0.169927088600022,-0.207698474525451,-0.287758288825272,-0.924311211315714,Detchd,0.290554127598537,-0.151799352818783,0.444964277311706,-0.702842766617084,-0.359600750132276,-0.103330530851366,-0.285935458023539,NONE,-0.0895919598967582,Normal,0.44693779307133,1,2,2,2,2,3,0,3,3,7,5,1,2,3,3,1,0,1,0.297607266471232,0,200910
1933,60,RL,0.365436003180649,0.0366344046721157,Pave,NONE,Lvl,Inside,Mod,Mitchel,Norm,Norm,1Fam,2Story,5,7,1969,VinylSd,VinylSd,BrkFace,0.428376502944416,CBlock,496,288,0,784,GasA,0.268289832918241,SBrkr,1.19338039803445,0.259386158980929,0,0,-1.02736282330994,1.23259887250509,1.38565545042224,-0.207698474525451,0.349545539005509,0.623631660646747,Attchd,0.219381220556468,1.9735028671684,-0.740760408320604,1.857695564184,5.36952017099507,-0.103330530851366,-0.285935458023539,MnPrv,-0.0895919598967582,Normal,0.44693779307133,1,4,3,4,2,3,3,3,3,7,4,2,2,3,2,4,0,2,-0.250997476711292,0,200907
1934,60,RL,0.425180476186576,-0.1859218910316,Pave,NONE,Lvl,Inside,Gtl,Gilbert,Norm,Norm,1Fam,2Story,6,5,1997,VinylSd,VinylSd,None,-0.567015949674981,PConc,706,0,220,926,GasA,0.268289832918241,SBrkr,0.796766099536117,0.204046292250319,0,0,0.781365814350925,1.23259887250509,0.169927088600022,-0.207698474525451,0.349545539005509,0.623631660646747,Attchd,0.281657514218279,-0.012587417011762,-0.740760408320604,-0.170013981016859,-0.359600750132276,-0.103330530851366,-0.285935458023539,NONE,-0.0895919598967582,Normal,0.44693779307133,1,2,2,4,2,3,3,3,3,7,4,1,2,3,2,1,0,3,-0.250997476711292,0,200807
1935,60,RL,0.216074820665833,-0.257317443442536,Pave,NONE,Lvl,Inside,Gtl,Gilbert,Norm,Norm,1Fam,2Story,6,5,1995,VinylSd,VinylSd,BrkFace,0.0984430495480989,PConc,476,0,204,680,GasA,0.268289832918241,SBrkr,1.05806493148796,-0.0607944985318843,0,0,0.781365814350925,1.23259887250509,0.169927088600022,-0.207698474525451,0.349545539005509,0.623631660646747,BuiltIn,0.277209207528149,-0.244607310023463,0.776967189288753,0.0223964137832229,-0.359600750132276,-0.103330530851366,-0.285935458023539,NONE,-0.0895919598967582,Normal,0.44693779307133,1,2,2,3,2,3,3,3,3,7,5,1,2,3,3,1,0,3,0.297607266471232,0,200802
1936,60,RL,0.0368414016480533,-0.0802869085124007,Pave,NONE,Lvl,Inside,Gtl,Gilbert,Norm,Norm,1Fam,2Story,6,5,1998,VinylSd,VinylSd,None,-0.567015949674981,PConc,851,0,75,926,GasA,0.268289832918241,SBrkr,0.796766099536117,0.204046292250319,0,0,0.781365814350925,1.23259887250509,0.169927088600022,-0.207698474525451,0.349545539005509,-0.924311211315714,Attchd,0.283881667563343,-0.00330662129129393,0.0497227154342694,0.51082280058343,-0.359600750132276,-0.103330530851366,-0.285935458023539,NONE,-0.0895919598967582,Normal,0.44693779307133,1,2,2,4,2,3,0,3,3,7,6,1,2,3,2,4,0,3,0.297607266471232,0,200808
1937,60,RL,-1.72562055202678,0.617563402175662,Pave,NONE,Lvl,Corner,Gtl,Gilbert,Norm,Norm,1Fam,2Story,6,5,1996,HdBoard,HdBoard,None,-0.567015949674981,PConc,138,0,778,916,GasA,0.268289832918241,SBrkr,0.894753161518058,0.267291854228159,0,0,0.781365814350925,1.23259887250509,0.169927088600022,-0.207698474525451,0.349545539005509,0.623631660646747,Attchd,0.279433360873214,-0.40238083727142,0.587251239587583,0.540424399783442,-0.359600750132276,-0.103330530851366,-0.285935458023539,NONE,-0.0895919598967582,Normal,-2.23744784062252,1,2,2,3,2,3,3,3,3,7,3,1,2,3,1,1,0,3,0.297607266471232,0,200803
1938,20,RL,-0.142392017369726,0.503305155777344,Pave,NONE,Lvl,Inside,Gtl,Gilbert,Norm,Norm,1Fam,1Story,5,5,1996,HdBoard,HdBoard,None,-0.567015949674981,PConc,450,0,898,1348,GasA,0.268289832918241,SBrkr,-0.785025043886639,-0.230766946347328,1,0,0.781365814350925,-0.756321032880405,0.169927088600022,-0.207698474525451,0.349545539005509,-0.924311211315714,Attchd,0.279433360873214,-0.318853675787208,-0.740760408320604,-0.12561158221684,-0.359600750132276,-0.103330530851366,-0.285935458023539,NONE,-0.0895919598967582,Normal,0.44693779307133,1,2,3,3,3,3,0,3,3,7,6,1,2,3,2,1,0,1,0.297607266471232,0,200803
1939,120,RL,-0.381369909393432,-0.495091263638814,Pave,NONE,Lvl,Corner,Gtl,StoneBr,Norm,Norm,1Fam,1Story,8,5,1997,CemntBd,CmentBd,None,-0.567015949674981,PConc,656,0,1008,1664,GasA,0.268289832918241,SBrkr,-0.785025043886639,0.358207349571303,1,0,-1.02736282330994,1.23259887250509,-2.26152963504441,-0.207698474525451,-0.287758288825272,0.623631660646747,Attchd,0.281657514218279,0.256555658881811,-0.740760408320604,-0.702842766617084,-0.359600750132276,-0.103330530851366,-0.285935458023539,NONE,-0.0895919598967582,Normal,0.44693779307133,1,2,3,4,3,3,3,3,3,6,6,1,2,3,2,2,0,3,1.66911912442754,0,200810
1940,120,RL,-0.560603328411212,-0.646505632339804,Pave,NONE,HLS,Inside,Gtl,StoneBr,Norm,Norm,TwnhsE,1Story,8,5,1992,HdBoard,HdBoard,None,-0.567015949674981,PConc,0,0,1280,1280,GasA,0.268289832918241,SBrkr,-0.785025043886639,-0.436315022775307,0,0,0.781365814350925,-0.756321032880405,-1.04580127322219,-0.207698474525451,-0.925062116656053,-0.924311211315714,Attchd,0.270536747492955,0.154466905956663,-0.740760408320604,0.51082280058343,-0.359600750132276,-0.103330530851366,2.27749427971869,NONE,-0.0895919598967582,Normal,0.44693779307133,1,2,3,4,3,3,0,3,3,7,1,1,2,3,2,2,0,2,0.297607266471232,0,200811
1941,60,RL,0.455052712689539,0.128827240556219,Pave,NONE,Lvl,Corner,Gtl,Gilbert,Norm,Norm,1Fam,2Story,6,5,1998,VinylSd,VinylSd,None,-0.567015949674981,PConc,0,0,932,932,GasA,0.268289832918241,SBrkr,0.850425681097656,0.261362582792736,0,0,0.781365814350925,1.23259887250509,0.169927088600022,-0.207698474525451,0.349545539005509,0.623631660646747,Attchd,0.283881667563343,-0.0589913956141022,-0.740760408320604,-0.12561158221684,-0.359600750132276,-0.103330530851366,-0.285935458023539,NONE,-0.0895919598967582,Family,0.44693779307133,1,2,2,3,2,3,3,3,3,7,1,1,2,3,2,1,0,3,0.297607266471232,0,200807
1942,60,RL,-1.72562055202678,0.494428266490016,Pave,NONE,Lvl,FR3,Gtl,Gilbert,Norm,Norm,1Fam,2Story,6,5,1991,HdBoard,HdBoard,BrkFace,0.517849981831552,PConc,504,0,332,836,GasA,0.268289832918241,SBrkr,1.21671065088729,0.411570792490105,1,0,0.781365814350925,1.23259887250509,0.169927088600022,-0.207698474525451,0.349545539005509,-0.924311211315714,Attchd,0.268312594147891,-0.263168901464399,-0.740760408320604,-0.110810782616833,-0.359600750132276,-0.103330530851366,-0.285935458023539,GdPrv,-0.0895919598967582,Normal,-2.23744784062252,1,2,2,3,3,3,0,3,3,7,5,1,2,3,3,1,0,3,0.297607266471232,0,200812
1943,120,RL,0.216074820665833,-0.534910452727684,Pave,NONE,HLS,Inside,Mod,StoneBr,Norm,Norm,TwnhsE,1Story,8,5,1989,HdBoard,HdBoard,None,-0.567015949674981,PConc,319,0,1018,1337,GasA,0.268289832918241,SBrkr,-0.785025043886639,-0.32365886550228,1,0,0.781365814350925,-0.756321032880405,-1.04580127322219,-0.207698474525451,-0.925062116656053,0.623631660646747,Attchd,0.263864287457761,-0.0497105998936342,-0.740760408320604,0.377615604183373,2.03791180925254,-0.103330530851366,-0.285935458023539,NONE,-0.0895919598967582,Normal,0.44693779307133,1,2,3,3,3,3,3,3,3,7,6,1,2,3,2,4,0,2,0.297607266471232,0,200807
1944,60,RL,1.29147533477251,0.427978409539163,Pave,NONE,HLS,Corner,Gtl,StoneBr,Norm,Norm,1Fam,2Story,8,5,2005,VinylSd,VinylSd,Stone,0.159956066283005,PConc,16,0,1152,1168,GasA,0.268289832918241,SBrkr,2.32256463611205,1.97492202762983,0,0,2.59009445201179,1.23259887250509,2.60138381224446,-0.207698474525451,1.62415319466707,0.623631660646747,BuiltIn,0.299450740978796,0.975817327218085,0.776967189288753,-0.229217179416884,-0.359600750132276,-0.103330530851366,-0.285935458023539,NONE,-0.0895919598967582,Normal,0.44693779307133,1,2,3,4,4,3,4,3,3,7,6,1,2,3,2,4,0,3,1.66911912442754,0,200810
1945,20,RL,-0.142392017369726,0.663596413765661,Pave,NONE,HLS,CulDSac,Gtl,StoneBr,Norm,Norm,1Fam,1Story,9,5,2004,VinylSd,VinylSd,BrkFace,1.08824340973705,PConc,1337,0,547,1884,GasA,0.268289832918241,SBrkr,-0.785025043886639,0.757444959556416,1,0,0.781365814350925,-0.756321032880405,-1.04580127322219,-0.207698474525451,0.349545539005509,0.623631660646747,Attchd,0.297226587633731,0.915492155035043,0.950873476514825,0.422018002983392,-0.359600750132276,-0.103330530851366,-0.285935458023539,NONE,-0.0895919598967582,Normal,0.44693779307133,1,2,4,4,4,3,4,3,3,7,6,1,2,3,2,4,0,3,1.66911912442754,0,200812
1946,20,RL,-1.72562055202678,2.66964657999762,Pave,NONE,Bnk,FR2,Gtl,Gilbert,Feedr,Norm,1Fam,1Story,6,2,1952,BrkFace,BrkFace,None,-0.567015949674981,CBlock,0,0,1632,1632,GasA,0.268289832918241,FuseA,-0.785025043886639,-0.0528888032846544,0,0,-1.02736282330994,-0.756321032880405,0.169927088600022,-0.207698474525451,0.349545539005509,2.17157453260921,Attchd,0.181570613690368,0.103422529494089,-0.740760408320604,-0.702842766617084,1.88222917552625,-0.103330530851366,-0.285935458023539,NONE,1.23244818679933,Normal,-2.23744784062252,1,2,2,2,2,3,4,3,3,5,1,1,2,3,2,1,0,1,-0.250997476711292,0,200808
1947,120,RL,0.0667136381510165,-0.259980510228734,Pave,NONE,HLS,Inside,Gtl,StoneBr,PosN,PosN,TwnhsE,1Story,9,5,2007,MetalSd,MetalSd,BrkFace,0.428376502944416,PConc,1034,0,676,1710,GasA,0.268289832918241,SBrkr,-0.785025043886639,0.413547216301913,1,0,0.781365814350925,-0.756321032880405,-1.04580127322219,-0.207698474525451,-0.287758288825272,0.623631660646747,Attchd,0.303899047668925,0.391127196828598,0.492393264736998,0.00759561418321662,-0.359600750132276,-0.103330530851366,-0.285935458023539,NONE,-0.0895919598967582,Normal,0.44693779307133,1,2,4,4,4,3,4,3,3,7,6,1,2,3,3,4,0,2,1.66911912442754,0,200810
1948,20,RL,-1.72562055202678,4.7062586079188,Pave,NONE,Lvl,Inside,Gtl,Gilbert,Norm,Norm,1Fam,1Story,6,5,1950,AsbShng,AsbShng,BrkFace,-0.320963882735355,CBlock,0,0,1488,1488,GasA,0.268289832918241,SBrkr,-0.785025043886639,-0.0252188699193495,0,0,0.781365814350925,1.23259887250509,0.169927088600022,-0.207698474525451,-0.287758288825272,0.623631660646747,Attchd,0.177122307000239,1.23103920953096,-0.740760408320604,-0.702842766617084,2.44268665694088,-0.103330530851366,-0.285935458023539,NONE,-0.0895919598967582,Family,-2.23744784062252,1,2,2,3,2,3,3,3,3,7,1,1,2,3,2,1,0,2,-0.250997476711292,0,200810
1949,20,RL,0.156330347659906,0.318539045896823,Pave,NONE,Lvl,Inside,Gtl,NWAmes,Norm,Norm,1Fam,1Story,7,6,1988,Plywood,Wd Sdng,BrkFace,0.0033774782305161,CBlock,983,0,692,1675,GasA,0.268289832918241,SBrkr,-0.785025043886639,0.370065892442148,1,0,0.781365814350925,-0.756321032880405,-1.04580127322219,-0.207698474525451,-0.287758288825272,0.623631660646747,Attchd,0.261640134112697,0.256555658881811,-0.740760408320604,0.00759561418321662,-0.359600750132276,-0.103330530851366,2.22408949351573,NONE,-0.0895919598967582,Normal,0.44693779307133,1,2,3,4,4,4,5,3,3,7,6,1,2,3,2,2,0,2,0.297607266471232,0,200809
1950,20,RL,-1.72562055202678,0.0833014797826385,Pave,NONE,Lvl,Inside,Gtl,NWAmes,Norm,Norm,1Fam,1Story,7,7,1983,WdShing,Plywood,BrkFace,0.406008133222631,CBlock,747,0,513,1260,GasA,0.268289832918241,SBrkr,-0.785025043886639,-0.475843499011457,1,0,0.781365814350925,-0.756321032880405,0.169927088600022,-0.207698474525451,-0.287758288825272,-0.924311211315714,Attchd,0.250519367387373,0.581383509098193,0.460773939786803,-0.702842766617084,-0.359600750132276,-0.103330530851366,-0.285935458023539,NONE,-0.0895919598967582,Normal,-2.23744784062252,1,2,3,2,2,3,0,3,3,7,6,1,2,3,2,2,0,1,0.297607266471232,0,200810
1951,20,RL,-0.0527753078608365,1.06407093332825,Pave,NONE,Lvl,CulDSac,Gtl,NWAmes,Norm,Norm,1Fam,1Story,7,5,1978,Plywood,Plywood,BrkFace,1.57475545118586,CBlock,1206,186,656,2048,GasA,0.268289832918241,SBrkr,-0.785025043886639,1.11320124568176,1,0,0.781365814350925,-0.756321032880405,0.169927088600022,-0.207698474525451,0.349545539005509,2.17157453260921,Attchd,0.23939860066205,0.35864441180696,0.840205839189143,-0.702842766617084,-0.359600750132276,-0.103330530851366,-0.285935458023539,NONE,-0.0895919598967582,Normal,0.44693779307133,1,3,3,2,3,3,2,3,3,7,6,3,2,3,2,1,0,3,0.297607266471232,0,200811
1952,20,RL,0.813519550725098,0.542997532162109,Pave,NONE,Lvl,Inside,Gtl,NWAmes,Norm,Norm,1Fam,1Story,7,5,1979,Plywood,Plywood,BrkFace,0.517849981831552,CBlock,864,449,469,1782,GasA,0.268289832918241,SBrkr,-0.785025043886639,0.555849730752052,0,1,0.781365814350925,-0.756321032880405,0.169927088600022,-0.207698474525451,-0.287758288825272,0.623631660646747,Attchd,0.241622754007115,0.363284809667194,2.95079577961465,-0.702842766617084,-0.359600750132276,-0.103330530851366,-0.285935458023539,NONE,-0.0895919598967582,Normal,0.44693779307133,1,2,3,2,3,2,3,3,3,7,5,2,2,3,3,1,0,3,0.297607266471232,0,200806
1953,20,RL,0.962880733239914,0.367742375089439,Pave,NONE,Lvl,Corner,Gtl,NWAmes,Norm,Norm,1Fam,1Story,6,5,1976,HdBoard,HdBoard,BrkFace,2.90567344963201,PConc,890,48,273,1211,GasA,0.268289832918241,SBrkr,-0.785025043886639,-0.572688265790024,1,0,0.781365814350925,-0.756321032880405,0.169927088600022,-0.207698474525451,-0.287758288825272,0.623631660646747,Attchd,0.234950293971921,-0.0543509977538682,-0.740760408320604,-0.702842766617084,-0.359600750132276,6.80585806875291,-0.285935458023539,MnPrv,-0.0895919598967582,Normal,0.44693779307133,1,2,2,2,3,3,1,3,3,7,5,3,2,3,3,1,0,3,0.297607266471232,0,200803
1954,60,RL,0.664158368210282,0.0294060805381488,Pave,NONE,Lvl,Inside,Gtl,NWAmes,Norm,Norm,1Fam,2Story,7,6,1980,HdBoard,HdBoard,BrkFace,0.998769930849912,CBlock,0,0,738,738,GasA,0.268289832918241,SBrkr,1.00440534992642,1.07367276944561,0,0,0.781365814350925,1.23259887250509,0.169927088600022,-0.207698474525451,0.349545539005509,0.623631660646747,Attchd,0.243846907352179,0.0755801423326845,-0.519425133669239,0.377615604183373,-0.359600750132276,-0.103330530851366,-0.285935458023539,NONE,-0.0895919598967582,Normal,0.44693779307133,1,2,2,2,2,3,3,3,3,6,1,1,2,3,3,2,0,1,0.297607266471232,0,200806
1955,60,RL,0.514797185695465,-0.053909866058627,Pave,NONE,Lvl,Inside,Gtl,NWAmes,Norm,Norm,1Fam,2Story,5,6,1969,VinylSd,VinylSd,None,-0.567015949674981,CBlock,280,0,440,720,GasA,0.268289832918241,SBrkr,0.58679382386053,-0.380975156044697,0,0,-1.02736282330994,1.23259887250509,0.169927088600022,-0.207698474525451,0.349545539005509,-0.924311211315714,Detchd,0.219381220556468,0.0523781530315144,-0.740760408320604,-0.702842766617084,-0.359600750132276,-0.103330530851366,-0.285935458023539,NONE,-0.0895919598967582,Normal,0.44693779307133,1,2,2,3,2,2,0,3,3,7,4,1,2,3,3,1,0,1,-0.250997476711292,0,200809
1956,60,RL,-1.72562055202678,0.297107698903132,Pave,NONE,Lvl,Corner,Gtl,NWAmes,Norm,Norm,1Fam,2Story,7,7,1978,Plywood,Plywood,BrkFace,0.372455578639955,PConc,988,0,432,1420,GasA,0.268289832918241,SBrkr,2.52787086121707,2.64690612364437,0,1,0.781365814350925,1.23259887250509,1.38565545042224,-0.207698474525451,0.98684936683629,2.17157453260921,Attchd,0.23939860066205,3.90390837702576,-0.740760408320604,-0.466029973016984,-0.359600750132276,-0.103330530851366,3.4167963853819,MnPrv,-0.0895919598967582,Normal,-2.23744784062252,1,2,3,4,3,3,4,3,4,5,5,1,2,3,2,1,0,3,0.297607266471232,0,200804
1957,20,RL,0.664158368210282,0.0294060805381488,Pave,NONE,Lvl,Inside,Gtl,NWAmes,Norm,Norm,1Fam,1Story,6,5,1976,HdBoard,HdBoard,BrkFace,0.104035141978545,CBlock,0,0,1444,1444,GasA,0.268289832918241,SBrkr,-0.785025043886639,-0.112181517638879,0,0,0.781365814350925,-0.756321032880405,-1.04580127322219,-0.207698474525451,-0.925062116656053,0.623631660646747,Attchd,0.234950293971921,0.00133377656894009,-0.740760408320604,-0.347623576216934,-0.359600750132276,-0.103330530851366,-0.285935458023539,GdWo,-0.0895919598967582,Normal,0.44693779307133,1,2,2,2,2,3,4,3,3,7,1,1,2,3,3,1,0,1,-0.250997476711292,0,200807
1958,60,RL,-1.72562055202678,0.525370566291558,Pave,NONE,Lvl,FR3,Gtl,NWAmes,Norm,Norm,1Fam,2Story,8,5,1996,VinylSd,VinylSd,BrkFace,1.68100520736433,PConc,1023,0,213,1236,GasA,0.268289832918241,SBrkr,1.79063487106723,1.65869421774063,1,0,0.781365814350925,1.23259887250509,1.38565545042224,-0.207698474525451,1.62415319466707,0.623631660646747,Attchd,0.279433360873214,1.45841870468242,0.776967189288753,1.96130116138404,3.03428066510077,-0.103330530851366,-0.285935458023539,GdPrv,-0.0895919598967582,Normal,-2.23744784062252,1,2,3,4,3,3,4,3,3,7,6,1,2,3,2,1,0,2,0.297607266471232,0,200809
1959,90,RL,0.0667136381510165,-0.148131705208405,Pave,NONE,Lvl,FR2,Gtl,NAmes,Norm,Norm,Duplex,2Story,5,5,1974,VinylSd,VinylSd,None,-0.567015949674981,CBlock,0,0,896,896,GasA,0.268289832918241,SBrkr,1.30536561172809,0.575613968870127,0,0,0.781365814350925,3.22151877789059,1.38565545042224,4.45593111885755,0.98684936683629,-0.924311211315714,Detchd,0.248295214042309,0.0338165615905783,-0.740760408320604,-0.0368067846168022,-0.359600750132276,-0.103330530851366,-0.285935458023539,NONE,-0.0895919598967582,Normal,0.44693779307133,1,2,2,2,2,3,0,3,3,7,1,1,2,3,3,2,0,1,0.297607266471232,0,200809
1960,20,RL,0.305691530174723,0.0160907466071573,Pave,NONE,Lvl,FR2,Gtl,NAmes,Norm,Norm,1Fam,1Story,4,6,1969,HdBoard,HdBoard,BrkFace,-0.164385294682865,CBlock,252,0,684,936,GasA,0.268289832918241,SBrkr,-0.785025043886639,-1.11620481403708,0,0,-1.02736282330994,-0.756321032880405,-1.04580127322219,-0.207698474525451,-1.56236594448683,-0.924311211315714,Attchd,0.219381220556468,-0.857139827574354,-0.614283108519824,-0.702842766617084,-0.359600750132276,-0.103330530851366,-0.285935458023539,NONE,-0.0895919598967582,Normal,0.44693779307133,1,2,2,2,2,3,0,3,3,7,3,1,2,3,3,2,0,1,0.297607266471232,0,200812
1961,20,RL,0.156330347659906,-0.330741999119147,Pave,NONE,Lvl,Inside,Gtl,NAmes,Norm,Norm,1Fam,1Story,5,5,1971,MetalSd,MetalSd,None,-0.567015949674981,CBlock,119,613,132,864,GasA,0.268289832918241,SBrkr,-0.785025043886639,-1.25850732848722,1,0,-1.02736282330994,-0.756321032880405,0.169927088600022,-0.207698474525451,-0.925062116656053,-0.924311211315714,Detchd,0.237174447316985,0.479294756173045,-0.740760408320604,-0.702842766617084,-0.359600750132276,-0.103330530851366,-0.285935458023539,NONE,-0.0895919598967582,Normal,0.44693779307133,1,2,2,2,2,3,0,3,3,7,3,5,2,3,3,1,0,1,0.297607266471232,0,200808
1962,160,RM,-1.09830358546455,-1.07640069925467,Pave,NONE,Lvl,Inside,Gtl,BrDale,Norm,Norm,Twnhs,2Story,6,5,1973,HdBoard,HdBoard,BrkFace,1.44054523285515,CBlock,458,0,25,483,GasA,0.268289832918241,SBrkr,0.390819699896649,-1.0154071996349,0,1,-1.02736282330994,1.23259887250509,-1.04580127322219,-0.207698474525451,-0.925062116656053,-0.924311211315714,Detchd,0.228277833936727,-0.968509376219971,-0.32970918396807,-0.702842766617084,-0.359600750132276,-0.103330530851366,-0.285935458023539,NONE,-0.0895919598967582,Normal,0.44693779307133,1,2,2,2,2,3,0,3,3,7,2,1,2,3,3,1,0,1,-0.250997476711292,0,200805
1963,160,RM,-1.09830358546455,-1.04977003139269,Pave,NONE,Lvl,Inside,Gtl,BrDale,Norm,Norm,Twnhs,2Story,6,6,1972,HdBoard,HdBoard,BrkFace,1.79284705597325,CBlock,483,0,0,483,GasA,0.268289832918241,SBrkr,0.390819699896649,-1.0154071996349,0,0,-1.02736282330994,1.23259887250509,-1.04580127322219,-0.207698474525451,-0.925062116656053,-0.924311211315714,Detchd,0.232726140626856,-0.560154364519377,2.50812523031193,-0.702842766617084,-0.359600750132276,-0.103330530851366,-0.285935458023539,NONE,-0.0895919598967582,Normal,0.44693779307133,1,2,2,3,2,3,0,3,3,7,2,1,2,3,3,1,0,1,-0.250997476711292,0,200807
1964,160,RM,-1.09830358546455,-1.07640069925467,Pave,NONE,Lvl,Inside,Gtl,BrDale,Norm,Norm,Twnhs,2Story,5,5,1972,HdBoard,HdBoard,BrkFace,1.42376895556381,CBlock,350,0,280,630,GasA,0.268289832918241,SBrkr,0.782767947824411,-0.392833698915542,0,0,0.781365814350925,1.23259887250509,0.169927088600022,-0.207698474525451,-0.287758288825272,-0.924311211315714,Detchd,0.226053680591662,-0.968509376219971,-0.740760408320604,-0.702842766617084,-0.359600750132276,-0.103330530851366,-0.285935458023539,NONE,-0.0895919598967582,Normal,0.44693779307133,1,2,2,2,2,3,0,3,3,7,3,1,2,3,3,1,0,1,-0.250997476711292,0,200804
1965,160,RL,-1.00868687595566,-0.996762321076934,Pave,NONE,Lvl,FR2,Gtl,NPkVill,Norm,Norm,TwnhsE,2Story,6,6,1975,Plywood,Brk Cmn,None,-0.567015949674981,CBlock,286,294,275,855,GasA,0.268289832918241,SBrkr,0.617123152569226,-0.0884644318971892,0,0,0.781365814350925,1.23259887250509,1.38565545042224,-0.207698474525451,0.349545539005509,-0.924311211315714,Attchd,0.232726140626856,-0.0589913956141022,-0.740760408320604,-0.702842766617084,-0.359600750132276,-0.103330530851366,-0.285935458023539,NONE,-0.0895919598967582,Normal,0.44693779307133,1,2,2,3,2,3,0,3,3,7,5,2,2,3,3,1,0,2,0.297607266471232,0,200808
1966,120,RL,-1.00868687595566,-0.9687367134698,Pave,NONE,Lvl,Inside,Gtl,NPkVill,Norm,Norm,Twnhs,1Story,7,6,1977,Plywood,Brk Cmn,None,-0.567015949674981,CBlock,378,0,677,1055,GasA,0.268289832918241,SBrkr,-0.785025043886639,-0.881010380431992,0,0,0.781365814350925,-0.756321032880405,-1.04580127322219,-0.207698474525451,-1.56236594448683,-0.924311211315714,Attchd,0.237174447316985,-0.151799352818783,-0.740760408320604,-0.140412381816846,-0.359600750132276,-0.103330530851366,-0.285935458023539,NONE,-0.0895919598967582,Normal,0.44693779307133,1,2,2,1,2,3,0,3,3,7,5,1,2,3,3,1,0,1,0.297607266471232,0,200812
1967,20,RL,1.20185862526362,0.321582550795335,Pave,NONE,Lvl,Inside,Gtl,NridgHt,Norm,Norm,1Fam,1Story,8,5,2007,VinylSd,VinylSd,Stone,1.12179596431973,PConc,1012,0,570,1582,GasA,0.268289832918241,SBrkr,-0.785025043886639,0.160564968390554,1,0,0.781365814350925,-0.756321032880405,0.169927088600022,-0.207698474525451,0.349545539005509,-0.924311211315714,Attchd,0.303899047668925,2.00598565219004,0.911349320327081,0.703233195383511,-0.359600750132276,-0.103330530851366,-0.285935458023539,NONE,-0.0895919598967582,Partial,0.44693779307133,1,2,3,4,3,3,0,3,3,7,6,1,2,3,3,1,0,3,1.66911912442754,0,200801
1968,20,RL,1.41096428078436,0.447000315154865,Pave,NONE,Lvl,Inside,Gtl,NridgHt,Norm,Norm,1Fam,1Story,8,5,2007,VinylSd,VinylSd,Stone,2.53100325679213,PConc,1728,495,195,2418,GasA,0.268289832918241,SBrkr,-0.785025043886639,1.90377077040476,1,0,0.781365814350925,1.23259887250509,1.38565545042224,-0.207698474525451,1.62415319466707,0.623631660646747,Attchd,0.303899047668925,0.822684197830362,2.08916917472184,0.451619602183404,-0.359600750132276,-0.103330530851366,-0.285935458023539,NONE,-0.0895919598967582,Normal,0.44693779307133,1,2,3,4,4,3,5,3,3,7,6,4,2,3,3,4,0,3,1.66911912442754,0,200811
1969,20,RL,1.3810920442814,0.538939525630759,Pave,NONE,Lvl,Inside,Gtl,NridgHt,Norm,Norm,1Fam,1Story,9,5,2007,VinylSd,VinylSd,BrkFace,2.11718841693912,PConc,1375,0,575,1950,GasA,0.268289832918241,SBrkr,-0.785025043886639,0.88788893113571,1,0,0.781365814350925,-0.756321032880405,-1.04580127322219,-0.207698474525451,0.349545539005509,0.623631660646747,Attchd,0.303899047668925,1.08254647800347,0.492393264736998,2.36092275058421,-0.359600750132276,-0.103330530851366,-0.285935458023539,NONE,-0.0895919598967582,Normal,0.44693779307133,1,2,4,4,4,3,4,3,3,7,6,1,2,3,2,4,0,3,1.66911912442754,0,200808
1970,60,RL,1.50058099029325,0.412126821526078,Pave,NONE,Lvl,Inside,Gtl,NridgHt,Norm,Norm,1Fam,2Story,9,5,2006,VinylSd,VinylSd,BrkFace,0.942849006545452,PConc,1420,0,430,1850,GasA,0.268289832918241,SBrkr,1.31003166229866,2.46507513295809,1,0,0.781365814350925,1.23259887250509,1.38565545042224,-0.207698474525451,1.62415319466707,0.623631660646747,BuiltIn,0.301674894323861,1.75076376987717,0.935063814039727,1.99090276058406,-0.359600750132276,-0.103330530851366,-0.285935458023539,NONE,-0.0895919598967582,Abnorml,0.44693779307133,1,2,3,4,4,3,4,3,3,7,6,1,2,3,3,4,0,3,1.66911912442754,0,200802
1971,60,RL,1.14211415225769,0.300658454618063,Pave,NONE,Lvl,Inside,Gtl,NridgHt,PosN,Norm,1Fam,2Story,10,5,2005,CemntBd,CmentBd,BrkFace,2.05008330777377,PConc,1082,0,538,1620,GasA,0.268289832918241,SBrkr,1.91661823647258,2.548084933054,1,0,0.781365814350925,1.23259887250509,1.38565545042224,-0.207698474525451,2.26145702249785,0.623631660646747,BuiltIn,0.299450740978796,3.14288312794737,-0.503615471194142,2.25731715338417,-0.359600750132276,-0.103330530851366,3.1319708589661,NONE,-0.0895919598967582,Normal,0.44693779307133,1,2,4,4,4,3,5,3,3,7,6,1,2,3,3,4,0,3,1.66911912442754,0,200809
1972,60,RL,1.32134757127547,0.251455125425446,Pave,NONE,Lvl,Inside,Gtl,NridgHt,Norm,Norm,1Fam,2Story,9,5,2005,CemntBd,CmentBd,BrkFace,1.49087406472916,PConc,1249,0,165,1414,GasA,0.268289832918241,SBrkr,1.35435914271907,1.64090640343436,1,0,0.781365814350925,1.23259887250509,0.169927088600022,-0.207698474525451,1.62415319466707,0.623631660646747,BuiltIn,0.299450740978796,2.46074464249297,0.776967189288753,0.229607608183311,-0.359600750132276,-0.103330530851366,-0.285935458023539,NONE,-0.0895919598967582,Normal,0.44693779307133,1,2,3,4,4,3,4,3,3,7,6,1,2,3,2,3,0,3,1.66911912442754,0,200811
1973,60,RL,0.484924949192502,-0.160939788322978,Pave,NONE,Lvl,Inside,Gtl,NridgHt,Norm,Norm,1Fam,2Story,8,5,2007,VinylSd,VinylSd,Stone,0.0369300328131924,PConc,40,0,908,948,GasA,0.268289832918241,SBrkr,1.87462378133746,1.16063541716514,0,0,0.781365814350925,1.23259887250509,1.38565545042224,-0.207698474525451,2.26145702249785,0.623631660646747,BuiltIn,0.303899047668925,0.850526584991767,0.0497227154342694,-0.347623576216934,-0.359600750132276,-0.103330530851366,-0.285935458023539,NONE,-0.0895919598967582,Normal,0.44693779307133,1,2,4,4,3,3,4,3,3,7,6,1,2,3,3,3,0,3,0.297607266471232,0,200809
1974,60,RL,0.813519550725098,0.0514714910523634,Pave,NONE,Lvl,Inside,Gtl,NridgHt,Norm,Norm,1Fam,2Story,8,5,2004,VinylSd,VinylSd,Stone,0.137587696561221,PConc,856,0,292,1148,GasA,0.268289832918241,SBrkr,1.92595033761372,1.64288282724617,1,0,0.781365814350925,1.23259887250509,1.38565545042224,-0.207698474525451,1.62415319466707,0.623631660646747,BuiltIn,0.297226587633731,1.31456637101517,1.02992178889031,1.39887077658381,-0.359600750132276,-0.103330530851366,-0.285935458023539,NONE,-0.0895919598967582,Normal,0.44693779307133,1,2,3,4,4,3,4,3,3,7,6,1,2,3,2,1,0,3,1.66911912442754,0,200810
1975,20,RL,1.44083651728733,0.32361155406101,Pave,NONE,HLS,Inside,Mod,NridgHt,Norm,Norm,1Fam,1Story,10,5,2003,MetalSd,MetalSd,Stone,3.23560690302833,PConc,2257,0,278,2535,GasA,0.268289832918241,SBrkr,-0.785025043886639,1.9156293132756,2,0,-1.02736282330994,1.23259887250509,-2.26152963504441,-0.207698474525451,0.349545539005509,2.17157453260921,Attchd,0.295002434288667,1.46769950040289,0.476583602261901,0.259209207383323,-0.359600750132276,-0.103330530851366,3.55920914858981,NONE,-0.0895919598967582,Normal,0.44693779307133,1,2,4,4,4,3,4,3,3,7,6,1,2,3,3,4,4,3,1.66911912442754,0,200805
1976,20,RL,1.02262520624584,0.0858377338647321,Pave,NONE,Lvl,Corner,Gtl,NridgHt,Norm,Norm,1Fam,1Story,8,5,2003,VinylSd,VinylSd,BrkFace,2.25139863526983,PConc,1149,0,454,1603,GasA,0.268289832918241,SBrkr,-0.785025043886639,0.146730001707902,1,0,0.781365814350925,-0.756321032880405,-1.04580127322219,-0.207698474525451,0.349545539005509,0.623631660646747,Attchd,0.295002434288667,1.20319682236955,0.966683138989922,-0.288420377816909,-0.359600750132276,-0.103330530851366,-0.285935458023539,NONE,-0.0895919598967582,Normal,0.44693779307133,1,2,3,4,3,3,3,3,3,7,6,1,2,3,2,2,0,3,0.297607266471232,0,200809
1977,60,RL,2.15777019335844,0.853688657218579,Pave,NONE,Lvl,Inside,Gtl,NridgHt,Norm,Norm,1Fam,2Story,8,5,2001,VinylSd,VinylSd,BrkFace,5.64020664812013,PConc,1075,0,404,1479,GasA,0.268289832918241,SBrkr,1.86062562962576,2.26940917558914,1,0,0.781365814350925,1.23259887250509,1.38565545042224,-0.207698474525451,2.26145702249785,0.623631660646747,Attchd,0.290554127598537,1.26816239241283,-0.740760408320604,0.185205209383292,-0.359600750132276,-0.103330530851366,-0.285935458023539,NONE,-0.0895919598967582,Normal,0.44693779307133,1,2,3,4,3,3,3,3,3,7,6,1,2,3,3,2,0,3,1.66911912442754,0,200801
1978,60,RL,1.62006993630511,0.796749753075577,Pave,NONE,Lvl,Corner,Gtl,NridgHt,Norm,Norm,1Fam,2Story,8,5,2003,VinylSd,VinylSd,BrkFace,0.668836477453596,PConc,0,0,1765,1765,GasA,0.268289832918241,SBrkr,1.28203535887525,2.35044255187325,0,0,0.781365814350925,1.23259887250509,1.38565545042224,-0.207698474525451,1.62415319466707,0.623631660646747,BuiltIn,0.295002434288667,1.4955418875643,1.37773436334246,0.155603610183279,-0.359600750132276,-0.103330530851366,-0.285935458023539,NONE,-0.0895919598967582,Normal,0.44693779307133,1,2,3,4,3,3,4,3,3,7,1,1,2,3,2,4,0,3,1.66911912442754,0,200810
1979,120,RL,0.00696916514509001,-0.00736960365220883,Pave,NONE,Lvl,Inside,Gtl,NridgHt,Norm,Norm,TwnhsE,1Story,9,5,2008,MetalSd,MetalSd,BrkFace,2.18429352610447,PConc,372,0,1486,1858,GasA,0.268289832918241,SBrkr,-0.785025043886639,0.721869330943881,1,0,0.781365814350925,-0.756321032880405,-1.04580127322219,-0.207698474525451,0.349545539005509,0.623631660646747,Attchd,0.30612320101399,1.84357172708185,-0.740760408320604,0.00759561418321662,-0.359600750132276,-0.103330530851366,-0.285935458023539,NONE,-0.0895919598967582,Partial,0.44693779307133,1,2,4,4,4,3,4,3,3,7,6,1,2,3,2,1,0,3,0.297607266471232,0,200803
1980,120,RL,2.30713137587326,0.270857469153462,Pave,NONE,Lvl,Corner,Gtl,NridgHt,Norm,Norm,TwnhsE,1Story,7,5,2005,VinylSd,VinylSd,Stone,0.23824536030925,PConc,20,0,1347,1367,GasA,0.268289832918241,SBrkr,-0.785025043886639,-0.264366151148056,0,0,0.781365814350925,-0.756321032880405,-1.04580127322219,-0.207698474525451,-0.287758288825272,0.623631660646747,Attchd,0.299450740978796,0.0523781530315144,-0.740760408320604,-0.214416379816877,-0.359600750132276,-0.103330530851366,-0.285935458023539,NONE,-0.0895919598967582,Normal,0.44693779307133,1,2,3,4,3,3,4,3,3,7,6,1,2,3,0,1,0,2,0.297607266471232,0,200809
1981,120,RL,0.933008496736951,-0.245523861960801,Pave,NONE,Lvl,Inside,Gtl,NridgHt,Norm,Norm,TwnhsE,1Story,9,5,2007,MetalSd,MetalSd,BrkFace,3.4257380456635,PConc,1204,0,596,1800,GasA,0.268289832918241,SBrkr,-0.785025043886639,0.591425359364587,1,0,0.781365814350925,-0.756321032880405,-1.04580127322219,-0.207698474525451,-0.287758288825272,0.623631660646747,Attchd,0.30612320101399,2.18696116873917,0.91925415156463,-0.702842766617084,-0.359600750132276,-0.103330530851366,-0.285935458023539,NONE,-0.0895919598967582,Partial,0.44693779307133,1,2,4,4,4,3,4,3,3,7,6,1,2,3,2,1,0,2,1.66911912442754,0,200809
1982,120,RL,-0.291753199884543,-0.498134768537326,Pave,NONE,Lvl,Inside,Gtl,NridgHt,Norm,Norm,TwnhsE,1Story,8,5,2006,MetalSd,MetalSd,BrkFace,0.417192318083524,PConc,846,0,496,1342,GasA,0.268289832918241,SBrkr,-0.785025043886639,-0.313776746443243,1,0,0.781365814350925,-0.756321032880405,-1.04580127322219,-0.207698474525451,-0.287758288825272,0.623631660646747,Attchd,0.303899047668925,0.35864441180696,-0.740760408320604,-0.184814780616865,-0.359600750132276,-0.103330530851366,-0.285935458023539,NONE,-0.0895919598967582,Normal,0.44693779307133,1,2,3,4,3,3,4,3,3,7,6,1,2,3,3,1,0,3,0.297607266471232,0,200809
1983,120,RL,-0.291753199884543,-0.498134768537326,Pave,NONE,Lvl,Inside,Gtl,NridgHt,Norm,Norm,TwnhsE,1Story,8,5,2006,MetalSd,MetalSd,BrkFace,0.529034166692444,PConc,24,0,1318,1342,GasA,0.268289832918241,SBrkr,-0.785025043886639,-0.313776746443243,0,0,0.781365814350925,-0.756321032880405,-1.04580127322219,-0.207698474525451,-0.287758288825272,0.623631660646747,Attchd,0.303899047668925,0.35864441180696,-0.740760408320604,-0.184814780616865,-0.359600750132276,-0.103330530851366,-0.285935458023539,NONE,-0.0895919598967582,Normal,0.44693779307133,1,2,3,4,3,3,4,3,3,7,6,1,2,3,3,1,0,2,0.297607266471232,0,200805
1984,160,RL,-0.650220037920102,-0.979008542502279,Pave,NONE,Lvl,Inside,Gtl,NridgHt,Norm,Norm,Twnhs,2Story,7,5,2003,VinylSd,Wd Shng,Stone,0.0257458479523003,PConc,0,0,764,764,GasA,0.268289832918241,SBrkr,1.22604275202843,0.247527616110084,0,0,0.781365814350925,1.23259887250509,-1.04580127322219,-0.207698474525451,-0.287758288825272,-0.924311211315714,BuiltIn,0.295002434288667,0.00597417442917412,-0.740760408320604,-0.303221177416915,-0.359600750132276,-0.103330530851366,-0.285935458023539,NONE,-0.0895919598967582,Normal,0.44693779307133,1,2,3,4,3,3,0,3,3,7,1,1,2,3,3,1,0,2,0.297607266471232,0,200802
1985,120,RL,-1.72562055202678,-0.789803987978094,Pave,NONE,Lvl,Inside,Gtl,Blmngtn,Norm,Norm,TwnhsE,1Story,7,5,2003,VinylSd,VinylSd,BrkFace,0.232653267878804,PConc,1073,0,342,1415,GasA,0.268289832918241,SBrkr,-0.785025043886639,-0.0904408557089967,1,0,0.781365814350925,-0.756321032880405,-1.04580127322219,-0.207698474525451,-0.287758288825272,0.623631660646747,Attchd,0.295002434288667,0.794841810668958,0.492393264736998,-0.406826774616959,-0.359600750132276,-0.103330530851366,2.27749427971869,NONE,-0.0895919598967582,Normal,-2.23744784062252,1,2,3,4,3,3,3,3,3,7,6,1,2,3,3,4,0,3,0.297607266471232,0,200811
1986,120,RM,-1.72562055202678,-0.789803987978094,Pave,NONE,Lvl,Inside,Gtl,Blmngtn,Norm,Norm,TwnhsE,1Story,7,5,2004,VinylSd,VinylSd,BrkFace,-0.432805731344275,PConc,1087,0,306,1393,GasA,0.268289832918241,SBrkr,-0.785025043886639,0.148706425519709,1,0,0.781365814350925,-0.756321032880405,-1.04580127322219,-0.207698474525451,0.349545539005509,0.623631660646747,Attchd,0.297226587633731,0.906211359314575,0.389630458648865,-0.406826774616959,-0.359600750132276,-0.103330530851366,-0.285935458023539,NONE,-0.0895919598967582,Normal,-2.23744784062252,1,2,3,4,3,3,3,3,3,7,6,1,2,3,3,1,0,2,0.297607266471232,0,200808
1987,20,RL,-0.142392017369726,-0.818970909922171,Pave,NONE,Lvl,Inside,Gtl,Blmngtn,Norm,Norm,1Fam,1Story,7,5,2007,WdShing,Wd Shng,BrkFace,-0.45517410106606,PConc,0,0,1146,1146,GasA,0.268289832918241,SBrkr,-0.785025043886639,-0.503513432376762,0,0,0.781365814350925,-0.756321032880405,-1.04580127322219,-0.207698474525451,-0.925062116656053,0.623631660646747,Attchd,0.303899047668925,-0.207484127141591,0.0497227154342694,-0.347623576216934,-0.359600750132276,-0.103330530851366,-0.285935458023539,NONE,-0.0895919598967582,Partial,0.44693779307133,1,2,3,4,3,3,4,3,3,7,1,1,2,3,3,4,0,3,0.297607266471232,0,200806
1988,60,RL,0.664158368210282,-0.145088200309893,Pave,NONE,Lvl,Inside,Gtl,Gilbert,Norm,Norm,1Fam,2Story,6,5,2004,VinylSd,VinylSd,None,-0.567015949674981,PConc,0,0,789,789,GasA,0.268289832918241,SBrkr,0.85275870638294,0.0281445729994527,0,0,0.781365814350925,1.23259887250509,0.169927088600022,-0.207698474525451,0.98684936683629,0.623631660646747,Attchd,0.297226587633731,-0.369898052249782,-0.740760408320604,0.407217203383386,-0.359600750132276,-0.103330530851366,-0.285935458023539,NONE,-0.0895919598967582,Normal,0.44693779307133,1,2,3,4,3,3,4,3,3,7,1,1,2,3,2,1,0,3,0.297607266471232,0,200810
1989,60,RL,-1.72562055202678,-0.27367628227204,Pave,NONE,Lvl,Inside,Gtl,Gilbert,Norm,Norm,1Fam,2Story,7,5,2002,VinylSd,VinylSd,None,-0.567015949674981,PConc,0,0,840,840,GasA,0.268289832918241,SBrkr,1.26803720716355,0.433311454419988,0,0,0.781365814350925,1.23259887250509,0.169927088600022,-0.207698474525451,0.349545539005509,0.623631660646747,BuiltIn,0.292778280943602,-0.337415267228144,0.350106302461121,0.00759561418321662,-0.359600750132276,-0.103330530851366,-0.285935458023539,NONE,-0.0895919598967582,Normal,-2.23744784062252,1,2,3,4,3,3,4,3,3,7,1,1,2,3,2,1,0,3,0.297607266471232,0,200810
1990,60,RL,-1.72562055202678,-0.224726578487633,Pave,NONE,Lvl,Inside,Gtl,Gilbert,Norm,Norm,1Fam,2Story,7,5,2003,VinylSd,VinylSd,BrkFace,0.529034166692444,PConc,0,0,847,847,GasA,0.268289832918241,SBrkr,1.87229075605218,0.95904018836078,0,0,0.781365814350925,1.23259887250509,1.38565545042224,-0.207698474525451,1.62415319466707,0.623631660646747,BuiltIn,0.295002434288667,-0.179641739980187,0.207819340185244,0.00759561418321662,-0.359600750132276,-0.103330530851366,-0.285935458023539,NONE,-0.0895919598967582,Normal,-2.23744784062252,1,2,3,4,3,3,4,3,3,7,1,1,2,3,2,1,0,3,0.297607266471232,0,200808
1991,120,RL,-0.0826475443637997,-0.363586489482259,Pave,NONE,Lvl,Inside,Gtl,NridgHt,Norm,Norm,TwnhsE,1Story,7,6,2007,VinylSd,VinylSd,Stone,0.417192318083524,PConc,876,0,474,1350,GasA,0.268289832918241,SBrkr,-0.785025043886639,-0.282153965454323,1,0,0.781365814350925,-0.756321032880405,-1.04580127322219,-0.207698474525451,-0.287758288825272,0.623631660646747,Attchd,0.30612320101399,0.0523781530315144,0.776967189288753,-0.318021977016921,-0.359600750132276,-0.103330530851366,-0.285935458023539,NONE,-0.0895919598967582,Partial,0.44693779307133,1,2,3,4,3,3,4,3,3,7,6,1,2,3,2,1,0,2,0.297607266471232,0,200803
1992,60,RL,0.395308239683612,-0.247045614410057,Pave,NONE,Lvl,Inside,Gtl,Gilbert,Norm,Norm,1Fam,2Story,7,5,2000,VinylSd,VinylSd,BrkFace,3.05106785282361,PConc,544,0,438,982,GasA,0.268289832918241,SBrkr,1.27736930830468,0.773256350050876,0,0,0.781365814350925,1.23259887250509,0.169927088600022,-0.207698474525451,0.98684936683629,0.623631660646747,Attchd,0.288329974253473,-0.193562933560889,0.112961365334659,-0.702842766617084,-0.359600750132276,-0.103330530851366,-0.285935458023539,NONE,-0.0895919598967582,Normal,0.44693779307133,1,2,3,4,2,3,3,3,3,7,6,1,2,3,2,3,0,2,0.297607266471232,0,200810
1993,60,RL,-1.72562055202678,-0.306647585339257,Pave,NONE,Lvl,Inside,Gtl,Gilbert,RRAn,Norm,1Fam,2Story,7,5,2002,VinylSd,VinylSd,NONE,-0.567015949674981,PConc,0,0,707,707,GasA,0.268289832918241,SBrkr,0.864423832809362,-0.171474231993104,0,0,0.781365814350925,1.23259887250509,0.169927088600022,-0.207698474525451,-0.287758288825272,0.623631660646747,Attchd,0.292778280943602,-0.323494073647442,0.0497227154342694,-0.184814780616865,-0.359600750132276,-0.103330530851366,-0.285935458023539,NONE,-0.0895919598967582,Normal,-2.23744784062252,1,2,3,4,3,3,4,3,3,7,1,1,2,3,3,1,0,3,0.297607266471232,0,200807
1994,60,RL,-0.500858855405285,0.290640250993793,Pave,NONE,Lvl,FR2,Gtl,Gilbert,RRAn,Norm,1Fam,2Story,7,5,1999,VinylSd,VinylSd,None,-0.567015949674981,PConc,870,0,167,1037,GasA,0.268289832918241,SBrkr,2.21291244770369,1.6231185891281,0,0,0.781365814350925,1.23259887250509,1.38565545042224,-0.207698474525451,0.98684936683629,0.623631660646747,BuiltIn,0.286105820908408,-0.337415267228144,0.397535289886414,-0.0516075842168084,-0.359600750132276,-0.103330530851366,-0.285935458023539,NONE,-0.0895919598967582,Normal,0.44693779307133,1,2,3,4,2,3,3,3,3,7,6,1,2,3,2,1,0,3,0.297607266471232,0,200808
1995,60,RL,0.574541658701392,-0.225487454712261,Pave,NONE,Lvl,Inside,Gtl,Gilbert,Norm,Norm,1Fam,2Story,7,5,1999,VinylSd,VinylSd,None,-0.567015949674981,PConc,0,0,831,831,GasA,0.268289832918241,SBrkr,1.03006862806455,0.296938211405271,0,0,0.781365814350925,1.23259887250509,0.169927088600022,-0.207698474525451,0.349545539005509,0.623631660646747,BuiltIn,0.286105820908408,-0.105395374216442,-0.740760408320604,0.821639592183561,-0.359600750132276,-0.103330530851366,-0.285935458023539,NONE,-0.0895919598967582,Normal,0.44693779307133,1,2,2,4,2,3,3,3,3,7,1,1,2,3,2,1,0,3,0.297607266471232,0,200808
1996,75,RL,0.783647314222135,-0.0644353204993155,Pave,NONE,Lvl,Inside,Gtl,NoRidge,Norm,Norm,1Fam,2.5Unf,8,5,1997,HdBoard,HdBoard,BrkFace,6.64678328560042,PConc,0,0,1173,1173,GasA,0.268289832918241,SBrkr,1.5876616712475,1.38001846027577,0,0,0.781365814350925,1.23259887250509,0.169927088600022,-0.207698474525451,1.62415319466707,0.623631660646747,Attchd,0.281657514218279,0.200870884559003,-0.740760408320604,1.23606198098374,-0.359600750132276,-0.103330530851366,-0.285935458023539,NONE,-0.0895919598967582,Normal,0.44693779307133,1,2,3,4,3,3,3,3,3,7,1,1,2,3,3,1,0,3,0.297607266471232,0,200812
1997,60,RL,-1.72562055202678,0.105493703000958,Pave,NONE,Lvl,FR2,Gtl,NoRidge,Norm,Norm,1Fam,2Story,9,5,2000,VinylSd,VinylSd,BrkFace,1.0826513173066,PConc,0,0,1519,1519,GasA,0.268289832918241,SBrkr,0.705778113410029,1.32665501735697,0,0,0.781365814350925,1.23259887250509,1.38565545042224,-0.207698474525451,0.98684936683629,0.623631660646747,BuiltIn,0.288329974253473,0.994378918659021,0.539822252162291,1.56167957218387,-0.359600750132276,-0.103330530851366,-0.285935458023539,NONE,-0.0895919598967582,Normal,-2.23744784062252,1,2,3,4,4,3,3,3,3,7,1,1,2,3,3,2,0,2,1.66911912442754,0,200809
1998,20,RL,2.33700361237622,0.191092278271618,Pave,NONE,Lvl,Inside,Gtl,NoRidge,Norm,Norm,1Fam,1Story,8,5,1998,VinylSd,VinylSd,BrkFace,2.20106980339581,PConc,1660,0,322,1982,GasA,0.268289832918241,SBrkr,-0.785025043886639,0.998568664596929,1,0,0.781365814350925,-0.756321032880405,-1.04580127322219,-0.207698474525451,-0.925062116656053,0.623631660646747,Attchd,0.283881667563343,2.15911878157776,0.397535289886414,-0.214416379816877,-0.359600750132276,-0.103330530851366,-0.285935458023539,NONE,-0.0895919598967582,Normal,0.44693779307133,1,2,3,4,3,3,3,3,3,7,6,1,2,3,2,3,0,3,0.297607266471232,0,200810
1999,60,RL,1.17198638876066,0.104225575959911,Pave,NONE,Lvl,CulDSac,Gtl,NoRidge,Norm,Norm,1Fam,2Story,7,5,1996,VinylSd,VinylSd,None,-0.567015949674981,PConc,851,0,213,1064,GasA,0.268289832918241,SBrkr,1.6903147838,1.23376309820202,1,0,0.781365814350925,1.23259887250509,1.38565545042224,-0.207698474525451,3.53606467815941,2.17157453260921,Attchd,0.279433360873214,0.479294756173045,0.587251239587583,-0.702842766617084,-0.359600750132276,-0.103330530851366,-0.285935458023539,NONE,-0.0895919598967582,Normal,0.44693779307133,1,2,3,4,3,3,3,3,3,7,6,1,2,3,2,1,0,2,1.66911912442754,0,200809
2000,60,RL,-1.72562055202678,0.223302705114207,Pave,NONE,Lvl,CulDSac,Gtl,NoRidge,Norm,Norm,1Fam,2Story,8,7,1995,VinylSd,VinylSd,BrkFace,2.03889912291288,PConc,0,0,1242,1242,GasA,0.268289832918241,SBrkr,2.13125656271874,1.97689845144164,0,0,0.781365814350925,1.23259887250509,1.38565545042224,-0.207698474525451,1.62415319466707,0.623631660646747,Attchd,0.277209207528149,1.291364381714,0.776967189288753,0.584826798583461,-0.359600750132276,-0.103330530851366,-0.285935458023539,NONE,-0.0895919598967582,Normal,-2.23744784062252,1,2,3,4,3,3,3,3,3,7,1,1,2,3,2,3,0,2,0.297607266471232,0,200809
2001,60,RL,0.992752969742877,-0.020050874062677,Pave,NONE,Lvl,Inside,Gtl,NoRidge,Norm,Norm,1Fam,2Story,7,5,1993,VinylSd,VinylSd,BrkFace,1.22245362806775,PConc,228,852,0,1080,GasA,0.268289832918241,SBrkr,1.75563949178797,1.37606561265216,1,0,0.781365814350925,1.23259887250509,1.38565545042224,-0.207698474525451,1.62415319466707,0.623631660646747,Attchd,0.27276090083802,1.43985711324149,2.30259961813566,0.762436393783536,-0.359600750132276,-0.103330530851366,-0.285935458023539,NONE,-0.0895919598967582,Normal,0.44693779307133,1,2,3,4,3,3,4,3,3,7,4,6,2,3,3,3,0,3,0.297607266471232,0,200810
2002,20,RL,0.484924949192502,0.391202725348805,Pave,NONE,Lvl,Inside,Gtl,Somerst,RRAn,Norm,1Fam,1Story,7,5,2006,VinylSd,VinylSd,BrkFace,0.148771881422113,PConc,1096,0,482,1578,GasA,0.268289832918241,SBrkr,-0.785025043886639,0.152659273143324,1,0,0.781365814350925,-0.756321032880405,0.169927088600022,-0.207698474525451,0.349545539005509,0.623631660646747,Attchd,0.301674894323861,0.78556101494849,-0.740760408320604,-0.318021977016921,-0.359600750132276,-0.103330530851366,-0.285935458023539,NONE,-0.0895919598967582,Normal,0.44693779307133,1,2,3,3,3,3,4,3,3,7,6,1,2,3,2,1,0,1,1.66911912442754,0,200808
2003,60,RL,0.455052712689539,-0.0465547292205554,Pave,NONE,Lvl,Inside,Gtl,Somerst,Norm,Norm,1Fam,2Story,8,5,2007,VinylSd,VinylSd,Stone,0.305350469474603,PConc,0,0,1341,1341,GasA,0.268289832918241,SBrkr,0.428148104461198,0.711987211884844,0,0,2.59009445201179,-0.756321032880405,0.169927088600022,-0.207698474525451,0.349545539005509,0.623631660646747,BuiltIn,0.303899047668925,1.7554041677374,0.397535289886414,0.185205209383292,-0.359600750132276,-0.103330530851366,-0.285935458023539,NONE,-0.0895919598967582,Normal,0.44693779307133,1,2,3,4,3,3,4,3,3,7,1,1,2,3,3,3,0,2,0.297607266471232,0,200810
2004,60,RL,0.664158368210282,-0.0938558678516016,Pave,NONE,Lvl,Inside,Gtl,Somerst,Norm,Norm,1Fam,2Story,8,5,2007,VinylSd,VinylSd,Stone,1.16653270376329,PConc,729,0,226,955,GasA,0.268289832918241,SBrkr,1.35902519328963,0.737680721438341,1,0,0.781365814350925,1.23259887250509,0.169927088600022,-0.207698474525451,0.98684936683629,0.623631660646747,Attchd,0.303899047668925,1.88997570568419,0.587251239587583,0.895643590183592,-0.359600750132276,-0.103330530851366,-0.285935458023539,NONE,-0.0895919598967582,Partial,0.44693779307133,1,2,3,4,3,3,4,3,3,7,6,1,2,3,3,3,0,3,0.297607266471232,0,200805
2005,20,RL,0.873264023731024,-0.0166269310518506,Pave,NONE,Lvl,Corner,Gtl,Somerst,Feedr,Norm,1Fam,1Story,8,5,2006,VinylSd,VinylSd,NONE,-0.567015949674981,PConc,666,0,794,1460,GasA,0.268289832918241,SBrkr,-0.785025043886639,-0.0805587366499592,0,0,0.781365814350925,-0.756321032880405,0.169927088600022,-0.207698474525451,-0.287758288825272,0.623631660646747,Attchd,0.301674894323861,0.0338165615905783,-0.740760408320604,-0.406826774616959,-0.359600750132276,-0.103330530851366,-0.285935458023539,NONE,-0.0895919598967582,Normal,0.44693779307133,1,2,3,4,3,3,4,3,3,7,6,1,2,3,3,1,0,3,1.66911912442754,0,200811
2006,20,FV,0.425180476186576,-0.193784278686091,Pave,NONE,Lvl,Inside,Gtl,Somerst,Norm,Norm,1Fam,1Story,8,5,2007,VinylSd,VinylSd,None,-0.567015949674981,PConc,24,0,1339,1363,GasA,0.268289832918241,SBrkr,-0.785025043886639,-0.254484032089018,0,0,0.781365814350925,-0.756321032880405,0.169927088600022,-0.207698474525451,-0.287758288825272,-0.924311211315714,Attchd,0.30612320101399,0.534979530495853,0.776967189288753,0.969647588183624,-0.359600750132276,-0.103330530851366,-0.285935458023539,NONE,-0.0895919598967582,Partial,0.44693779307133,1,2,3,4,3,3,0,3,3,7,6,1,2,3,3,1,0,2,0.297607266471232,0,200810
2007,20,FV,0.813519550725098,0.0579389389617022,Pave,NONE,Lvl,Inside,Gtl,Somerst,Norm,Norm,1Fam,1Story,8,5,2007,VinylSd,VinylSd,BrkFace,1.06587504001526,PConc,0,0,1660,1660,GasA,0.268289832918241,SBrkr,-0.785025043886639,0.314726025711538,0,0,0.781365814350925,-0.756321032880405,0.169927088600022,-0.207698474525451,0.349545539005509,0.623631660646747,Attchd,0.303899047668925,0.869088176432703,0.310582146273378,1.07325318538367,-0.359600750132276,-0.103330530851366,-0.285935458023539,NONE,-0.0895919598967582,Normal,0.44693779307133,1,2,3,4,3,3,4,3,3,7,1,1,2,3,3,3,0,3,0.297607266471232,0,200809
2008,20,FV,0.126458111156943,-0.338350761365428,Pave,Pave,Lvl,Inside,Gtl,Somerst,Norm,Norm,1Fam,1Story,7,5,2007,CemntBd,CmentBd,Stone,0.607323460718689,PConc,902,0,316,1218,GasA,0.268289832918241,SBrkr,-0.785025043886639,-0.558853299107371,1,0,0.781365814350925,-0.756321032880405,-1.04580127322219,-0.207698474525451,-0.287758288825272,-0.924311211315714,Attchd,0.30612320101399,-0.0497105998936342,0.587251239587583,1.78369156618397,-0.359600750132276,-0.103330530851366,-0.285935458023539,NONE,-0.0895919598967582,Partial,0.44693779307133,1,2,3,4,3,3,0,3,3,7,6,1,2,3,3,1,0,3,0.297607266471232,0,200807
2009,60,RL,0.305691530174723,-0.00736960365220883,Pave,NONE,Lvl,Inside,Gtl,SawyerW,Norm,Norm,1Fam,2Story,6,5,2003,VinylSd,VinylSd,None,-0.567015949674981,PConc,80,555,200,835,GasA,0.268289832918241,SBrkr,1.22370972674314,0.385877282936608,1,0,0.781365814350925,1.23259887250509,0.169927088600022,-0.207698474525451,0.349545539005509,-0.924311211315714,Attchd,0.295002434288667,0.321521228925088,0.389630458648865,0.274010006983329,-0.359600750132276,-0.103330530851366,-0.285935458023539,NONE,-0.0895919598967582,Normal,0.44693779307133,1,2,3,4,3,3,0,3,3,7,6,5,2,3,3,2,0,2,0.297607266471232,0,200810
2010,60,RL,0.275819293671759,0.330459440082663,Pave,NONE,Lvl,FR2,Gtl,SawyerW,Norm,Norm,1Fam,2Story,7,5,2003,VinylSd,VinylSd,BrkFace,-0.0357671687826062,PConc,0,0,835,835,GasA,0.268289832918241,SBrkr,1.14671989232876,0.320655297146961,0,0,0.781365814350925,1.23259887250509,0.169927088600022,-0.207698474525451,0.98684936683629,-0.924311211315714,Attchd,0.295002434288667,0.0245357658701102,0.587251239587583,0.303611606183342,-0.359600750132276,-0.103330530851366,-0.285935458023539,NONE,-0.0895919598967582,Normal,0.44693779307133,1,2,3,4,3,3,0,3,3,7,1,1,2,3,3,3,0,2,0.297607266471232,0,200810
2011,20,RL,0.156330347659906,0.368249625905858,Pave,NONE,Lvl,Inside,Gtl,SawyerW,RRAe,Norm,1Fam,1Story,6,5,2005,VinylSd,VinylSd,BrkFace,0.137587696561221,PConc,80,0,1095,1175,GasA,0.268289832918241,SBrkr,-0.785025043886639,-0.643839523015093,1,0,-1.02736282330994,-0.756321032880405,0.169927088600022,-0.207698474525451,-0.287758288825272,-0.924311211315714,NONE,-4.15997671587587,-2.19357441132175,-0.740760408320604,0.62922919738348,-0.359600750132276,-0.103330530851366,-0.285935458023539,NONE,-0.0895919598967582,Normal,0.44693779307133,1,2,2,4,3,4,0,0,0,7,6,1,2,3,3,1,0,0,0.297607266471232,0,200809
2012,20,RL,0.694030604713245,-0.115160402141188,Pave,NONE,Lvl,Corner,Gtl,SawyerW,Norm,Norm,1Fam,1Story,7,5,2007,VinylSd,VinylSd,None,-0.567015949674981,PConc,0,0,1162,1162,GasA,0.268289832918241,SBrkr,-0.785025043886639,-0.669533032568591,0,0,0.781365814350925,-0.756321032880405,0.169927088600022,-0.207698474525451,-0.287758288825272,-0.924311211315714,Attchd,0.303899047668925,0.0477377551712803,-0.740760408320604,-0.229217179416884,-0.359600750132276,-0.103330530851366,-0.285935458023539,NONE,-0.0895919598967582,Normal,0.44693779307133,1,2,3,4,3,3,0,3,3,7,1,1,2,3,3,2,0,3,0.297607266471232,0,200806
2013,60,RL,0.216074820665833,-0.217498254353666,Pave,NONE,Lvl,Inside,Gtl,SawyerW,Norm,Norm,1Fam,2Story,6,5,1995,VinylSd,VinylSd,BrkFace,-0.354516437318031,PConc,362,0,392,754,GasA,0.268289832918241,SBrkr,1.20971157503144,0.213928411309357,0,0,0.781365814350925,1.23259887250509,0.169927088600022,-0.207698474525451,-0.287758288825272,-0.924311211315714,Attchd,0.277209207528149,0.242634465301109,-0.740760408320604,0.333213205383354,-0.359600750132276,-0.103330530851366,-0.285935458023539,NONE,-0.0895919598967582,Normal,0.44693779307133,1,2,3,4,3,3,0,3,3,7,6,1,2,3,2,1,0,2,0.297607266471232,0,200807
2014,60,RL,-0.232008726878616,-0.21407431134284,Pave,NONE,Lvl,Inside,Gtl,SawyerW,Norm,Norm,1Fam,2Story,6,5,1993,HdBoard,HdBoard,BrkFace,0.104035141978545,PConc,602,0,284,886,GasA,0.268289832918241,SBrkr,1.0673970326291,0.354254501947688,0,1,0.781365814350925,1.23259887250509,0.169927088600022,-0.207698474525451,0.349545539005509,-0.924311211315714,Attchd,0.27276090083802,0.00597417442917412,0.397535289886414,0.718033994983517,-0.359600750132276,-0.103330530851366,-0.285935458023539,NONE,-0.0895919598967582,Normal,0.44693779307133,1,2,3,4,3,3,0,3,3,7,6,1,2,3,2,1,0,2,0.297607266471232,0,200802
2015,60,RL,-0.441114382399359,0.557580993134147,Pave,NONE,Lvl,CulDSac,Gtl,SawyerW,Norm,Norm,1Fam,2Story,7,5,1994,VinylSd,VinylSd,BrkFace,0.243837452739696,PConc,537,0,295,832,GasA,0.268289832918241,SBrkr,1.13972081647291,0.308796754276116,0,0,0.781365814350925,1.23259887250509,0.169927088600022,-0.207698474525451,-0.287758288825272,-0.924311211315714,Attchd,0.274985054183085,0.0477377551712803,0.397535289886414,0.392416403783379,-0.359600750132276,-0.103330530851366,-0.285935458023539,NONE,3.4358484312928,Normal,0.44693779307133,1,2,3,4,3,3,0,3,3,7,6,1,2,3,1,3,0,2,0.297607266471232,0,200803
2016,60,RL,0.216074820665833,-0.21787869246598,Pave,NONE,Lvl,Inside,Gtl,SawyerW,Norm,Norm,1Fam,2Story,6,5,2001,VinylSd,VinylSd,None,-0.567015949674981,PConc,472,0,355,827,GasA,0.268289832918241,SBrkr,1.19804644860502,0.348325230512266,1,0,0.781365814350925,1.23259887250509,0.169927088600022,-0.207698474525451,0.349545539005509,-0.924311211315714,Attchd,0.290554127598537,0.71595504704498,-0.740760408320604,0.303611606183342,-0.359600750132276,-0.103330530851366,-0.285935458023539,NONE,-0.0895919598967582,Normal,0.44693779307133,1,2,3,4,3,3,0,3,3,7,6,1,2,3,3,1,0,2,0.297607266471232,0,200812
2017,60,RL,0.514797185695465,-0.238802788643253,Pave,NONE,Lvl,Corner,Gtl,SawyerW,Norm,Norm,1Fam,2Story,7,5,1992,HdBoard,HdBoard,None,-0.567015949674981,PConc,397,0,439,836,GasA,0.268289832918241,SBrkr,1.29836653587224,0.466910659220715,0,1,0.781365814350925,1.23259887250509,0.169927088600022,-0.207698474525451,0.349545539005509,-0.924311211315714,Attchd,0.270536747492955,0.154466905956663,0.776967189288753,0.555225199383448,-0.359600750132276,-0.103330530851366,-0.285935458023539,NONE,-0.0895919598967582,Normal,0.44693779307133,1,2,3,3,3,3,0,3,3,7,6,1,2,3,3,1,0,3,0.297607266471232,0,200808
2018,20,RL,0.365436003180649,-0.135450434797937,Pave,NONE,Lvl,Inside,Gtl,Sawyer,RRAe,Norm,1Fam,1Story,5,5,1963,Wd Sdng,Wd Sdng,None,-0.567015949674981,PConc,53,799,132,984,GasA,0.268289832918241,SBrkr,-0.785025043886639,-1.02133647107032,1,0,-1.02736282330994,-0.756321032880405,0.169927088600022,-0.207698474525451,-0.925062116656053,0.623631660646747,Attchd,0.20603630048608,-0.411661632991888,0.405440121123962,0.126002010983267,-0.359600750132276,-0.103330530851366,-0.285935458023539,MnPrv,0.615496118341154,Normal,0.44693779307133,1,2,2,2,2,4,3,3,3,7,4,5,2,3,3,1,0,2,-0.250997476711292,0,200811
2019,20,RL,0.514797185695465,-0.262263138902619,Pave,NONE,Lvl,Inside,Gtl,Sawyer,Feedr,Norm,1Fam,1Story,5,8,1961,Wd Sdng,Wd Sdng,None,-0.567015949674981,CBlock,764,0,100,864,GasA,0.268289832918241,SBrkr,-0.785025043886639,-1.25850732848722,1,0,-1.02736282330994,-0.756321032880405,0.169927088600022,-0.207698474525451,-0.925062116656053,0.623631660646747,Detchd,0.203812147141015,-0.244607310023463,0.302677315035829,-0.702842766617084,-0.359600750132276,-0.103330530851366,-0.285935458023539,NONE,-0.0895919598967582,Normal,0.44693779307133,1,3,2,4,3,3,3,3,3,7,5,1,2,3,3,1,0,1,-0.250997476711292,0,200810
2020,190,RL,0.216074820665833,-0.21787869246598,Pave,NONE,Lvl,Inside,Gtl,Sawyer,RRAe,Norm,2fmCon,1Story,5,5,1968,HdBoard,HdBoard,None,-0.567015949674981,CBlock,890,0,0,890,GasA,-3.72731232161413,SBrkr,-0.785025043886639,-1.20712030938023,1,0,-1.02736282330994,-0.756321032880405,0.169927088600022,-0.207698474525451,-0.925062116656053,-0.924311211315714,Detchd,0.221605373901533,-0.764331870369674,-0.740760408320604,-0.702842766617084,-0.359600750132276,-0.103330530851366,-0.285935458023539,NONE,-0.0895919598967582,Normal,0.44693779307133,1,2,2,3,2,2,0,3,3,7,5,1,2,3,3,2,0,1,-0.250997476711292,0,200807
2021,20,RL,0.0667136381510165,-0.482917244044765,Pave,NONE,Lvl,Inside,Gtl,Sawyer,Norm,Norm,1Fam,1Story,5,5,1963,Wd Sdng,HdBoard,None,-0.567015949674981,CBlock,489,0,375,864,GasA,0.268289832918241,SBrkr,-0.785025043886639,-1.25850732848722,0,0,-1.02736282330994,-0.756321032880405,0.169927088600022,-0.207698474525451,-0.925062116656053,-0.924311211315714,Attchd,0.20603630048608,-0.912824601897163,-0.740760408320604,-0.702842766617084,-0.359600750132276,-0.103330530851366,-0.285935458023539,NONE,1.05617616723985,Abnorml,0.44693779307133,1,2,2,2,2,4,0,3,3,7,5,1,2,3,3,1,0,1,0.297607266471232,0,200801
2022,20,RL,1.11224191575473,1.18441618952359,Pave,NONE,Lvl,Inside,Gtl,Veenker,Norm,Norm,1Fam,1Story,6,5,1974,HdBoard,ImStucc,BrkFace,0.23824536030925,CBlock,800,0,630,1430,GasA,0.268289832918241,SBrkr,-0.785025043886639,-0.139851451004184,0,1,0.781365814350925,-0.756321032880405,0.169927088600022,-0.207698474525451,-0.287758288825272,2.17157453260921,Attchd,0.230501987281791,0.0523781530315144,0.184104846472598,0.895643590183592,2.20916270635145,-0.103330530851366,-0.285935458023539,NONE,-0.0895919598967582,Normal,0.44693779307133,1,2,2,2,2,3,3,3,3,7,5,1,2,3,3,3,0,1,-0.250997476711292,0,200810
2023,50,RL,0.365436003180649,0.0749318413117295,Pave,NONE,Lvl,Corner,Gtl,Sawyer,Feedr,Norm,1Fam,1.5Fin,5,4,1972,HdBoard,HdBoard,None,-0.567015949674981,CBlock,190,811,0,1001,GasA,0.268289832918241,SBrkr,0.708111138695314,0.277173973287196,0,0,0.781365814350925,-0.756321032880405,1.38565545042224,-0.207698474525451,-0.925062116656053,0.623631660646747,Detchd,0.226053680591662,0.0802205401929185,-0.740760408320604,-0.702842766617084,1.07267948014956,-0.103330530851366,-0.285935458023539,GdPrv,-0.0895919598967582,Normal,0.44693779307133,1,3,2,2,2,3,4,3,3,7,2,5,2,3,3,1,0,1,0.297607266471232,0,200810
2024,60,RL,-1.72562055202678,-0.122135100866946,Pave,NONE,Lvl,Inside,Gtl,NoRidge,Norm,Norm,1Fam,2Story,6,5,1990,HdBoard,HdBoard,BrkFace,1.13298014918062,PConc,704,0,226,930,GasA,0.268289832918241,SBrkr,2.29223530740335,2.3366075851906,1,0,0.781365814350925,1.23259887250509,1.38565545042224,-0.207698474525451,1.62415319466707,2.17157453260921,Attchd,0.266088440802826,0.00133377656894009,1.13268459497845,3.01215793298449,-0.359600750132276,-0.103330530851366,3.20317724057005,NONE,-0.0895919598967582,Normal,-2.23744784062252,1,2,3,4,3,3,4,3,3,7,5,1,2,3,2,1,0,2,0.297607266471232,0,200809
2025,60,RL,1.41096428078436,0.108664020603575,Pave,NONE,Lvl,Inside,Gtl,NoRidge,Norm,Norm,1Fam,1.5Fin,9,5,1993,Wd Sdng,Wd Sdng,BrkFace,2.60929255081837,PConc,520,0,1328,1848,GasA,0.268289832918241,SBrkr,1.45234620470101,2.54017923780677,1,0,0.781365814350925,1.23259887250509,1.38565545042224,-0.207698474525451,2.26145702249785,0.623631660646747,Attchd,0.27276090083802,0.757718627787086,1.58325997551872,0.0223964137832229,-0.359600750132276,-0.103330530851366,-0.285935458023539,NONE,-0.0895919598967582,Normal,0.44693779307133,1,2,3,4,3,3,5,3,3,7,4,1,2,3,3,4,0,3,0.297607266471232,0,200809
2026,120,FV,-0.620347801417138,-0.853844403550958,Pave,Pave,Lvl,Corner,Gtl,Somerst,Norm,Norm,TwnhsE,1Story,7,5,2004,MetalSd,MetalSd,None,-0.567015949674981,PConc,24,0,1211,1235,GasA,0.268289832918241,SBrkr,-0.785025043886639,-0.505489856188569,0,0,0.781365814350925,-0.756321032880405,-2.26152963504441,-0.207698474525451,-0.925062116656053,-0.924311211315714,Attchd,0.297226587633731,0.103422529494089,-0.740760408320604,0.777237193383542,-0.359600750132276,-0.103330530851366,-0.285935458023539,NONE,-0.0895919598967582,Normal,0.44693779307133,1,2,3,4,3,3,0,3,3,7,6,1,2,3,2,1,0,2,0.297607266471232,0,200809
2027,160,FV,-0.829453456937881,-0.886181643097652,Pave,Pave,Lvl,Inside,Gtl,Somerst,Norm,Norm,TwnhsE,2Story,6,5,2005,MetalSd,MetalSd,None,-0.567015949674981,PConc,390,0,210,600,GasA,0.268289832918241,SBrkr,0.614790127283942,-0.594428927719906,1,0,0.781365814350925,1.23259887250509,-1.04580127322219,-0.207698474525451,-0.925062116656053,-0.924311211315714,Detchd,0.299450740978796,0.0338165615905783,-0.740760408320604,1.75408996698396,-0.359600750132276,-0.103330530851366,-0.285935458023539,NONE,-0.0895919598967582,Normal,0.44693779307133,1,2,3,4,3,3,0,3,3,7,6,1,2,3,3,1,0,2,0.297607266471232,0,200808
2028,160,FV,-0.829453456937881,-0.886181643097652,Pave,Pave,Lvl,Inside,Gtl,Somerst,Norm,Norm,TwnhsE,2Story,7,5,2007,VinylSd,VinylSd,None,-0.567015949674981,PConc,0,0,689,689,GasA,0.268289832918241,SBrkr,0.822429377674244,-0.214955555852868,0,0,0.781365814350925,-0.756321032880405,-1.04580127322219,-0.207698474525451,-0.925062116656053,-0.924311211315714,Detchd,0.303899047668925,0.31224043320462,-0.740760408320604,0.806838792583555,-0.359600750132276,-0.103330530851366,-0.285935458023539,NONE,-0.0895919598967582,Abnorml,0.44693779307133,1,2,3,4,3,3,0,3,3,7,1,1,2,3,3,1,0,1,0.297607266471232,0,200806
2029,160,FV,-1.00868687595566,-1.00031307679187,Pave,Pave,Lvl,Inside,Gtl,Somerst,Norm,Norm,Twnhs,2Story,6,5,1999,MetalSd,MetalSd,Stone,0.640876015301365,PConc,550,0,194,744,GasA,0.268289832918241,SBrkr,1.06273098205853,0.0953429826009073,1,0,0.781365814350925,1.23259887250509,0.169927088600022,-0.207698474525451,-0.287758288825272,-0.924311211315714,Detchd,0.286105820908408,-0.151799352818783,-0.740760408320604,-0.229217179416884,-0.359600750132276,-0.103330530851366,-0.285935458023539,NONE,-0.0895919598967582,Normal,0.44693779307133,1,2,2,3,2,3,0,3,3,7,6,1,2,3,3,1,0,1,0.297607266471232,0,200807
2030,120,FV,-1.72562055202678,-0.685183507091732,Pave,NONE,Lvl,Inside,Gtl,Somerst,Norm,Norm,TwnhsE,1Story,9,5,2000,MetalSd,MetalSd,BrkFace,0.886928082240991,PConc,1027,0,587,1614,GasA,0.268289832918241,SBrkr,-0.785025043886639,0.271244701851774,1,0,0.781365814350925,-0.756321032880405,-1.04580127322219,-0.207698474525451,-0.925062116656053,0.623631660646747,Attchd,0.288329974253473,0.103422529494089,1.0773507763156,0.303611606183342,-0.359600750132276,-0.103330530851366,-0.285935458023539,NONE,-0.0895919598967582,Normal,-2.23744784062252,1,2,3,4,4,3,3,3,3,7,6,1,2,3,2,3,0,3,0.297607266471232,0,200810
2031,120,FV,-1.72562055202678,-0.713969990923494,Pave,NONE,Lvl,Inside,Gtl,Somerst,Norm,Norm,TwnhsE,1Story,9,5,2001,VinylSd,VinylSd,BrkFace,0.433968595374862,PConc,1004,0,306,1310,GasA,0.268289832918241,SBrkr,-0.785025043886639,-0.377022308421082,1,0,-1.02736282330994,1.23259887250509,-2.26152963504441,-0.207698474525451,-0.925062116656053,0.623631660646747,Attchd,0.290554127598537,0.33544242250579,1.44887784448039,-0.0368067846168022,-0.359600750132276,-0.103330530851366,-0.285935458023539,NONE,-0.0895919598967582,Normal,-2.23744784062252,1,2,3,4,3,3,3,3,3,7,6,1,2,3,2,3,0,2,1.66911912442754,0,200810
2032,120,FV,-0.470986618902322,-0.733372334651511,Pave,NONE,Lvl,Inside,Gtl,Somerst,Norm,Norm,TwnhsE,1Story,9,5,2001,VinylSd,VinylSd,None,-0.567015949674981,PConc,964,0,455,1419,GasA,0.268289832918241,SBrkr,-0.785025043886639,-0.161592112934066,1,0,-1.02736282330994,1.23259887250509,-1.04580127322219,-0.207698474525451,-0.925062116656053,0.623631660646747,Attchd,0.290554127598537,0.534979530495853,0.48448843349945,0.155603610183279,-0.359600750132276,-0.103330530851366,-0.285935458023539,NONE,-0.0895919598967582,Normal,0.44693779307133,1,2,3,4,4,3,3,3,3,7,6,1,2,3,2,3,0,3,1.66911912442754,0,200812
2033,120,FV,-0.680092274423065,-0.768372640984403,Pave,NONE,Lvl,Inside,Gtl,Somerst,Norm,Norm,TwnhsE,1Story,9,5,1999,VinylSd,VinylSd,BrkFace,0.886928082240991,PConc,1141,0,416,1557,GasA,0.268289832918241,SBrkr,-0.785025043886639,0.111154373095367,1,0,0.781365814350925,-0.756321032880405,-1.04580127322219,-0.207698474525451,-0.925062116656053,0.623631660646747,Attchd,0.286105820908408,0.0523781530315144,0.239438665135439,0.969647588183624,-0.359600750132276,-0.103330530851366,-0.285935458023539,NONE,-0.0895919598967582,Normal,0.44693779307133,1,2,3,4,4,3,3,3,3,7,6,1,2,3,2,3,0,2,0.297607266471232,0,200809
2034,160,FV,-1.00868687595566,-1.01553060128443,Pave,Pave,Lvl,Inside,Gtl,Somerst,Norm,Norm,Twnhs,SLvl,7,5,1999,VinylSd,VinylSd,BrkFace,0.640876015301365,PConc,600,0,72,672,GasA,0.268289832918241,SBrkr,0.894753161518058,-0.191238470111179,1,0,0.781365814350925,1.23259887250509,0.169927088600022,-0.207698474525451,-0.925062116656053,-0.924311211315714,Detchd,0.286105820908408,-0.0497105998936342,-0.582663783569629,-0.702842766617084,-0.359600750132276,-0.103330530851366,-0.285935458023539,NONE,-0.0895919598967582,Normal,0.44693779307133,1,2,3,4,3,3,0,3,3,7,6,1,2,3,3,1,0,1,0.297607266471232,0,200809
2035,60,FV,0.634286131707318,0.0606020057479005,Pave,NONE,Lvl,Corner,Gtl,Somerst,Norm,Norm,1Fam,2Story,7,5,2001,VinylSd,VinylSd,BrkFace,2.30172746714384,PConc,681,0,177,858,GasA,0.268289832918241,SBrkr,1.35435914271907,0.569684697434704,1,0,0.781365814350925,1.23259887250509,0.169927088600022,-0.207698474525451,0.349545539005509,0.623631660646747,Attchd,0.290554127598537,0.340082820366024,-0.740760408320604,-0.702842766617084,-0.359600750132276,-0.103330530851366,-0.285935458023539,NONE,-0.0895919598967582,Normal,0.44693779307133,1,2,2,4,2,3,3,3,3,7,6,1,2,3,2,1,0,3,-0.250997476711292,0,200809
2036,160,FV,-1.00868687595566,-0.954026439793657,Pave,Pave,Lvl,Inside,Gtl,Somerst,Norm,Norm,Twnhs,2Story,8,5,1999,MetalSd,MetalSd,BrkFace,2.03889912291288,PConc,612,0,348,960,GasA,0.268289832918241,SBrkr,0.670782734130765,0.168470663637784,1,0,0.781365814350925,1.23259887250509,0.169927088600022,-0.207698474525451,0.349545539005509,-0.924311211315714,Detchd,0.286105820908408,0.0338165615905783,0.595156070825132,-0.702842766617084,-0.359600750132276,-0.103330530851366,-0.285935458023539,NONE,-0.0895919598967582,Normal,0.44693779307133,1,2,3,4,3,3,0,3,3,7,6,1,2,3,3,1,0,1,0.297607266471232,0,200804
2037,160,FV,-1.00868687595566,-0.954026439793657,Pave,Pave,Lvl,Inside,Gtl,Somerst,Norm,Norm,Twnhs,2Story,8,5,1999,MetalSd,MetalSd,BrkFace,1.98297819860842,PConc,813,0,147,960,GasA,0.268289832918241,SBrkr,0.719776265121735,0.209975563685742,1,0,0.781365814350925,1.23259887250509,0.169927088600022,-0.207698474525451,0.349545539005509,-0.924311211315714,Detchd,0.288329974253473,0.0338165615905783,0.595156070825132,-0.702842766617084,-0.359600750132276,-0.103330530851366,-0.285935458023539,NONE,-0.0895919598967582,Normal,0.44693779307133,1,2,3,4,3,3,0,3,3,7,6,1,2,3,3,1,0,1,0.297607266471232,0,200804
2038,160,FV,-0.650220037920102,-0.788409048232942,Pave,Pave,Lvl,Inside,Gtl,Somerst,Norm,Norm,TwnhsE,2Story,10,5,1998,BrkFace,MetalSd,None,-0.567015949674981,PConc,128,842,0,970,GasA,0.268289832918241,SBrkr,1.37069031971606,1.76344467976643,1,0,0.781365814350925,1.23259887250509,-1.04580127322219,-0.207698474525451,0.349545539005509,0.623631660646747,Attchd,0.283881667563343,1.73220217843623,-0.740760408320604,0.62922919738348,-0.359600750132276,-0.103330530851366,1.38741450966931,NONE,-0.0895919598967582,Normal,0.44693779307133,1,2,4,4,4,3,3,3,3,7,4,6,2,3,2,2,0,3,0.297607266471232,0,200805
2039,120,RL,-1.06843134896159,0.113609716063657,Pave,NONE,Lvl,CulDSac,Gtl,Veenker,Norm,Norm,TwnhsE,1Story,8,5,1995,BrkFace,BrkFace,None,-0.567015949674981,PConc,560,670,0,1230,GasA,0.268289832918241,SBrkr,-0.785025043886639,-0.517348399059414,1,0,-1.02736282330994,1.23259887250509,-2.26152963504441,-0.207698474525451,-1.56236594448683,0.623631660646747,Attchd,0.277209207528149,0.0198953680098762,0.618870564537778,-0.347623576216934,-0.359600750132276,-0.103330530851366,-0.285935458023539,NONE,-0.0895919598967582,Normal,0.44693779307133,1,2,3,4,3,3,2,3,3,7,2,6,2,3,1,4,0,3,0.297607266471232,0,200811
2040,60,RL,-1.72562055202678,1.8265957231097,Pave,NONE,Lvl,CulDSac,Gtl,Veenker,Norm,Norm,1Fam,2Story,9,3,1977,Wd Sdng,Wd Sdng,BrkFace,5.30468110229337,CBlock,410,0,584,994,GasA,0.268289832918241,SBrkr,2.35289396482075,2.85245420007235,0,0,0.781365814350925,3.22151877789059,0.169927088600022,-0.207698474525451,1.62415319466707,0.623631660646747,Attchd,0.237174447316985,1.81572933992044,0.365915964936219,0.333213205383354,-0.110508536170218,-0.103330530851366,-0.285935458023539,NONE,-0.0895919598967582,Family,-2.23744784062252,1,3,3,2,3,3,4,3,3,7,6,1,2,3,2,1,0,2,0.297607266471232,0,200809
2041,20,RL,1.35121980777844,0.775064780673676,Pave,NONE,Lvl,Inside,Gtl,Veenker,Norm,Norm,1Fam,1Story,8,9,1976,VinylSd,VinylSd,None,-0.567015949674981,CBlock,1044,382,0,1426,GasA,0.268289832918241,SBrkr,-0.785025043886639,0.336466687641421,1,0,2.59009445201179,-0.756321032880405,0.169927088600022,-0.207698474525451,-0.287758288825272,0.623631660646747,Attchd,0.234950293971921,0.35864441180696,1.47259233819304,0.62922919738348,-0.359600750132276,-0.103330530851366,-0.285935458023539,GdWo,-0.0895919598967582,Normal,0.44693779307133,1,4,4,4,4,0,4,3,3,7,6,3,2,3,3,2,0,2,0.297607266471232,0,200808
2042,60,FV,-1.72562055202678,-0.338350761365428,Pave,NONE,Lvl,Inside,Gtl,Somerst,Norm,Norm,1Fam,2Story,7,5,2002,VinylSd,VinylSd,NONE,-0.567015949674981,PConc,0,0,952,952,GasA,0.268289832918241,SBrkr,1.22137670145786,0.615142445106277,0,0,0.781365814350925,1.23259887250509,0.169927088600022,-0.207698474525451,0.349545539005509,0.623631660646747,Attchd,0.292778280943602,-0.017227814871996,0.397535289886414,0.954846788583617,-0.359600750132276,-0.103330530851366,-0.285935458023539,NONE,-0.0895919598967582,Normal,-2.23744784062252,1,2,3,4,2,3,3,3,3,7,1,1,2,3,3,1,0,2,0.297607266471232,0,200807
2043,80,RL,-1.72562055202678,0.118682224227845,Pave,NONE,Lvl,Inside,Gtl,NWAmes,Norm,Norm,1Fam,SLvl,6,6,1969,MetalSd,MetalSd,None,-0.567015949674981,CBlock,828,0,599,1427,GasA,0.268289832918241,SBrkr,-0.785025043886639,-0.145780722439606,0,1,0.781365814350925,-0.756321032880405,1.38565545042224,-0.207698474525451,0.349545539005509,-0.924311211315714,Attchd,0.219381220556468,0.200870884559003,-0.740760408320604,-0.702842766617084,-0.359600750132276,-0.103330530851366,3.55920914858981,NONE,-0.0895919598967582,Normal,-2.23744784062252,1,2,2,3,2,3,0,3,3,7,6,1,2,3,2,3,0,2,-0.250997476711292,0,200808
2044,20,RL,0.813519550725098,0.111834338206192,Pave,NONE,Lvl,Inside,Gtl,NWAmes,Norm,Norm,1Fam,1Story,6,5,1968,HdBoard,HdBoard,None,-0.567015949674981,CBlock,301,0,1439,1740,GasA,0.268289832918241,SBrkr,-0.785025043886639,0.472839930656138,0,0,-1.02736282330994,1.23259887250509,1.38565545042224,-0.207698474525451,0.98684936683629,0.623631660646747,Attchd,0.217157067211403,0.182309293118067,-0.543139627381886,-0.702842766617084,-0.359600750132276,-0.103330530851366,3.1319708589661,GdWo,-0.0895919598967582,Family,0.44693779307133,1,2,2,1,2,3,3,3,3,7,3,1,2,3,3,1,0,2,-0.250997476711292,0,200802
2045,20,RL,-1.72562055202678,0.661821035908196,Pave,NONE,Lvl,CulDSac,Gtl,NWAmes,Norm,Norm,1Fam,1Story,7,7,1967,Plywood,Plywood,None,-0.567015949674981,CBlock,603,294,723,1620,GasA,0.268289832918241,SBrkr,-0.785025043886639,0.235669073239239,0,0,0.781365814350925,-0.756321032880405,1.38565545042224,-0.207698474525451,0.98684936683629,0.623631660646747,Attchd,0.214932913866338,0.488575551893513,-0.740760408320604,0.214806808583304,2.62950581741242,-0.103330530851366,-0.285935458023539,NONE,0.703632128120893,Normal,-2.23744784062252,1,2,2,4,3,3,4,3,3,7,5,4,2,3,2,1,0,1,-0.250997476711292,0,200811
2046,90,RL,0.514797185695465,-0.0530221771298942,Pave,NONE,Lvl,Inside,Gtl,NWAmes,RRAn,Norm,Duplex,1Story,5,6,1965,MetalSd,MetalSd,None,-0.567015949674981,CBlock,0,0,1625,1625,GasA,0.268289832918241,SBrkr,-0.785025043886639,0.245551192298276,0,0,0.781365814350925,-0.756321032880405,1.38565545042224,4.45593111885755,0.98684936683629,-0.924311211315714,Detchd,0.210484607176209,0.0523781530315144,-0.740760408320604,-0.702842766617084,-0.359600750132276,-0.103330530851366,-0.285935458023539,NONE,-0.0895919598967582,Normal,0.44693779307133,1,2,2,4,2,3,0,3,3,7,1,1,2,3,3,1,0,1,-0.250997476711292,0,200811
2047,60,RL,0.455052712689539,-0.171718868171876,Pave,NONE,Lvl,Inside,Gtl,NAmes,Feedr,Norm,1Fam,2Story,5,6,1968,MetalSd,MetalSd,None,-0.567015949674981,CBlock,732,0,0,732,GasA,0.268289832918241,SBrkr,0.922749464941469,-0.0726530414027293,0,0,-1.02736282330994,1.23259887250509,1.38565545042224,-0.207698474525451,0.349545539005509,-0.924311211315714,Attchd,0.217157067211403,-0.012587417011762,-0.740760408320604,-0.110810782616833,-0.359600750132276,-0.103330530851366,-0.285935458023539,NONE,-0.0895919598967582,Normal,0.44693779307133,1,2,2,4,2,3,0,3,3,7,2,1,2,3,3,1,0,1,-0.250997476711292,0,200809
2048,20,RL,0.216074820665833,-0.259092821300002,Pave,NONE,Lvl,Inside,Gtl,NAmes,Norm,Norm,1Fam,1Story,5,7,1965,HdBoard,HdBoard,None,-0.567015949674981,CBlock,260,456,196,912,GasA,0.268289832918241,SBrkr,-0.785025043886639,-1.13794547596697,1,0,-1.02736282330994,-0.756321032880405,0.169927088600022,-0.207698474525451,-0.925062116656053,-0.924311211315714,Detchd,0.23939860066205,0.479294756173045,1.10106527002825,-0.702842766617084,-0.359600750132276,-0.103330530851366,-0.285935458023539,NONE,-0.0895919598967582,Normal,0.44693779307133,1,2,3,4,2,3,0,3,3,7,5,3,2,3,3,1,0,1,-0.250997476711292,0,200810
2049,90,RL,0.425180476186576,0.114624217696495,Pave,NONE,Lvl,Inside,Gtl,NAmes,Norm,Norm,Duplex,1Story,5,5,1965,HdBoard,HdBoard,None,-0.567015949674981,CBlock,0,0,1728,1728,GasA,0.268289832918241,SBrkr,-0.785025043886639,0.449122844914448,0,0,0.781365814350925,-0.756321032880405,3.81711217406667,4.45593111885755,2.26145702249785,-0.924311211315714,Detchd,0.259415980767632,0.479294756173045,-0.740760408320604,-0.702842766617084,-0.359600750132276,-0.103330530851366,-0.285935458023539,NONE,-0.0895919598967582,Normal,0.44693779307133,1,2,2,2,2,3,0,3,3,7,1,1,2,3,2,1,0,1,-0.250997476711292,0,200803
2050,60,RL,-1.72562055202678,0.404137621167483,Pave,NONE,Lvl,Inside,Gtl,NWAmes,Norm,Norm,1Fam,2Story,7,6,1971,HdBoard,HdBoard,None,-0.567015949674981,CBlock,583,0,242,825,GasA,0.268289832918241,SBrkr,1.13972081647291,0.334490263829613,0,0,-1.02736282330994,1.23259887250509,1.38565545042224,-0.207698474525451,0.349545539005509,-0.924311211315714,Attchd,0.223829527246597,-0.0404298041731661,-0.740760408320604,-0.702842766617084,-0.359600750132276,-0.103330530851366,-0.285935458023539,NONE,-0.0895919598967582,Normal,-2.23744784062252,1,2,2,2,2,4,0,3,3,7,5,1,2,3,2,1,0,3,0.297607266471232,0,200808
2051,20,RL,0.484924949192502,-0.302209140695593,Pave,NONE,Lvl,Inside,Gtl,NAmes,Norm,Norm,1Fam,1Story,5,5,1956,HdBoard,HdBoard,None,-0.567015949674981,Slab,0,0,0,0,GasA,0.268289832918241,SBrkr,-0.785025043886639,-0.962043756716099,0,0,-1.02736282330994,-0.756321032880405,-1.04580127322219,-0.207698474525451,-0.287758288825272,-0.924311211315714,Attchd,0.190467227070627,-0.954588182639269,-0.740760408320604,-0.702842766617084,0.26312978477287,-0.103330530851366,3.274383622174,GdWo,-0.0895919598967582,Normal,0.44693779307133,0,2,2,2,2,0,0,3,3,7,0,0,2,3,2,0,0,2,-4.91413779376274,0,200806
2052,20,RL,0.962880733239914,-0.034000271514192,Pave,NONE,Lvl,Corner,Gtl,NAmes,Norm,Norm,1Fam,1Story,5,5,1961,Plywood,Plywood,None,-0.567015949674981,CBlock,0,0,1114,1114,GasA,0.268289832918241,SBrkr,-0.785025043886639,-0.76440137553535,1,0,-1.02736282330994,-0.756321032880405,0.169927088600022,-0.207698474525451,-0.925062116656053,-0.924311211315714,Attchd,0.20158799379595,-0.100754976356208,-0.740760408320604,-0.702842766617084,-0.359600750132276,-0.103330530851366,2.63352618773844,NONE,-0.0895919598967582,Abnorml,0.44693779307133,1,3,2,2,2,3,0,3,3,7,1,1,2,3,3,1,0,2,-0.250997476711292,0,200808
2053,20,RL,-1.72562055202678,0.147595520763712,Pave,NONE,Lvl,Corner,Gtl,NAmes,Norm,Norm,1Fam,1Story,5,7,1960,Wd Sdng,Wd Sdng,None,-0.567015949674981,CBlock,528,0,590,1118,GasA,0.268289832918241,SBrkr,-0.785025043886639,-0.75649568028812,1,0,-1.02736282330994,-0.756321032880405,0.169927088600022,-0.207698474525451,-0.287758288825272,-0.924311211315714,Attchd,0.199363840450886,-0.968509376219971,1.55164065056853,-0.702842766617084,-0.359600750132276,-0.103330530851366,-0.285935458023539,MnPrv,-0.0895919598967582,Normal,-2.23744784062252,1,2,2,4,3,3,0,3,3,7,4,1,2,3,2,1,0,2,-0.250997476711292,0,200811
2054,70,RL,-0.232008726878616,-0.670346420711484,Pave,NONE,Bnk,Inside,Mod,BrkSide,RRAn,Feedr,1Fam,2Story,4,7,1937,MetalSd,MetalSd,None,-0.567015949674981,PConc,120,0,228,348,GasA,0.268289832918241,SBrkr,0.271835410347149,-1.17549752839131,0,0,-1.02736282330994,-0.756321032880405,-1.04580127322219,-0.207698474525451,-0.925062116656053,-0.924311211315714,Basment,0.148208313514398,-1.12164250560769,-0.740760408320604,-0.702842766617084,-0.359600750132276,-0.103330530851366,-0.285935458023539,NONE,-0.0895919598967582,Normal,0.44693779307133,1,2,2,2,2,3,0,2,3,7,3,1,2,3,2,1,0,1,-0.250997476711292,0,200812
2055,20,RL,0.664158368210282,-0.0720440827455964,Pave,NONE,Lvl,Inside,Gtl,NAmes,Norm,Norm,1Fam,1Story,5,6,1960,MetalSd,MetalSd,BrkFace,0.568178813705567,CBlock,658,0,638,1296,GasA,0.268289832918241,SBrkr,-0.785025043886639,-0.00940747942488963,0,0,0.781365814350925,-0.756321032880405,0.169927088600022,-0.207698474525451,-0.287758288825272,-0.924311211315714,Attchd,0.199363840450886,-0.105395374216442,-0.740760408320604,-0.377225175416946,-0.359600750132276,-0.103330530851366,-0.285935458023539,MnPrv,-0.0895919598967582,Normal,0.44693779307133,1,1,1,2,3,3,0,3,3,7,3,1,2,3,3,1,0,2,-0.250997476711292,0,200805
2056,20,RL,0.664158368210282,-0.0720440827455964,Pave,NONE,Lvl,Inside,Gtl,NAmes,Norm,Norm,1Fam,1Story,5,8,1950,HdBoard,HdBoard,None,-0.567015949674981,CBlock,32,308,232,572,GasA,0.268289832918241,SBrkr,-0.785025043886639,-0.32365886550228,1,0,-1.02736282330994,-0.756321032880405,0.169927088600022,-0.207698474525451,0.349545539005509,0.623631660646747,Attchd,0.177122307000239,-0.968509376219971,-0.740760408320604,2.13891075658412,-0.359600750132276,-0.103330530851366,-0.285935458023539,NONE,-0.0895919598967582,Normal,0.44693779307133,1,3,2,3,3,3,4,3,3,7,4,3,2,3,3,1,0,2,-0.250997476711292,0,200812
2057,20,RL,0.156330347659906,-0.327698494220634,Pave,NONE,Lvl,Inside,Gtl,NAmes,Artery,Norm,1Fam,1Story,5,5,1953,Wd Sdng,Wd Sdng,BrkFace,-0.0749118157957285,CBlock,531,0,505,1036,GasA,0.268289832918241,SBrkr,-0.785025043886639,-0.918562432856334,0,0,-1.02736282330994,-0.756321032880405,0.169927088600022,-0.207698474525451,-0.925062116656053,-0.924311211315714,Attchd,0.183794767035433,-0.745770278928738,0.207819340185244,-0.347623576216934,-0.359600750132276,-0.103330530851366,-0.285935458023539,MnPrv,-0.0895919598967582,Normal,0.44693779307133,1,2,2,4,2,3,0,3,3,7,2,1,2,3,3,1,0,2,-0.250997476711292,0,200809
2058,60,RL,0.962880733239914,0.570896327065139,Pave,NONE,Lvl,Inside,Gtl,NAmes,Norm,Norm,1Fam,2Story,6,7,1966,VinylSd,VinylSd,BrkFace,1.7257419468079,CBlock,575,0,529,1104,GasA,0.268289832918241,SBrkr,1.27736930830468,0.962993035984395,0,0,0.781365814350925,1.23259887250509,1.38565545042224,-0.207698474525451,1.62415319466707,0.623631660646747,Attchd,0.212708760521274,0.0338165615905783,-0.740760408320604,2.70134114138436,-0.359600750132276,-0.103330530851366,-0.285935458023539,MnPrv,-0.0895919598967582,Normal,0.44693779307133,1,3,3,4,3,3,4,3,3,7,4,1,2,3,3,1,0,2,-0.250997476711292,0,200811
2059,20,RL,0.484924949192502,-0.166392734599479,Pave,NONE,Lvl,Inside,Gtl,NAmes,Norm,Norm,1Fam,1Story,5,4,1957,Wd Sdng,Wd Sdng,BrkFace,0.232653267878804,CBlock,621,52,503,1176,GasA,0.268289832918241,SBrkr,-0.785025043886639,-0.641863099203286,1,0,-1.02736282330994,-0.756321032880405,0.169927088600022,-0.207698474525451,-0.287758288825272,2.17157453260921,Attchd,0.192691380415692,-0.838578236133418,-0.740760408320604,0.599627598183467,-0.359600750132276,-0.103330530851366,1.40521610507029,NONE,-0.0895919598967582,Normal,0.44693779307133,1,2,2,2,2,3,4,3,3,7,5,2,2,3,3,1,0,2,-0.250997476711292,0,200808
2060,20,RL,0.723902841216208,-0.0416090337604728,Pave,NONE,Lvl,Inside,Gtl,NAmes,Norm,Norm,1Fam,1Story,5,7,1959,HdBoard,HdBoard,None,-0.567015949674981,CBlock,1053,0,195,1248,GasA,0.268289832918241,SBrkr,-0.785025043886639,-0.120087212886109,1,0,0.781365814350925,-0.756321032880405,-1.04580127322219,-0.207698474525451,0.349545539005509,-0.924311211315714,Attchd,0.197139687105821,0.0338165615905783,0.444964277311706,-0.702842766617084,-0.359600750132276,-0.103330530851366,4.27127296462931,NONE,-0.0895919598967582,Normal,0.44693779307133,1,2,2,2,3,3,0,3,3,7,5,1,2,3,3,1,0,2,-0.250997476711292,0,200809
2061,20,RL,0.962880733239914,0.384481652031257,Pave,NONE,Lvl,Inside,Gtl,NAmes,Feedr,Norm,1Fam,1Story,6,6,1958,Wd Sdng,Wd Sdng,BrkFace,0.47870533481843,CBlock,958,0,437,1395,GasA,0.268289832918241,SBrkr,-0.785025043886639,0.136847882648865,1,0,-1.02736282330994,-0.756321032880405,0.169927088600022,-0.207698474525451,-0.925062116656053,0.623631660646747,Attchd,0.194915533760756,-0.147158954958549,3.13260689807828,-0.702842766617084,-0.359600750132276,-0.103330530851366,-0.285935458023539,NONE,-0.0895919598967582,Normal,0.44693779307133,1,2,2,4,2,3,3,3,3,7,2,1,2,3,2,1,0,2,-0.250997476711292,0,200808
2062,20,RL,0.514797185695465,0.0325763981407659,Pave,NONE,Lvl,Inside,Gtl,NAmes,Norm,Norm,1Fam,1Story,5,5,1956,MetalSd,MetalSd,None,-0.567015949674981,CBlock,774,0,330,1104,GasA,0.268289832918241,SBrkr,-0.785025043886639,-0.784165613653425,1,0,-1.02736282330994,-0.756321032880405,0.169927088600022,-0.207698474525451,-0.925062116656053,-0.924311211315714,Attchd,0.190467227070627,-0.411661632991888,-0.740760408320604,-0.702842766617084,-0.359600750132276,-0.103330530851366,-0.285935458023539,NONE,-0.0895919598967582,Normal,0.44693779307133,1,2,2,3,2,3,0,3,3,7,3,1,2,3,3,1,0,2,-0.250997476711292,0,200807
2063,20,RL,0.0667136381510165,0.176001566483161,Pave,NONE,Lvl,Inside,Gtl,NAmes,Norm,Norm,1Fam,1Story,5,6,1952,MetalSd,MetalSd,Stone,-0.276227143291786,CBlock,148,0,572,720,GasA,0.268289832918241,FuseA,-0.785025043886639,-1.22293169987469,1,0,-1.02736282330994,-0.756321032880405,-1.04580127322219,-0.207698474525451,-1.56236594448683,-0.924311211315714,Attchd,0.181570613690368,-1.07987892486559,-0.740760408320604,-0.702842766617084,-0.359600750132276,-0.103330530851366,-0.285935458023539,MnPrv,-0.0895919598967582,Normal,0.44693779307133,1,2,2,4,3,3,0,3,3,7,3,1,2,3,3,1,0,1,-0.250997476711292,0,200808
2064,20,RL,1.32134757127547,-0.100830566577359,Pave,NONE,Lvl,Corner,Gtl,NAmes,Norm,Norm,1Fam,1Story,5,6,1953,MetalSd,MetalSd,BrkFace,-0.0972801855175127,CBlock,500,196,456,1152,GasA,0.268289832918241,SBrkr,-0.785025043886639,-0.689297270686666,0,0,-1.02736282330994,1.23259887250509,0.169927088600022,-0.207698474525451,-0.287758288825272,-0.924311211315714,Detchd,0.223829527246597,0.757718627787086,-0.740760408320604,-0.702842766617084,-0.359600750132276,-0.103330530851366,-0.285935458023539,NONE,-0.0895919598967582,Normal,0.44693779307133,1,2,2,2,2,3,0,3,3,7,3,2,2,3,2,1,0,1,-0.250997476711292,0,200808
2065,20,RL,-1.72562055202678,0.330459440082663,Pave,NONE,Lvl,Inside,Sev,NAmes,Norm,Norm,1Fam,1Story,5,5,1953,MetalSd,MetalSd,None,-0.567015949674981,PConc,624,128,232,984,GasW,-3.72731232161413,SBrkr,-0.785025043886639,-1.08853488067178,0,0,-1.02736282330994,-0.756321032880405,-1.04580127322219,-0.207698474525451,-0.925062116656053,-0.924311211315714,Detchd,0.183794767035433,-0.337415267228144,-0.740760408320604,-0.229217179416884,-0.359600750132276,-0.103330530851366,-0.285935458023539,GdWo,-0.0895919598967582,Normal,-2.23744784062252,1,2,2,2,2,3,0,3,3,7,4,2,2,3,3,1,0,1,-0.250997476711292,0,200810
2066,20,RL,1.11224191575473,0.517634991341173,Pave,NONE,Lvl,Inside,Gtl,NAmes,Norm,Norm,1Fam,1Story,6,5,1957,Plywood,Plywood,BrkFace,1.4461373252856,CBlock,0,0,998,998,GasA,0.268289832918241,SBrkr,-0.785025043886639,0.571661121246512,0,0,0.781365814350925,-0.756321032880405,0.169927088600022,-0.207698474525451,-0.287758288825272,2.17157453260921,Attchd,0.192691380415692,0.31224043320462,-0.740760408320604,-0.110810782616833,-0.359600750132276,-0.103330530851366,-0.285935458023539,NONE,2.55448833349541,Normal,0.44693779307133,1,2,2,2,2,3,4,3,3,7,1,1,2,3,3,1,0,3,-0.250997476711292,0,200812
2067,20,RL,0.395308239683612,-0.168675363273364,Pave,NONE,Lvl,Inside,Gtl,NAmes,Norm,Norm,1Fam,1Story,5,3,1957,MetalSd,MetalSd,None,-0.567015949674981,BrkTil,0,0,0,0,GasA,0.268289832918241,SBrkr,-0.785025043886639,0.520274102139517,0,0,0.781365814350925,1.23259887250509,1.38565545042224,-0.207698474525451,0.349545539005509,0.623631660646747,Attchd,0.192691380415692,-0.796814655391312,-0.740760408320604,0.362814804583367,-0.359600750132276,-0.103330530851366,-0.285935458023539,NONE,-0.0895919598967582,Normal,0.44693779307133,0,2,2,3,2,0,3,3,3,2,0,0,2,3,3,0,0,3,-4.91413779376274,0,200802
2068,90,RL,0.544669422198429,0.28759674609528,Pave,NONE,Lvl,Inside,Gtl,NAmes,Norm,Norm,Duplex,1Story,5,5,1957,Wd Sdng,Wd Sdng,None,-0.567015949674981,CBlock,0,0,1824,1824,GasA,0.268289832918241,FuseA,-0.785025043886639,0.638859530847967,0,0,0.781365814350925,-0.756321032880405,2.60138381224446,4.45593111885755,1.62415319466707,-0.924311211315714,Detchd,0.194915533760756,0.0523781530315144,-0.740760408320604,-0.702842766617084,-0.359600750132276,-0.103330530851366,-0.285935458023539,NONE,-0.0895919598967582,Normal,0.44693779307133,1,2,2,1,2,3,0,3,3,7,1,1,2,3,3,1,0,1,-0.250997476711292,0,200801
2069,20,RL,0.0667136381510165,-0.00584785120295265,Pave,NONE,Lvl,Inside,Gtl,OldTown,Norm,Norm,1Fam,1Story,4,6,1948,MetalSd,MetalSd,None,-0.567015949674981,Slab,0,0,0,0,GasA,-3.72731232161413,SBrkr,-0.785025043886639,-1.24862520942818,0,0,-1.02736282330994,-0.756321032880405,-2.26152963504441,-0.207698474525451,-2.19966977231761,-0.924311211315714,Detchd,0.17267400031011,-0.383819245830484,-0.740760408320604,-0.702842766617084,0.667904632461215,-0.103330530851366,-0.285935458023539,GdPrv,-0.0895919598967582,Normal,0.44693779307133,0,2,2,2,2,0,0,2,3,7,0,0,0,3,3,0,0,1,-4.91413779376274,0,200811
2070,50,RL,-0.381369909393432,-0.3375898851408,Pave,NONE,Lvl,Corner,Gtl,OldTown,Norm,Norm,1Fam,1.5Fin,5,8,1925,VinylSd,VinylSd,None,-0.567015949674981,PConc,0,0,747,747,GasA,0.268289832918241,SBrkr,0.176181373650493,-0.675462304004013,0,0,-1.02736282330994,-0.756321032880405,0.169927088600022,-0.207698474525451,-0.925062116656053,-0.924311211315714,Detchd,0.137087546789075,-0.857139827574354,-0.0767545843665104,-0.702842766617084,1.13495253364007,-0.103330530851366,-0.285935458023539,NONE,-0.0895919598967582,Normal,0.44693779307133,1,3,2,2,2,3,0,2,3,7,1,1,0,3,3,1,0,1,-0.250997476711292,0,200808
2071,30,RL,0.0667136381510165,-0.604657439985259,Pave,NONE,Lvl,Corner,Gtl,OldTown,Norm,Norm,1Fam,1Story,4,7,1940,VinylSd,VinylSd,None,-0.567015949674981,PConc,0,0,672,672,GasA,0.268289832918241,SBrkr,-0.785025043886639,-1.63798070035426,0,0,-1.02736282330994,-0.756321032880405,-1.04580127322219,-0.207698474525451,-1.56236594448683,-0.924311211315714,Detchd,0.281657514218279,-0.764331870369674,-0.0451352594163155,0.895643590183592,-0.359600750132276,-0.103330530851366,-0.285935458023539,NONE,-0.0895919598967582,Normal,0.44693779307133,1,2,3,3,2,3,0,3,3,7,1,1,0,3,3,1,0,1,-0.250997476711292,0,200810
2072,50,RL,0.0667136381510165,0.08469641952779,Pave,Grvl,Lvl,Inside,Gtl,OldTown,Norm,Norm,1Fam,1.5Fin,5,5,1922,Wd Sdng,Wd Sdng,None,-0.567015949674981,BrkTil,0,0,892,892,GasA,0.268289832918241,SBrkr,-0.360414441964896,-0.127992908133339,0,1,-1.02736282330994,-0.756321032880405,0.169927088600022,-0.207698474525451,0.349545539005509,0.623631660646747,Detchd,0.217157067211403,4.71133760470648,-0.740760408320604,-0.702842766617084,1.19722558713059,-0.103330530851366,-0.285935458023539,GdWo,-0.0895919598967582,Normal,0.44693779307133,1,2,2,4,2,3,4,2,3,7,1,1,0,3,3,1,0,1,-0.250997476711292,0,200809
2073,20,RL,0.604413895204355,0.00150728563511888,Pave,NONE,Lvl,Corner,Gtl,NAmes,Feedr,Norm,1Fam,1Story,5,6,1968,HdBoard,Plywood,None,-0.567015949674981,CBlock,744,0,168,912,GasA,0.268289832918241,SBrkr,-0.785025043886639,-0.902751042361874,0,1,-1.02736282330994,1.23259887250509,0.169927088600022,-0.207698474525451,-0.925062116656053,0.623631660646747,Attchd,0.266088440802826,-0.467346407314696,0.840205839189143,0.00759561418321662,-0.359600750132276,-0.103330530851366,-0.285935458023539,GdWo,0.703632128120893,Normal,0.44693779307133,1,2,2,2,2,3,2,3,3,7,3,1,2,3,2,1,0,3,-0.250997476711292,0,200809
2074,20,RL,0.544669422198429,0.15051221295812,Pave,NONE,Lvl,Corner,Gtl,NAmes,Norm,Norm,1Fam,1Story,7,7,1958,HdBoard,HdBoard,BrkFace,0.131995604130775,CBlock,637,0,675,1312,GasA,0.268289832918241,SBrkr,-0.785025043886639,-0.373069460797468,0,0,-1.02736282330994,1.23259887250509,0.169927088600022,-0.207698474525451,-0.287758288825272,0.623631660646747,Attchd,0.194915533760756,0.103422529494089,-0.740760408320604,3.79660031178482,1.88222917552625,-0.103330530851366,-0.285935458023539,MnPrv,11.3680893114693,Normal,0.44693779307133,1,2,2,4,2,3,4,3,3,7,4,1,2,3,2,1,0,2,-0.250997476711292,0,200807
2075,20,RL,-1.72562055202678,0.350115409218888,Pave,NONE,Lvl,Inside,Gtl,NAmes,Norm,Norm,1Fam,1Story,6,6,1960,Wd Sdng,Wd Sdng,BrkFace,0.976401561128128,CBlock,697,0,384,1081,GasA,0.268289832918241,SBrkr,-0.785025043886639,-0.829623361324997,1,0,-1.02736282330994,-0.756321032880405,0.169927088600022,-0.207698474525451,-0.925062116656053,-0.924311211315714,CarPort,0.199363840450886,-0.33277486936791,-0.45618648376885,0.51082280058343,-0.359600750132276,-0.103330530851366,-0.285935458023539,NONE,-0.0895919598967582,Normal,-2.23744784062252,1,2,2,2,2,3,0,3,3,7,6,1,2,3,2,4,0,1,-0.250997476711292,0,200809
2076,20,RL,0.0667136381510165,-0.376394572596832,Pave,NONE,Lvl,Inside,Gtl,NAmes,Norm,Norm,1Fam,1Story,5,7,1951,MetalSd,MetalSd,None,-0.567015949674981,CBlock,432,0,444,876,GasA,0.268289832918241,SBrkr,-0.785025043886639,-1.23479024274553,0,0,-1.02736282330994,-0.756321032880405,-1.04580127322219,-0.207698474525451,-0.925062116656053,0.623631660646747,Detchd,0.226053680591662,0.479294756173045,-0.740760408320604,-0.702842766617084,-0.359600750132276,-0.103330530851366,-0.285935458023539,NONE,-0.0895919598967582,Abnorml,0.44693779307133,1,2,2,2,2,3,3,3,3,7,2,1,2,3,3,1,0,1,-0.799602219893816,0,200805
2077,20,RL,0.664158368210282,-0.274944409313087,Pave,NONE,Lvl,Inside,Gtl,NAmes,Norm,Norm,1Fam,1Story,5,6,1959,BrkFace,Wd Sdng,None,-0.567015949674981,PConc,476,488,292,1256,GasA,0.268289832918241,FuseA,-0.785025043886639,-0.483749194258687,1,0,-1.02736282330994,1.23259887250509,0.169927088600022,-0.207698474525451,-0.287758288825272,-0.924311211315714,Attchd,0.197139687105821,-0.750410676788972,-0.740760408320604,2.84934913738442,-0.359600750132276,-0.103330530851366,-0.285935458023539,NONE,-0.0895919598967582,Normal,0.44693779307133,1,2,2,3,3,3,0,3,3,7,4,3,2,3,3,1,0,2,-0.250997476711292,0,200808
2078,20,RL,0.664158368210282,-0.274944409313087,Pave,NONE,Lvl,Inside,Gtl,NAmes,Norm,Norm,1Fam,1Story,5,5,1962,BrkFace,MetalSd,None,-0.567015949674981,CBlock,520,319,188,1027,GasA,0.268289832918241,SBrkr,-0.785025043886639,-0.936350247162602,0,1,-1.02736282330994,-0.756321032880405,0.169927088600022,-0.207698474525451,-0.287758288825272,-0.924311211315714,Attchd,0.203812147141015,-0.80609545111178,-0.740760408320604,-0.702842766617084,-0.359600750132276,-0.103330530851366,-0.285935458023539,NONE,-0.0895919598967582,Normal,0.44693779307133,1,2,2,2,2,3,0,3,3,7,4,3,2,3,3,1,0,1,-0.250997476711292,0,200803
2079,50,RL,0.0667136381510165,-0.266828396250387,Pave,NONE,Lvl,Inside,Gtl,NAmes,Artery,Norm,1Fam,1.5Fin,6,6,1948,Wd Sdng,Wd Sdng,None,-0.567015949674981,CBlock,315,0,453,768,GasA,0.268289832918241,SBrkr,0.383820624040796,-0.357258070303008,0,0,0.781365814350925,-0.756321032880405,0.169927088600022,-0.207698474525451,-0.925062116656053,-0.924311211315714,Detchd,0.274985054183085,0.479294756173045,0.112961365334659,-0.702842766617084,-0.359600750132276,-0.103330530851366,-0.285935458023539,GdWo,-0.0895919598967582,Normal,0.44693779307133,1,2,2,4,2,3,0,3,3,7,5,1,2,3,3,1,0,1,-0.250997476711292,0,200812
2080,45,RL,0.18620258416287,-0.479112862921624,Pave,NONE,Lvl,Corner,Gtl,NAmes,Feedr,Norm,1Fam,1.5Unf,6,7,1954,MetalSd,MetalSd,None,-0.567015949674981,CBlock,0,0,936,936,GasA,0.268289832918241,FuseA,-0.785025043886639,-1.02133647107032,1,0,-1.02736282330994,-0.756321032880405,-1.04580127322219,-0.207698474525451,-1.56236594448683,-0.924311211315714,Detchd,0.186018920380498,-0.894263010456227,-0.740760408320604,-0.702842766617084,-0.359600750132276,-0.103330530851366,-0.285935458023539,GdWo,-0.0895919598967582,Normal,0.44693779307133,1,2,2,2,2,3,0,3,3,7,1,1,2,3,3,1,0,1,-0.250997476711292,0,200809
2081,50,RL,0.0667136381510165,-0.376394572596832,Pave,NONE,Lvl,Inside,Gtl,NAmes,Norm,Norm,1Fam,1.5Fin,6,5,1954,MetalSd,MetalSd,None,-0.567015949674981,CBlock,673,0,181,854,GasA,0.268289832918241,FuseA,0.204177677073905,-0.440267870398922,0,0,-1.02736282330994,-0.756321032880405,1.38565545042224,-0.207698474525451,-0.287758288825272,-0.924311211315714,Attchd,0.186018920380498,-1.07987892486559,-0.740760408320604,-0.702842766617084,-0.359600750132276,-0.103330530851366,-0.285935458023539,MnWw,-0.0895919598967582,Normal,0.44693779307133,1,2,2,1,2,3,0,3,3,7,3,1,2,3,3,1,0,1,-0.250997476711292,0,200807
2082,90,RL,1.64994217280807,-0.209889492107385,Pave,NONE,Lvl,Corner,Gtl,NAmes,Artery,Norm,Duplex,1Story,5,5,1961,BrkFace,Wd Sdng,None,-0.567015949674981,CBlock,0,0,1800,1800,GasA,-3.72731232161413,SBrkr,-0.785025043886639,0.591425359364587,0,0,0.781365814350925,-0.756321032880405,3.81711217406667,4.45593111885755,2.26145702249785,-0.924311211315714,NONE,-4.15997671587587,-2.19357441132175,-0.740760408320604,-0.702842766617084,-0.359600750132276,-0.103330530851366,-0.285935458023539,NONE,-0.0895919598967582,Abnorml,0.44693779307133,1,2,2,2,2,3,0,0,0,7,1,1,0,3,3,3,0,0,-0.250997476711292,0,200803
2083,50,RL,0.0667136381510165,-0.376394572596832,Pave,NONE,Lvl,Inside,Gtl,NAmes,Norm,Norm,1Fam,1.5Fin,5,6,1955,MetalSd,MetalSd,None,-0.567015949674981,CBlock,370,0,398,768,GasA,0.268289832918241,SBrkr,0.530801217013707,0.172423511261399,0,0,-1.02736282330994,1.23259887250509,0.169927088600022,-0.207698474525451,-0.287758288825272,-0.924311211315714,Detchd,0.188243073725562,0.0338165615905783,-0.740760408320604,-0.702842766617084,-0.359600750132276,-0.103330530851366,-0.285935458023539,NONE,-0.0895919598967582,Normal,0.44693779307133,1,3,2,3,2,3,0,3,3,7,6,1,2,3,3,2,0,1,-0.250997476711292,0,200806
2084,20,RL,0.0667136381510165,-0.376394572596832,Pave,NONE,Lvl,Inside,Gtl,NAmes,Norm,Norm,1Fam,1Story,5,7,1954,MetalSd,MetalSd,None,-0.567015949674981,CBlock,0,0,825,825,GasA,0.268289832918241,FuseA,-0.785025043886639,-1.33558785714771,0,1,-1.02736282330994,-0.756321032880405,-1.04580127322219,-0.207698474525451,-1.56236594448683,-0.924311211315714,Attchd,0.186018920380498,-0.569435160239845,-0.740760408320604,-0.702842766617084,-0.359600750132276,-0.103330530851366,-0.285935458023539,NONE,-0.0895919598967582,Normal,0.44693779307133,1,2,2,2,2,3,0,3,3,7,1,1,2,3,3,1,0,1,-0.250997476711292,0,200810
2085,20,RL,0.335563766677686,-0.326937617996006,Pave,NONE,Lvl,Inside,Gtl,NAmes,PosN,Norm,1Fam,1Story,5,5,1963,Wd Sdng,Wd Sdng,None,-0.567015949674981,CBlock,0,0,1117,1117,GasA,0.268289832918241,SBrkr,-0.785025043886639,-0.758472104099928,0,0,-1.02736282330994,-0.756321032880405,0.169927088600022,-0.207698474525451,-0.287758288825272,-0.924311211315714,Attchd,0.20603630048608,-0.968509376219971,-0.740760408320604,-0.702842766617084,-0.359600750132276,-0.103330530851366,-0.285935458023539,NONE,-0.0895919598967582,Normal,0.44693779307133,1,2,2,4,2,3,0,3,3,7,1,1,2,3,3,1,0,1,-0.250997476711292,0,200808
2086,20,RM,-0.0527753078608365,-0.0421162845768916,Pave,Grvl,Bnk,Inside,Gtl,OldTown,Artery,Norm,1Fam,1Story,6,5,2008,VinylSd,VinylSd,None,-0.567015949674981,PConc,96,0,96,192,GasA,-3.72731232161413,SBrkr,-0.785025043886639,-0.726849323111008,1,0,-1.02736282330994,-0.756321032880405,0.169927088600022,-0.207698474525451,0.349545539005509,-0.924311211315714,Detchd,0.30612320101399,-0.764331870369674,-0.740760408320604,1.88729716338401,-0.359600750132276,-0.103330530851366,-0.285935458023539,NONE,-0.0895919598967582,Abnorml,0.44693779307133,1,2,2,3,2,3,0,3,3,7,6,1,2,3,3,1,0,1,-0.250997476711292,0,200804
2087,50,RM,-0.0229030713578732,-0.124798167653144,Pave,Grvl,Lvl,Inside,Gtl,OldTown,Artery,Norm,1Fam,1.5Fin,5,7,1948,WdShing,Wd Shng,None,-0.567015949674981,BrkTil,0,0,780,780,GasA,0.268289832918241,SBrkr,0.0898594380949738,-0.351328798867585,0,0,-1.02736282330994,-0.756321032880405,0.169927088600022,-0.207698474525451,-0.287758288825272,-0.924311211315714,Detchd,0.17267400031011,-0.337415267228144,-0.740760408320604,-0.702842766617084,-0.359600750132276,-0.103330530851366,-0.285935458023539,NONE,-0.0895919598967582,Normal,0.44693779307133,1,2,2,4,2,3,0,3,3,7,1,1,2,3,3,1,0,1,-0.250997476711292,0,200810
2088,70,RM,0.664158368210282,-0.680745062448068,Pave,Grvl,Lvl,Inside,Gtl,OldTown,Norm,Norm,1Fam,2Story,5,5,1910,AsbShng,AsbShng,None,-0.567015949674981,BrkTil,0,0,680,680,GasA,-3.72731232161413,SBrkr,0.801432150106686,-0.278201117830708,0,0,-1.02736282330994,-0.756321032880405,-1.04580127322219,-0.207698474525451,-0.287758288825272,-0.924311211315714,Attchd,0.0881561731976523,-0.662243117444525,0.776967189288753,0.0371972133832291,-0.359600750132276,-0.103330530851366,-0.285935458023539,NONE,-0.0895919598967582,Normal,0.44693779307133,1,2,2,1,2,2,0,2,3,7,1,1,2,3,3,1,0,1,-0.250997476711292,0,200801
2089,30,RM,0.0667136381510165,-0.680745062448068,Pave,NONE,Lvl,Corner,Gtl,OldTown,Norm,Norm,1Fam,1Story,5,4,1940,MetalSd,MetalSd,None,-0.567015949674981,CBlock,0,0,672,672,GasA,0.268289832918241,SBrkr,-0.785025043886639,-1.63798070035426,0,0,-1.02736282330994,-0.756321032880405,-1.04580127322219,-0.207698474525451,-1.56236594448683,-0.924311211315714,Detchd,0.177122307000239,-1.00563255910184,-0.740760408320604,-0.702842766617084,-0.359600750132276,-0.103330530851366,-0.285935458023539,MnPrv,-0.0895919598967582,Normal,0.44693779307133,1,2,2,2,2,3,0,3,3,7,1,1,2,3,3,1,0,1,-0.799602219893816,0,200811
2090,75,RM,0.0667136381510165,-0.52856981752245,Pave,NONE,Lvl,Inside,Gtl,OldTown,Norm,Norm,1Fam,2.5Unf,6,7,1915,Wd Sdng,Wd Sdng,None,-0.567015949674981,BrkTil,0,0,728,728,GasA,0.268289832918241,SBrkr,0.913417363800332,-0.0884644318971892,0,0,-1.02736282330994,1.23259887250509,1.38565545042224,-0.207698474525451,0.349545539005509,-0.924311211315714,Detchd,0.0992769399229756,-0.764331870369674,-0.740760408320604,-0.702842766617084,3.50132856627963,-0.103330530851366,-0.285935458023539,NONE,-0.0895919598967582,Normal,0.44693779307133,1,2,3,3,3,3,0,2,2,7,1,1,0,3,3,1,0,1,-0.250997476711292,0,200809
2091,190,RM,0.156330347659906,0.159515914949552,Pave,Grvl,Lvl,Inside,Gtl,OldTown,Norm,Norm,2fmCon,1.5Fin,4,6,1910,Wd Sdng,Wd Sdng,None,-0.567015949674981,Stone,0,0,828,828,GasA,0.268289832918241,FuseA,0.750105593830431,0.184282054132244,0,0,0.781365814350925,-0.756321032880405,0.169927088600022,4.45593111885755,1.62415319466707,-0.924311211315714,NONE,-4.15997671587587,-2.19357441132175,-0.740760408320604,1.84289476458399,1.33733995748425,-0.103330530851366,-0.285935458023539,NONE,-0.0895919598967582,Normal,0.44693779307133,1,2,2,3,2,3,0,0,0,7,1,1,0,3,3,1,0,0,-0.250997476711292,0,200809
2092,50,RM,0.156330347659906,-0.322118735240028,Pave,NONE,Lvl,Inside,Gtl,OldTown,Norm,Norm,1Fam,1.5Fin,4,6,1940,MetalSd,MetalSd,None,-0.567015949674981,BrkTil,0,0,801,801,GasA,0.268289832918241,FuseA,0.523802141157854,0.306820330464309,0,0,0.781365814350925,-0.756321032880405,-1.04580127322219,-0.207698474525451,0.98684936683629,-0.924311211315714,Detchd,0.194915533760756,-0.151799352818783,0.737443033101009,-0.702842766617084,-0.359600750132276,-0.103330530851366,-0.285935458023539,NONE,-0.0895919598967582,Normal,0.44693779307133,1,3,2,3,2,3,0,3,3,4,1,1,2,3,3,1,0,1,-0.250997476711292,0,200808
2093,50,RM,0.694030604713245,-0.362698800553526,Pave,NONE,Lvl,Corner,Gtl,OldTown,Artery,Norm,1Fam,1.5Fin,5,5,1920,WdShing,Wd Shng,None,-0.567015949674981,BrkTil,360,0,576,936,GasA,-3.72731232161413,FuseA,1.03473467863512,0.472839930656138,0,0,-1.02736282330994,-0.756321032880405,-1.04580127322219,-0.207698474525451,-0.287758288825272,0.623631660646747,Detchd,0.110397706648299,-1.1494848927691,-0.740760408320604,-0.702842766617084,3.31450940580809,-0.103330530851366,-0.285935458023539,NONE,-0.0895919598967582,Normal,0.44693779307133,1,1,1,3,4,3,4,2,2,7,3,1,0,3,3,1,0,1,-0.250997476711292,0,200809
2094,30,RM,0.0667136381510165,-0.604657439985259,Pave,NONE,Lvl,Inside,Gtl,OldTown,Norm,Norm,1Fam,1Story,7,6,1920,Stucco,Stucco,None,-0.567015949674981,CBlock,0,0,931,931,GasA,0.268289832918241,SBrkr,-0.785025043886639,-0.936350247162602,0,1,-1.02736282330994,-0.756321032880405,-1.04580127322219,-0.207698474525451,-0.925062116656053,0.623631660646747,NONE,-4.15997671587587,-2.19357441132175,-0.740760408320604,-0.288420377816909,-0.359600750132276,-0.103330530851366,-0.285935458023539,NONE,-0.0895919598967582,Normal,0.44693779307133,1,2,3,2,3,3,3,0,0,7,1,1,0,3,3,1,0,0,-0.250997476711292,0,200805
2095,190,RM,0.0667136381510165,0.0801311621800214,Pave,Grvl,Lvl,Inside,Gtl,OldTown,Norm,Norm,2fmCon,1.5Fin,6,6,1940,Wd Sdng,Wd Sdng,None,-0.567015949674981,CBlock,590,0,294,884,GasA,0.268289832918241,SBrkr,0.502804913590295,-0.127992908133339,0,0,0.781365814350925,-0.756321032880405,0.169927088600022,4.45593111885755,0.98684936683629,2.17157453260921,Detchd,0.154880773549592,1.64867501695202,-0.740760408320604,-0.702842766617084,1.60200043481893,-0.103330530851366,-0.285935458023539,NONE,-0.0895919598967582,Normal,0.44693779307133,1,2,2,2,2,3,4,3,3,7,4,1,2,3,3,1,0,1,-0.250997476711292,0,200808
2096,30,RM,0.0667136381510165,-0.432699413219311,Pave,NONE,Lvl,Inside,Gtl,OldTown,Norm,Norm,1Fam,1Story,5,6,1910,MetalSd,MetalSd,None,-0.567015949674981,BrkTil,0,0,481,481,GasA,-3.72731232161413,FuseA,-0.785025043886639,-1.18933249507396,0,0,-1.02736282330994,-0.756321032880405,-1.04580127322219,-0.207698474525451,-0.925062116656053,-0.924311211315714,Detchd,0.132639240098946,-1.26549483927495,-0.740760408320604,-0.702842766617084,1.13495253364007,-0.103330530851366,-0.285935458023539,NONE,-0.0895919598967582,Normal,0.44693779307133,1,2,2,2,2,4,0,2,3,7,1,1,1,3,3,1,0,1,-0.250997476711292,0,200812
2097,50,RM,-0.411242145896396,-0.539475710075453,Pave,Grvl,Lvl,Inside,Gtl,OldTown,Norm,Norm,1Fam,1.5Fin,5,9,1890,Wd Sdng,HdBoard,None,-0.567015949674981,BrkTil,0,0,684,684,GasA,0.268289832918241,SBrkr,0.138852969085944,-0.831599785136805,0,0,-1.02736282330994,-0.756321032880405,0.169927088600022,-0.207698474525451,-0.925062116656053,-0.924311211315714,NONE,-4.15997671587587,-2.19357441132175,-0.740760408320604,1.73928916738395,0.107447151046583,-0.103330530851366,-0.285935458023539,NONE,-0.0895919598967582,Normal,0.44693779307133,1,2,2,3,3,3,0,0,0,7,1,1,0,3,3,1,0,0,-0.799602219893816,0,200812
2098,50,RM,0.514797185695465,-0.148131705208405,Pave,NONE,Lvl,Corner,Gtl,OldTown,Norm,Norm,1Fam,1.5Fin,5,6,1946,MetalSd,MetalSd,None,-0.567015949674981,CBlock,445,0,459,904,GasA,0.268289832918241,FuseA,0.60312500085752,-0.00347820798946716,0,0,-1.02736282330994,-0.756321032880405,0.169927088600022,-0.207698474525451,-0.925062116656053,0.623631660646747,Detchd,0.197139687105821,1.83893132922161,-0.740760408320604,-0.406826774616959,-0.359600750132276,-0.103330530851366,-0.285935458023539,NONE,-0.0895919598967582,Normal,0.44693779307133,1,2,2,4,2,3,1,3,4,7,3,1,2,3,3,1,0,1,-0.250997476711292,0,200809
2099,20,RM,0.126458111156943,-0.362318362441212,Pave,NONE,Lvl,Corner,Gtl,OldTown,Norm,Norm,1Fam,1Story,2,5,1946,VinylSd,VinylSd,None,-0.567015949674981,BrkTil,0,0,407,407,GasA,-3.72731232161413,FuseA,-0.785025043886639,-2.16173301048324,0,0,-1.02736282330994,-0.756321032880405,-2.26152963504441,-0.207698474525451,-2.19966977231761,-0.924311211315714,Detchd,0.174898153655174,-0.815376246832248,-0.1399932342669,-0.702842766617084,1.50859085458316,-0.103330530851366,-0.285935458023539,NONE,-0.0895919598967582,Abnorml,0.44693779307133,1,3,2,2,2,3,0,2,3,7,1,1,2,3,3,1,0,1,-0.250997476711292,0,200806
2100,20,RM,1.35121980777844,0.258303011447099,Pave,NONE,Lvl,Inside,Gtl,OldTown,Norm,Norm,1Fam,1Story,3,1,1949,MetalSd,MetalSd,None,-0.567015949674981,BrkTil,0,0,448,448,GasA,0.268289832918241,SBrkr,-0.785025043886639,0.172423511261399,0,0,0.781365814350925,-0.756321032880405,2.60138381224446,-0.207698474525451,-0.287758288825272,-0.924311211315714,NONE,-4.15997671587587,-2.19357441132175,-0.740760408320604,-0.702842766617084,-0.359600750132276,-0.103330530851366,-0.285935458023539,MnPrv,-0.0895919598967582,Abnorml,0.44693779307133,1,2,2,3,2,2,0,0,0,2,1,1,0,3,3,1,0,0,-0.799602219893816,0,200804
2101,190,RM,0.335563766677686,-0.130124301225541,Pave,NONE,Lvl,Inside,Gtl,OldTown,Norm,Norm,2fmCon,2Story,5,5,1900,MetalSd,MetalSd,None,-0.567015949674981,BrkTil,0,0,797,797,GasA,-3.72731232161413,FuseA,1.07439610848495,0.249504039921891,0,0,0.781365814350925,-0.756321032880405,1.38565545042224,4.45593111885755,2.26145702249785,-0.924311211315714,Detchd,0.177122307000239,-0.244607310023463,0.776967189288753,-0.702842766617084,0.574495052225443,-0.103330530851366,-0.285935458023539,NONE,-0.0895919598967582,Normal,0.44693779307133,1,1,2,2,2,3,0,2,1,7,1,1,0,3,3,1,0,1,-0.799602219893816,0,200805
2102,75,RM,-0.142392017369726,-0.610998075190493,Pave,NONE,Lvl,Corner,Gtl,OldTown,Artery,Norm,1Fam,2Story,7,8,1920,Wd Sdng,Wd Shng,None,-0.567015949674981,BrkTil,116,0,508,624,GasA,0.268289832918241,SBrkr,0.894753161518058,-0.100322974768034,0,0,-1.02736282330994,-0.756321032880405,0.169927088600022,-0.207698474525451,0.349545539005509,-0.924311211315714,Detchd,0.143760006824269,-0.857139827574354,-0.740760408320604,2.13891075658412,-0.359600750132276,-0.103330530851366,-0.285935458023539,MnPrv,-0.0895919598967582,Normal,0.44693779307133,1,2,2,4,2,3,0,3,3,7,4,1,2,3,3,1,0,1,-0.250997476711292,0,200806
2103,50,RM,0.335563766677686,-0.129997488521436,Pave,Grvl,Lvl,Corner,Gtl,OldTown,Norm,Norm,1Fam,1.5Fin,5,7,1900,VinylSd,VinylSd,None,-0.567015949674981,CBlock,0,0,346,346,GasA,0.268289832918241,SBrkr,-0.0664532560190744,-0.956114485280677,0,0,-1.02736282330994,-0.756321032880405,-1.04580127322219,-0.207698474525451,-0.925062116656053,-0.924311211315714,Detchd,0.20158799379595,-0.764331870369674,-0.740760408320604,-0.702842766617084,1.80438785866311,-0.103330530851366,-0.285935458023539,NONE,-0.0895919598967582,Normal,0.44693779307133,1,2,2,4,2,3,0,3,3,7,1,1,0,3,3,1,0,1,-0.250997476711292,0,200808
2104,190,RM,0.0667136381510165,-0.0720440827455964,Pave,Grvl,Lvl,Inside,Gtl,OldTown,Norm,Norm,2fmCon,2Story,5,5,1920,AsbShng,AsbShng,None,-0.567015949674981,BrkTil,234,0,739,973,GasA,0.268289832918241,FuseP,1.48500855869499,1.67845845585871,0,0,0.781365814350925,-0.756321032880405,1.38565545042224,4.45593111885755,2.26145702249785,-0.924311211315714,2Types,0.132639240098946,-0.369898052249782,-0.740760408320604,-0.702842766617084,3.0498489284734,-0.103330530851366,-0.285935458023539,NONE,-0.0895919598967582,Normal,0.44693779307133,1,2,2,2,2,3,0,3,3,7,3,1,2,3,3,1,0,1,-0.250997476711292,0,200807
2105,70,RM,0.0667136381510165,-0.52856981752245,Pave,Grvl,Lvl,Corner,Gtl,OldTown,Norm,Norm,1Fam,2Story,5,9,1905,MetalSd,MetalSd,None,-0.567015949674981,BrkTil,0,0,572,572,GasA,0.268289832918241,SBrkr,0.745439543259863,0.0775551682946399,0,0,-1.02736282330994,1.23259887250509,0.169927088600022,-0.207698474525451,0.349545539005509,-0.924311211315714,NONE,-4.15997671587587,-2.19357441132175,1.15639908869109,0.436818802583398,-0.359600750132276,-0.103330530851366,-0.285935458023539,NONE,-0.0895919598967582,Normal,0.44693779307133,1,2,3,4,3,3,0,0,0,7,1,1,0,3,3,1,0,0,-0.799602219893816,0,200805
2106,70,RM,0.0667136381510165,0.148610022396549,Pave,NONE,Lvl,Inside,Gtl,OldTown,Norm,Norm,1Fam,2Story,2,1,1920,AsbShng,AsbShng,None,-0.567015949674981,BrkTil,0,0,723,723,GasA,-3.72731232161413,SBrkr,0.0618631346715622,-0.81974124226596,0,0,-1.02736282330994,-0.756321032880405,-1.04580127322219,-0.207698474525451,-0.925062116656053,-0.924311211315714,Detchd,0.110397706648299,-0.337415267228144,-0.740760408320604,-0.347623576216934,1.88222917552625,-0.103330530851366,-0.285935458023539,NONE,-0.0895919598967582,Normal,0.44693779307133,1,1,1,2,2,2,0,2,1,3,1,1,0,3,3,1,0,1,-0.799602219893816,0,200803
2107,70,RM,0.0667136381510165,0.0801311621800214,Pave,NONE,Lvl,Inside,Gtl,OldTown,Norm,Norm,1Fam,2Story,7,7,1890,Wd Sdng,Wd Shng,None,-0.567015949674981,BrkTil,0,0,1313,1313,GasW,0.268289832918241,SBrkr,1.9726108433194,1.96503990857079,0,0,0.781365814350925,-0.756321032880405,2.60138381224446,-0.207698474525451,2.26145702249785,0.623631660646747,Detchd,0.177122307000239,-0.606558343121717,-0.740760408320604,3.72259631378479,-0.359600750132276,-0.103330530851366,-0.285935458023539,NONE,-0.0895919598967582,Normal,0.44693779307133,1,2,2,3,2,3,4,3,2,7,1,1,2,3,3,2,0,1,-0.250997476711292,0,200804
2108,20,RM,0.216074820665833,-0.0530221771298942,Pave,NONE,Lvl,Inside,Gtl,OldTown,Norm,Norm,1Fam,1Story,5,6,1959,MetalSd,MetalSd,BrkFace,0.350087208918171,CBlock,200,0,784,984,GasA,0.268289832918241,SBrkr,-0.785025043886639,-1.02133647107032,1,0,-1.02736282330994,-0.756321032880405,-1.04580127322219,-0.207698474525451,-0.925062116656053,-0.924311211315714,Detchd,0.197139687105821,-0.764331870369674,-0.740760408320604,-0.702842766617084,-0.359600750132276,-0.103330530851366,-0.285935458023539,NONE,-0.0895919598967582,Normal,0.44693779307133,1,2,2,3,1,3,0,3,3,7,3,1,0,3,3,1,0,1,-0.250997476711292,0,200809
2109,20,RM,-0.172264253872689,-0.209509053995071,Pave,NONE,Lvl,Inside,Gtl,OldTown,Norm,Norm,1Fam,1Story,4,6,1958,MetalSd,MetalSd,None,-0.567015949674981,CBlock,0,0,869,869,GasA,0.268289832918241,SBrkr,-0.785025043886639,-0.805906275583307,0,0,-1.02736282330994,-0.756321032880405,-1.04580127322219,-0.207698474525451,-0.925062116656053,-0.924311211315714,Detchd,0.197139687105821,-0.764331870369674,-0.740760408320604,-0.702842766617084,-0.359600750132276,-0.103330530851366,-0.285935458023539,NONE,-0.0895919598967582,Normal,0.44693779307133,1,2,2,2,2,3,0,3,3,7,1,1,2,3,3,1,0,1,-0.250997476711292,0,200808
2110,30,RL,-0.0826475443637997,-0.387680903262149,Pave,NONE,Bnk,Inside,Gtl,BrkSide,Norm,Norm,1Fam,1Story,5,7,1928,WdShing,Wd Shng,None,-0.567015949674981,BrkTil,406,273,329,1008,GasA,0.268289832918241,SBrkr,-0.785025043886639,-0.707085084992933,0,0,-1.02736282330994,-0.756321032880405,-1.04580127322219,-0.207698474525451,-0.925062116656053,0.623631660646747,Detchd,0.270536747492955,-0.857139827574354,1.35401986962981,-0.702842766617084,-0.359600750132276,-0.103330530851366,-0.285935458023539,GdPrv,-0.0895919598967582,Normal,0.44693779307133,1,3,3,2,2,3,1,3,3,7,2,4,2,3,2,1,0,1,-0.250997476711292,0,200810
2111,50,RM,-1.72562055202678,-0.347861714173279,Pave,NONE,Bnk,Corner,Gtl,BrkSide,RRAn,Artery,1Fam,1.5Fin,7,7,1945,Wd Sdng,Wd Sdng,None,-0.567015949674981,CBlock,0,0,672,672,GasA,0.268289832918241,SBrkr,0.318495916052835,0.330537416205998,0,0,-1.02736282330994,1.23259887250509,0.169927088600022,-0.207698474525451,0.98684936683629,-0.924311211315714,Attchd,0.166001540274916,-1.02419415054278,0.91925415156463,-0.702842766617084,-0.359600750132276,-0.103330530851366,-0.285935458023539,NONE,-0.0895919598967582,Abnorml,-2.23744784062252,1,2,2,3,3,2,0,3,3,7,1,1,2,3,2,1,0,1,-0.250997476711292,0,200811
2112,50,RL,-1.72562055202678,-0.400488986376722,Pave,NONE,Lvl,Inside,Gtl,BrkSide,Norm,Norm,1Fam,1.5Fin,5,5,1935,Wd Sdng,Wd Sdng,None,-0.567015949674981,BrkTil,175,0,849,1024,GasA,0.268289832918241,SBrkr,0.600791975572236,0.468887083032523,0,0,0.781365814350925,-0.756321032880405,0.169927088600022,-0.207698474525451,-0.287758288825272,0.623631660646747,Detchd,0.177122307000239,-1.07987892486559,-0.740760408320604,-0.258818778616896,-0.359600750132276,-0.103330530851366,-0.285935458023539,NONE,-0.0895919598967582,Normal,-2.23744784062252,1,2,2,2,2,3,4,3,3,7,3,1,1,3,3,1,0,1,-0.250997476711292,0,200810
2113,50,RM,-0.232008726878616,-0.655382521627132,Pave,NONE,Lvl,Inside,Gtl,BrkSide,Feedr,Norm,1Fam,1.5Fin,5,7,1941,Wd Sdng,Wd Sdng,None,-0.567015949674981,CBlock,600,0,72,672,GasA,0.268289832918241,SBrkr,0.0968585139508267,-0.574664689601831,0,0,-1.02736282330994,-0.756321032880405,0.169927088600022,-0.207698474525451,-0.287758288825272,-0.924311211315714,Detchd,0.157104926894657,-1.07987892486559,-0.740760408320604,-0.702842766617084,-0.359600750132276,-0.103330530851366,-0.285935458023539,NONE,-0.0895919598967582,Normal,0.44693779307133,1,3,2,4,3,3,0,3,3,7,5,1,1,3,3,1,0,1,-0.250997476711292,0,200808
2114,70,RM,0.0368414016480533,-0.545055469056059,Pave,NONE,Lvl,Corner,Gtl,BrkSide,Feedr,Feedr,1Fam,2Story,6,9,1900,HdBoard,HdBoard,None,-0.567015949674981,BrkTil,0,0,554,554,GasA,0.268289832918241,SBrkr,0.507470964160864,-0.416550784657232,0,0,-1.02736282330994,1.23259887250509,0.169927088600022,-0.207698474525451,-0.287758288825272,-0.924311211315714,Detchd,0.123742626718687,-1.26549483927495,-0.440376821293752,0.954846788583617,-0.359600750132276,-0.103330530851366,-0.285935458023539,MnPrv,0.615496118341154,Normal,0.44693779307133,1,3,2,4,2,3,0,2,3,7,1,1,2,3,3,1,0,1,-0.250997476711292,0,200807
2115,50,RM,-0.232008726878616,-0.52856981752245,Pave,NONE,Lvl,Inside,Gtl,BrkSide,Norm,Norm,1Fam,1.5Fin,6,7,1940,Wd Sdng,Wd Sdng,None,-0.567015949674981,CBlock,521,0,460,981,GasA,0.268289832918241,SBrkr,0.750105593830431,0.338443111453228,0,0,-1.02736282330994,1.23259887250509,0.169927088600022,-0.207698474525451,-0.287758288825272,0.623631660646747,Detchd,0.154880773549592,-1.07987892486559,-0.740760408320604,-0.540033971017015,-0.359600750132276,-0.103330530851366,-0.285935458023539,GdPrv,-0.0895919598967582,Normal,0.44693779307133,1,2,2,4,3,3,4,3,3,7,5,1,2,3,3,1,0,1,-0.250997476711292,0,200810
2116,30,RM,-0.232008726878616,-0.52856981752245,Pave,NONE,HLS,Inside,Gtl,BrkSide,Norm,Norm,1Fam,1Story,5,7,1924,Wd Sdng,Wd Sdng,None,-0.567015949674981,BrkTil,0,0,949,949,GasA,0.268289832918241,SBrkr,-0.785025043886639,-1.09051130448359,0,0,-1.02736282330994,-0.756321032880405,-1.04580127322219,-0.207698474525451,-0.925062116656053,0.623631660646747,Detchd,0.119294320028558,-0.476627203035164,-0.740760408320604,-0.702842766617084,0.387675891753899,-0.103330530851366,-0.285935458023539,NONE,-0.0895919598967582,Normal,0.44693779307133,1,1,2,4,2,2,2,3,3,7,1,1,2,3,3,1,0,1,-0.250997476711292,0,200810
2117,50,RM,-0.232008726878616,-0.52856981752245,Pave,NONE,Lvl,Inside,Gtl,BrkSide,Norm,Norm,1Fam,1.5Fin,6,7,1937,Wd Sdng,Wd Sdng,None,-0.567015949674981,BrkTil,201,162,462,825,GasA,0.268289832918241,SBrkr,0.782767947824411,-0.00743105561308214,0,0,0.781365814350925,-0.756321032880405,0.169927088600022,-0.207698474525451,-0.925062116656053,-0.924311211315714,Detchd,0.297226587633731,0.924772950755511,1.40935368829265,-0.702842766617084,-0.359600750132276,-0.103330530851366,-0.285935458023539,GdPrv,-0.0895919598967582,Normal,0.44693779307133,1,3,2,4,2,3,0,3,3,7,3,2,2,3,3,1,0,1,-0.250997476711292,0,200808
2118,50,RM,-0.232008726878616,-0.52856981752245,Pave,NONE,Lvl,Inside,Gtl,BrkSide,Norm,Norm,1Fam,1.5Fin,6,5,1939,Wd Sdng,Wd Sdng,None,-0.567015949674981,CBlock,264,0,475,739,GasA,0.268289832918241,SBrkr,0.306830789626414,-0.313776746443243,0,0,0.781365814350925,-0.756321032880405,-1.04580127322219,4.45593111885755,0.349545539005509,0.623631660646747,Detchd,0.152656620204528,-1.07987892486559,-0.740760408320604,-0.702842766617084,-0.359600750132276,-0.103330530851366,-0.285935458023539,NONE,-0.0895919598967582,Normal,0.44693779307133,1,2,2,4,2,3,4,3,3,7,2,1,2,3,3,1,0,1,-0.250997476711292,0,200807
2119,45,RM,-0.232008726878616,-0.655382521627132,Pave,NONE,Bnk,Inside,Mod,BrkSide,Norm,Norm,1Fam,1.5Unf,6,7,1926,MetalSd,MetalSd,None,-0.567015949674981,BrkTil,0,0,992,992,GasA,0.268289832918241,SBrkr,-0.785025043886639,-0.964020180527907,0,0,-1.02736282330994,-0.756321032880405,0.169927088600022,-0.207698474525451,-0.287758288825272,-0.924311211315714,Detchd,0.123742626718687,-1.45111075368431,-0.740760408320604,-0.702842766617084,1.21279385050322,-0.103330530851366,-0.285935458023539,NONE,-0.0895919598967582,Normal,0.44693779307133,1,2,2,4,2,3,0,2,3,7,1,1,2,3,3,1,0,1,-0.250997476711292,0,200807
2120,50,RM,0.0667136381510165,-0.589439915492697,Pave,NONE,Lvl,FR2,Gtl,BrkSide,Feedr,Norm,1Fam,1.5Fin,5,7,1920,AsbShng,AsbShng,None,-0.567015949674981,BrkTil,68,0,497,565,GasA,0.268289832918241,SBrkr,0.733774416833441,-0.562806146730986,1,0,-1.02736282330994,-0.756321032880405,0.169927088600022,-0.207698474525451,-0.287758288825272,0.623631660646747,BuiltIn,0.110397706648299,-0.546233170938675,-0.740760408320604,-0.702842766617084,2.44268665694088,-0.103330530851366,-0.285935458023539,MnPrv,-0.0895919598967582,Normal,0.44693779307133,1,3,2,2,2,3,4,2,3,7,5,1,2,3,2,1,0,2,-0.250997476711292,0,200807
2121,20,RM,1.23173086176658,-0.536178579768731,Pave,NONE,Lvl,FR3,Gtl,BrkSide,Feedr,Norm,1Fam,1Story,4,7,1946,MetalSd,CBlock,None,-0.567015949674981,PConc,NONE,NONE,NONE,NONE,GasA,0.268289832918241,FuseA,-0.785025043886639,-1.19526176650938,NONE,NONE,-1.02736282330994,-0.756321032880405,-1.04580127322219,-0.207698474525451,-1.56236594448683,-0.924311211315714,Detchd,0.16822569361998,-0.894263010456227,-0.740760408320604,-0.702842766617084,-0.359600750132276,-0.103330530851366,-0.285935458023539,MnPrv,-0.0895919598967582,Abnorml,0.44693779307133,0,2,2,2,2,0,0,3,3,7,0,0,2,3,2,0,0,1,-4.91413779376274,0,200807
2122,50,RM,-0.172264253872689,-0.498134768537326,Pave,NONE,Lvl,Inside,Gtl,BrkSide,Norm,Norm,1Fam,1.5Fin,4,7,1929,MetalSd,MetalSd,None,-0.567015949674981,PConc,80,0,624,704,GasA,0.268289832918241,SBrkr,0.409483902178923,-0.720920051675585,0,1,-1.02736282330994,-0.756321032880405,-1.04580127322219,-0.207698474525451,-0.287758288825272,-0.924311211315714,Detchd,0.266088440802826,-0.634400730283121,-0.740760408320604,4.6994490873852,0.885860319678016,-0.103330530851366,-0.285935458023539,NONE,-0.0895919598967582,Normal,0.44693779307133,1,2,2,4,2,3,0,3,3,7,4,1,2,3,3,1,0,1,-0.250997476711292,0,200811
2123,30,RM,-1.72562055202678,-0.513352293029888,Pave,NONE,Lvl,Inside,Gtl,BrkSide,Norm,Norm,1Fam,1Story,5,6,1945,Plywood,Plywood,None,-0.567015949674981,CBlock,0,0,0,0,GasA,-3.72731232161413,SBrkr,-0.785025043886639,-1.36918706194844,0,0,-1.02736282330994,-0.756321032880405,-2.26152963504441,-0.207698474525451,-0.287758288825272,-0.924311211315714,Attchd,0.121518473373622,-1.43254916224337,-0.740760408320604,0.00759561418321662,-0.359600750132276,-0.103330530851366,-0.285935458023539,NONE,-0.0895919598967582,Normal,-2.23744784062252,0,3,2,3,2,0,0,3,3,5,0,0,1,3,3,0,0,1,-4.91413779376274,0,200809
2124,50,RM,-0.172264253872689,-0.498134768537326,Pave,NONE,Lvl,Inside,Gtl,BrkSide,Norm,Norm,1Fam,1.5Fin,7,5,1939,Wd Sdng,Wd Sdng,None,-0.567015949674981,BrkTil,300,240,449,989,GasA,0.268289832918241,SBrkr,0.997406274070567,1.00449793603235,0,0,0.781365814350925,-0.756321032880405,1.38565545042224,-0.207698474525451,0.349545539005509,0.623631660646747,Detchd,0.152656620204528,-0.337415267228144,-0.740760408320604,-0.406826774616959,-0.359600750132276,-0.103330530851366,-0.285935458023539,MnPrv,-0.0895919598967582,Normal,0.44693779307133,1,2,2,2,2,3,4,3,3,5,3,2,2,3,3,2,0,1,-0.250997476711292,0,200801
2125,70,RM,-0.202136490375653,-0.513352293029888,Pave,NONE,Lvl,Inside,Gtl,OldTown,Artery,Norm,1Fam,2Story,5,5,1923,Wd Sdng,Wd Sdng,None,-0.567015949674981,BrkTil,203,0,897,1100,GasA,0.268289832918241,SBrkr,0.792100048965549,0.793020588168951,0,0,0.781365814350925,-0.756321032880405,1.38565545042224,-0.207698474525451,0.349545539005509,-0.924311211315714,Detchd,0.199363840450886,0.479294756173045,-0.740760408320604,1.35446837778379,0.4966537353623,-0.103330530851366,-0.285935458023539,NONE,-0.0895919598967582,Normal,0.44693779307133,1,2,2,2,2,3,0,3,3,7,2,1,2,3,3,1,0,1,-0.250997476711292,0,200802
2126,50,RL,0.0667136381510165,-0.129870675817331,Pave,Pave,Lvl,Inside,Gtl,BrkSide,Norm,Norm,1Fam,1.5Fin,6,4,1915,VinylSd,VinylSd,None,-0.567015949674981,BrkTil,0,0,810,810,GasA,0.268289832918241,SBrkr,0.488806761878589,0.425405759172758,0,0,0.781365814350925,-0.756321032880405,1.38565545042224,-0.207698474525451,0.98684936683629,-0.924311211315714,Detchd,0.221605373901533,0.924772950755511,-0.740760408320604,2.18331315538414,-0.359600750132276,-0.103330530851366,-0.285935458023539,NONE,-0.0895919598967582,Normal,0.44693779307133,1,3,2,4,3,3,0,3,3,7,1,1,2,3,3,1,0,1,-0.250997476711292,0,200806
2127,60,RM,-0.0229030713578732,-0.263024015127247,Pave,Grvl,Lvl,Inside,Gtl,OldTown,Norm,Norm,2fmCon,2.5Unf,6,8,1910,Wd Sdng,Wd Sdng,None,-0.567015949674981,PConc,196,0,1046,1242,GasA,0.268289832918241,SBrkr,0.946079717794312,0.955087340737165,0,0,0.781365814350925,-0.756321032880405,2.60138381224446,-0.207698474525451,0.98684936683629,-0.924311211315714,Detchd,-4.15997671587587,-0.523031181637505,-0.234851209117485,-0.702842766617084,2.44268665694088,-0.103330530851366,-0.285935458023539,MnPrv,1.67312823569802,Normal,0.44693779307133,1,2,2,3,2,3,0,0,0,7,3,1,2,3,3,2,0,0,-0.250997476711292,0,200812
2128,50,RM,0.156330347659906,-0.738191217407489,Pave,NONE,Lvl,Inside,Gtl,OldTown,Norm,Norm,1Fam,1.5Fin,6,8,1910,MetalSd,MetalSd,None,-0.567015949674981,BrkTil,0,0,796,796,GasA,0.268289832918241,SBrkr,1.04406677977625,0.213928411309357,0,0,-1.02736282330994,-0.756321032880405,0.169927088600022,-0.207698474525451,0.349545539005509,-0.924311211315714,Detchd,0.0881561731976523,-1.1355636991884,-0.740760408320604,1.99090276058406,-0.359600750132276,-0.103330530851366,-0.285935458023539,NONE,-0.0895919598967582,Normal,0.44693779307133,1,2,3,4,2,4,0,2,2,7,1,1,0,3,3,1,0,1,0.297607266471232,0,200809
2129,30,RM,-1.72562055202678,-0.491667320627988,Grvl,NONE,Lvl,Inside,Gtl,IDOTRR,RRNe,Norm,1Fam,1Story,6,6,1930,Stucco,Wd Shng,None,-0.567015949674981,BrkTil,0,0,768,768,GasA,0.268289832918241,SBrkr,-0.785025043886639,-1.44824401442074,0,0,-1.02736282330994,-0.756321032880405,-2.26152963504441,-0.207698474525451,-1.56236594448683,-0.924311211315714,Detchd,0.132639240098946,-0.151799352818783,-0.740760408320604,-0.702842766617084,0.948133373168531,-0.103330530851366,-0.285935458023539,NONE,-0.0895919598967582,Normal,-2.23744784062252,1,3,3,2,2,3,0,3,3,7,1,1,0,3,2,1,0,1,-0.250997476711292,0,200810
2130,70,RM,0.0667136381510165,0.0124131781881215,Pave,NONE,Lvl,Inside,Gtl,IDOTRR,Norm,Norm,1Fam,2Story,6,6,1952,MetalSd,MetalSd,None,-0.567015949674981,CBlock,372,0,396,768,GasA,0.268289832918241,FuseA,1.0067383752117,0.0696494730474099,0,0,-1.02736282330994,1.23259887250509,1.38565545042224,-0.207698474525451,0.349545539005509,-0.924311211315714,Detchd,0.181570613690368,-0.764331870369674,-0.740760408320604,2.49412994698427,0.885860319678016,-0.103330530851366,-0.285935458023539,NONE,-0.0895919598967582,Abnorml,0.44693779307133,1,2,2,2,2,3,0,3,3,7,3,1,2,3,3,1,0,1,-0.250997476711292,0,200808
2131,50,RM,0.0667136381510165,-0.417481888726749,Pave,NONE,Bnk,Inside,Gtl,IDOTRR,Norm,Norm,1Fam,1.5Fin,6,6,1938,Wd Sdng,Wd Sdng,None,-0.567015949674981,BrkTil,0,0,1272,1272,GasA,0.268289832918241,SBrkr,-0.785025043886639,0.925440983560052,0,0,0.781365814350925,-0.756321032880405,1.38565545042224,-0.207698474525451,1.62415319466707,0.623631660646747,Detchd,0.150432466859463,-0.337415267228144,-0.740760408320604,-0.199615580216871,-0.359600750132276,-0.103330530851366,-0.285935458023539,NONE,-0.0895919598967582,Normal,0.44693779307133,1,2,2,2,2,3,4,3,3,6,1,1,2,3,3,1,0,1,-0.250997476711292,0,200803
2132,50,RM,-1.72562055202678,0.0192610642097743,Pave,Grvl,Lvl,Inside,Gtl,IDOTRR,Norm,Norm,1Fam,1.5Fin,5,6,1915,HdBoard,HdBoard,None,-0.567015949674981,BrkTil,0,0,880,880,GasA,0.268289832918241,SBrkr,0.213509778215042,-0.380975156044697,0,0,0.781365814350925,-0.756321032880405,-1.04580127322219,-0.207698474525451,-0.287758288825272,-0.924311211315714,Detchd,0.177122307000239,-0.337415267228144,-0.740760408320604,-0.702842766617084,1.46188606446528,-0.103330530851366,-0.285935458023539,NONE,-0.0895919598967582,Normal,-2.23744784062252,1,1,2,3,2,2,0,2,2,7,1,1,2,3,3,1,0,1,-0.250997476711292,0,200807
2133,30,RM,0.0667136381510165,-0.376394572596832,Pave,NONE,Lvl,Corner,Gtl,IDOTRR,Norm,Norm,1Fam,1Story,6,7,1925,VinylSd,VinylSd,None,-0.567015949674981,CBlock,0,0,1040,1040,GasA,0.268289832918241,SBrkr,-0.785025043886639,-0.910656737609104,0,0,-1.02736282330994,-0.756321032880405,-1.04580127322219,-0.207698474525451,-0.925062116656053,-0.924311211315714,Detchd,0.27276090083802,-0.708647096046866,-0.740760408320604,1.25086278058374,-0.359600750132276,-0.103330530851366,-0.285935458023539,NONE,-0.0895919598967582,Normal,0.44693779307133,1,2,2,3,2,3,0,3,3,7,1,1,2,3,3,1,0,1,-0.250997476711292,0,200810
2134,50,RM,0.126458111156943,-0.40099623719314,Pave,NONE,Lvl,Inside,Gtl,IDOTRR,Norm,Norm,1Fam,1.5Fin,6,6,1925,Stucco,Stucco,None,-0.567015949674981,PConc,121,0,647,768,GasA,0.268289832918241,SBrkr,0.260170283920728,-0.523277670494837,1,0,0.781365814350925,-0.756321032880405,0.169927088600022,-0.207698474525451,-0.287758288825272,0.623631660646747,Detchd,0.254967674077503,-0.411661632991888,-0.740760408320604,-0.702842766617084,-0.359600750132276,-0.103330530851366,-0.285935458023539,MnPrv,-0.0895919598967582,Family,0.44693779307133,1,2,2,2,2,3,4,3,3,7,3,1,2,3,3,1,0,1,-0.250997476711292,0,200811
2135,30,RM,0.0667136381510165,0.0192610642097743,Pave,NONE,Lvl,Inside,Gtl,IDOTRR,RRNe,Norm,1Fam,1Story,5,8,1912,Wd Sdng,Wd Sdng,None,-0.567015949674981,BrkTil,0,0,451,451,GasA,0.268289832918241,SBrkr,-0.785025043886639,-1.46603182872701,0,0,-1.02736282330994,-0.756321032880405,-2.26152963504441,-0.207698474525451,-0.925062116656053,-0.924311211315714,Detchd,0.281657514218279,0.479294756173045,-0.424567158818655,-0.702842766617084,-0.359600750132276,-0.103330530851366,-0.285935458023539,NONE,-0.0895919598967582,Family,0.44693779307133,1,2,2,2,2,3,0,3,3,7,1,1,0,3,3,1,0,1,-0.799602219893816,0,200811
2136,190,RM,0.0667136381510165,0.0192610642097743,Pave,Grvl,Lvl,Inside,Gtl,IDOTRR,Norm,Norm,2fmCon,2Story,3,3,1915,AsphShn,AsphShn,None,-0.567015949674981,PConc,0,0,536,536,GasA,-3.72731232161413,FuseF,0.465476509025746,-0.309823898819628,0,0,0.781365814350925,-0.756321032880405,0.169927088600022,4.45593111885755,0.98684936683629,-0.924311211315714,NONE,-4.15997671587587,-2.19357441132175,-0.408757496343557,-0.702842766617084,2.81632497788397,-0.103330530851366,-0.285935458023539,NONE,-0.0895919598967582,Normal,0.44693779307133,1,1,1,4,2,2,0,0,0,7,1,1,0,3,3,1,0,0,-0.250997476711292,0,200808
2137,20,RL,0.723902841216208,-0.0862471056053207,Pave,NONE,Lvl,Inside,Gtl,Sawyer,Feedr,Norm,1Fam,1Story,5,6,1947,VinylSd,VinylSd,None,-0.567015949674981,CBlock,0,0,1046,1046,GasA,-3.72731232161413,SBrkr,-0.785025043886639,-0.882986804243799,0,0,-1.02736282330994,-0.756321032880405,0.169927088600022,-0.207698474525451,-0.287758288825272,-0.924311211315714,Detchd,0.170449846965045,-1.07987892486559,-0.740760408320604,0.185205209383292,1.53972738132842,-0.103330530851366,-0.285935458023539,NONE,-0.0895919598967582,Abnorml,0.44693779307133,1,2,3,3,2,3,0,3,3,7,1,1,2,3,3,1,0,1,-0.250997476711292,0,200812
2138,85,RL,-1.72562055202678,0.135294688465558,Pave,NONE,Lvl,Corner,Gtl,Sawyer,Feedr,Norm,1Fam,SFoyer,5,6,1963,HdBoard,Wd Sdng,None,-0.567015949674981,CBlock,784,0,197,981,GasA,0.268289832918241,SBrkr,-0.785025043886639,-0.841481904195842,1,0,-1.02736282330994,-0.756321032880405,0.169927088600022,-0.207698474525451,-0.287758288825272,-0.924311211315714,Detchd,0.279433360873214,-0.151799352818783,-0.234851209117485,-0.702842766617084,-0.359600750132276,-0.103330530851366,0.853366647639674,MnPrv,-0.0895919598967582,Abnorml,-2.23744784062252,1,2,2,2,3,3,0,3,3,7,5,1,2,3,3,3,0,1,0.297607266471232,0,200808
2139,80,RL,0.664158368210282,0.360894489067786,Pave,NONE,Lvl,Inside,Gtl,Sawyer,Norm,Norm,1Fam,SLvl,6,5,1978,HdBoard,Plywood,BrkFace,-0.348924344887585,CBlock,528,0,480,1008,GasA,0.268289832918241,SBrkr,-0.785025043886639,-0.799977004147885,1,0,-1.02736282330994,-0.756321032880405,0.169927088600022,-0.207698474525451,-0.287758288825272,0.623631660646747,Attchd,0.23939860066205,0.0523781530315144,0.587251239587583,-0.702842766617084,-0.359600750132276,-0.103330530851366,-0.285935458023539,NONE,-0.0895919598967582,Normal,0.44693779307133,1,2,2,2,2,3,2,3,3,7,5,1,2,3,3,3,0,1,-0.250997476711292,0,200804
2140,20,RL,0.305691530174723,0.0122863654840168,Pave,NONE,Lvl,Inside,Gtl,Sawyer,Norm,Norm,1Fam,1Story,5,7,1967,HdBoard,HdBoard,None,-0.567015949674981,CBlock,758,0,234,992,GasA,0.268289832918241,SBrkr,-0.785025043886639,-1.00552508057586,1,0,-1.02736282330994,-0.756321032880405,0.169927088600022,-0.207698474525451,-0.287758288825272,-0.924311211315714,Attchd,0.214932913866338,-0.82929744041295,0.871825164139338,-0.702842766617084,-0.359600750132276,-0.103330530851366,-0.285935458023539,MnPrv,0.96804015746011,Normal,0.44693779307133,1,1,2,4,3,3,0,3,3,7,5,1,2,3,2,1,0,2,-0.250997476711292,0,200810
2141,85,RL,-1.72562055202678,-0.312607782432177,Pave,NONE,Lvl,CulDSac,Gtl,Sawyer,Norm,Norm,1Fam,SFoyer,6,8,1978,HdBoard,HdBoard,BrkCmn,-0.343332252457139,CBlock,450,0,0,450,GasA,0.268289832918241,SBrkr,-0.785025043886639,-0.922515280479949,0,1,-1.02736282330994,-0.756321032880405,0.169927088600022,-0.207698474525451,-0.287758288825272,0.623631660646747,Basment,0.23939860066205,0.145186110236195,1.71764210655705,-0.702842766617084,-0.359600750132276,-0.103330530851366,-0.285935458023539,GdWo,-0.0895919598967582,Normal,-2.23744784062252,1,2,2,4,2,3,1,3,3,7,5,1,2,3,2,4,0,3,0.297607266471232,0,200808
2142,20,RL,-1.72562055202678,-0.0237284424817127,Pave,NONE,Lvl,Corner,Gtl,Sawyer,Norm,Norm,1Fam,1Story,5,5,1967,MetalSd,MetalSd,BrkFace,1.33429547667668,CBlock,221,0,852,1073,GasA,0.268289832918241,SBrkr,-0.785025043886639,-0.845434751819457,0,0,-1.02736282330994,-0.756321032880405,0.169927088600022,-0.207698474525451,-0.287758288825272,-0.924311211315714,Attchd,0.214932913866338,-0.940666989058567,-0.740760408320604,0.62922919738348,-0.359600750132276,-0.103330530851366,-0.285935458023539,MnPrv,-0.0895919598967582,Normal,-2.23744784062252,1,2,2,3,2,3,0,3,3,7,4,1,2,3,2,2,0,2,-0.250997476711292,0,200806
2143,85,RL,-1.72562055202678,-0.351032031775896,Pave,NONE,Lvl,CulDSac,Gtl,Sawyer,Norm,Norm,1Fam,SFoyer,5,5,1984,VinylSd,VinylSd,None,-0.567015949674981,PConc,104,956,0,1060,GasA,0.268289832918241,SBrkr,-0.785025043886639,-0.74068428979366,1,0,-1.02736282330994,-0.756321032880405,-1.04580127322219,-0.207698474525451,-0.925062116656053,-0.924311211315714,Attchd,0.252743520732438,0.154466905956663,0.666299551963071,-0.702842766617084,-0.359600750132276,-0.103330530851366,-0.285935458023539,NONE,-0.0895919598967582,Normal,-2.23744784062252,1,2,2,2,2,3,0,3,3,7,2,5,2,3,2,3,0,1,0.297607266471232,0,200806
2144,190,RL,0.0667136381510165,0.346437840799853,Pave,NONE,Lvl,Inside,Gtl,Sawyer,Feedr,Norm,2fmCon,1Story,5,4,1920,BrkFace,Stucco,None,-0.567015949674981,PConc,1300,0,0,1300,GasA,0.268289832918241,SBrkr,-0.785025043886639,-0.713014356428355,1,0,-1.02736282330994,-0.756321032880405,0.169927088600022,-0.207698474525451,-0.287758288825272,-0.924311211315714,CarPort,0.110397706648299,-0.337415267228144,-0.740760408320604,-0.702842766617084,2.59836929066717,-0.103330530851366,-0.285935458023539,NONE,-0.0895919598967582,Alloca,0.44693779307133,1,2,2,1,2,2,0,3,3,7,4,1,2,3,3,1,0,1,-0.250997476711292,0,200801
2145,20,RL,1.08236967925177,-0.117823468927386,Pave,NONE,Lvl,Inside,Gtl,Sawyer,Feedr,Norm,1Fam,1Story,5,8,1963,VinylSd,VinylSd,None,-0.567015949674981,CBlock,634,0,326,960,GasA,0.268289832918241,SBrkr,-0.785025043886639,-1.0687706425537,1,0,-1.02736282330994,-0.756321032880405,0.169927088600022,-0.207698474525451,-0.287758288825272,-0.924311211315714,Attchd,0.20603630048608,-0.801455053251546,0.587251239587583,-0.702842766617084,-0.359600750132276,-0.103330530851366,-0.285935458023539,NONE,-0.0895919598967582,Normal,0.44693779307133,1,3,2,4,3,3,0,3,3,7,6,1,2,3,3,1,0,3,-0.250997476711292,0,200808
2146,20,RL,0.903136260233988,0.508124038533322,Pave,NONE,Lvl,Inside,Gtl,Sawyer,PosA,Norm,1Fam,1Story,6,8,1956,HdBoard,HdBoard,None,-0.567015949674981,CBlock,776,0,212,988,GasA,0.268289832918241,FuseA,-0.785025043886639,-0.618146013461596,1,0,-1.02736282330994,-0.756321032880405,-2.26152963504441,-0.207698474525451,-1.56236594448683,0.623631660646747,Attchd,0.190467227070627,0.688112659883576,0.0655323779093668,0.614428397783473,3.23666808894494,-0.103330530851366,-0.285935458023539,NONE,-0.0895919598967582,Normal,0.44693779307133,1,2,2,2,2,4,3,3,3,7,6,1,2,3,3,4,0,1,-0.250997476711292,0,200809
2147,190,RL,-1.72562055202678,0.0461453574799668,Pave,NONE,Lvl,Corner,Gtl,ClearCr,Norm,Norm,1Fam,1Story,5,3,1960,Plywood,Plywood,Stone,0.970809468697682,CBlock,988,0,0,988,GasA,0.268289832918241,SBrkr,-0.785025043886639,0.435287878231795,1,0,0.781365814350925,-0.756321032880405,0.169927088600022,-0.207698474525451,0.349545539005509,2.17157453260921,Basment,0.199363840450886,0.711314649184746,-0.345518846443167,0.540424399783442,-0.359600750132276,-0.103330530851366,-0.285935458023539,NONE,-0.0895919598967582,Abnorml,-2.23744784062252,1,2,2,3,2,3,3,3,3,4,3,1,2,3,3,2,0,1,-0.250997476711292,0,200804
2148,50,RL,0.156330347659906,-0.227389645273831,Pave,NONE,Lvl,Corner,Gtl,Sawyer,Norm,Norm,1Fam,1.5Fin,5,7,1941,Wd Sdng,Wd Sdng,None,-0.567015949674981,BrkTil,336,0,240,576,GasA,0.268289832918241,SBrkr,0.348825244761531,-0.297965355948783,1,0,-1.02736282330994,1.23259887250509,-1.04580127322219,-0.207698474525451,-0.287758288825272,-0.924311211315714,2Types,0.228277833936727,0.71595504704498,-0.740760408320604,-0.702842766617084,-0.359600750132276,-0.103330530851366,-0.285935458023539,MnPrv,-0.0895919598967582,Normal,0.44693779307133,1,2,2,3,3,3,0,3,3,6,5,1,0,3,3,1,0,1,-0.250997476711292,0,200809
2149,80,RL,-1.72562055202678,0.00404353971721251,Pave,NONE,Lvl,Inside,Gtl,Sawyer,Norm,Norm,1Fam,SLvl,5,8,1970,HdBoard,HdBoard,None,-0.567015949674981,PConc,704,0,160,864,GasA,0.268289832918241,SBrkr,-0.785025043886639,-1.17945037601492,0,0,-1.02736282330994,-0.756321032880405,0.169927088600022,-0.207698474525451,-0.925062116656053,-0.924311211315714,2Types,0.241622754007115,2.03846843721168,0.389630458648865,-0.702842766617084,-0.359600750132276,-0.103330530851366,-0.285935458023539,MnPrv,-0.0895919598967582,Normal,-2.23744784062252,1,3,2,4,3,3,0,3,3,7,5,1,2,3,3,3,0,1,0.297607266471232,0,200809
2150,20,RL,0.723902841216208,1.28104747005136,Pave,NONE,Lvl,CulDSac,Gtl,ClearCr,Norm,Norm,1Fam,1Story,7,6,1979,Plywood,Plywood,None,-0.567015949674981,CBlock,599,0,925,1524,GasA,0.268289832918241,SBrkr,-0.785025043886639,0.04593238730572,1,0,0.781365814350925,-0.756321032880405,0.169927088600022,-0.207698474525451,0.349545539005509,2.17157453260921,Attchd,0.241622754007115,0.0245357658701102,0.365915964936219,-0.702842766617084,-0.359600750132276,-0.103330530851366,-0.285935458023539,NONE,-0.0895919598967582,Normal,0.44693779307133,1,2,2,2,2,3,4,3,3,7,6,1,2,3,2,4,0,3,0.297607266471232,0,200807
2151,50,RL,-0.232008726878616,-0.631288107847242,Pave,NONE,Lvl,Inside,Gtl,Edwards,Norm,Norm,1Fam,1.5Fin,7,5,1948,BrkFace,Plywood,None,-0.567015949674981,CBlock,0,0,570,570,GasA,0.268289832918241,SBrkr,0.292832637914708,-0.833576208948612,0,0,-1.02736282330994,-0.756321032880405,-1.04580127322219,-0.207698474525451,-0.925062116656053,0.623631660646747,Attchd,0.17267400031011,-1.03811534412348,0.326391808748475,-0.702842766617084,-0.359600750132276,-0.103330530851366,-0.285935458023539,NONE,-0.0895919598967582,Normal,0.44693779307133,1,2,2,2,2,3,4,3,3,7,1,1,2,3,3,1,0,1,-0.250997476711292,0,200801
2152,30,RL,0.813519550725098,1.18974232309598,Pave,NONE,Lvl,Inside,Gtl,Edwards,Norm,Norm,1Fam,1Story,5,7,1940,NONE,NONE,None,-0.567015949674981,PConc,1035,0,545,1580,GasA,0.268289832918241,SBrkr,-0.785025043886639,0.0340738444348751,1,0,-1.02736282330994,-0.756321032880405,-1.04580127322219,-0.207698474525451,-0.925062116656053,2.17157453260921,NONE,-4.15997671587587,-2.19357441132175,-0.740760408320604,-0.12561158221684,-0.359600750132276,-0.103330530851366,-0.285935458023539,NONE,-0.0895919598967582,Normal,0.44693779307133,1,2,2,4,1,3,4,0,0,7,5,1,2,3,3,4,0,0,-0.250997476711292,0,200801
2153,20,RL,0.305691530174723,-0.0757216511646322,Pave,NONE,Lvl,Inside,Gtl,Edwards,Norm,Norm,1Fam,1Story,5,6,1956,Wd Sdng,Wd Sdng,None,-0.567015949674981,CBlock,870,0,639,1509,GasA,0.268289832918241,FuseA,-0.785025043886639,0.0162860301286077,1,0,-1.02736282330994,-0.756321032880405,0.169927088600022,-0.207698474525451,-0.287758288825272,0.623631660646747,Attchd,0.190467227070627,-0.699366300326398,0.508202927212096,-0.702842766617084,-0.359600750132276,-0.103330530851366,9.96778349294538,MnPrv,-0.0895919598967582,Normal,0.44693779307133,1,2,2,2,3,3,3,3,3,7,3,1,2,3,3,3,0,1,-0.250997476711292,0,200810
2154,90,RL,-0.232008726878616,-0.103747258771767,Pave,NONE,Lvl,Inside,Gtl,Edwards,Norm,Norm,Duplex,SFoyer,5,5,1975,HdBoard,HdBoard,None,-0.567015949674981,PConc,864,0,0,864,GasA,-3.72731232161413,SBrkr,-0.785025043886639,-1.25850732848722,1,0,-1.02736282330994,-0.756321032880405,-1.04580127322219,-0.207698474525451,-1.56236594448683,-0.924311211315714,NONE,-4.15997671587587,-2.19357441132175,-0.740760408320604,-0.702842766617084,-0.359600750132276,-0.103330530851366,-0.285935458023539,NONE,-0.0895919598967582,Normal,0.44693779307133,1,2,2,1,2,3,0,0,0,7,6,1,2,3,3,3,0,0,0.297607266471232,0,200807
2155,60,RL,-0.232008726878616,-0.10247913173072,Pave,NONE,Lvl,Corner,Gtl,Edwards,Norm,Norm,1Fam,2Story,6,8,1962,VinylSd,VinylSd,BrkCmn,0.640876015301365,CBlock,324,0,297,621,GasA,0.268289832918241,SBrkr,0.726775340977588,-0.458055684705189,0,0,-1.02736282330994,1.23259887250509,0.169927088600022,-0.207698474525451,0.349545539005509,-0.924311211315714,Detchd,0.203812147141015,-0.894263010456227,-0.740760408320604,2.79014593898439,-0.359600750132276,-0.103330530851366,-0.285935458023539,GdWo,-0.0895919598967582,Normal,0.44693779307133,1,2,3,2,2,3,0,3,3,7,3,1,2,3,3,1,0,1,-0.250997476711292,0,200803
2156,60,RL,-1.72562055202678,-0.0503591103436959,Pave,NONE,Lvl,Corner,Gtl,SawyerW,Norm,Norm,1Fam,2Story,6,5,1995,HdBoard,HdBoard,BrkFace,0.495481612109768,PConc,779,0,298,1077,GasA,0.268289832918241,SBrkr,3.23011147208764,2.59551910453738,0,1,0.781365814350925,1.23259887250509,1.38565545042224,-0.207698474525451,1.62415319466707,0.623631660646747,BuiltIn,0.277209207528149,0.655629874861938,-0.361328508918265,-0.229217179416884,-0.359600750132276,-0.103330530851366,3.55920914858981,GdPrv,-0.0895919598967582,Normal,-2.23744784062252,1,2,3,4,3,3,3,3,3,7,2,1,2,3,0,1,0,3,0.297607266471232,0,200809
2157,20,RL,0.664158368210282,-0.0291813887582141,Pave,NONE,Lvl,Inside,Gtl,SawyerW,Norm,Norm,1Fam,1Story,7,5,1994,HdBoard,HdBoard,BrkFace,0.836599250366977,PConc,1271,0,331,1602,GasA,0.268289832918241,SBrkr,-0.785025043886639,0.247527616110084,1,0,0.781365814350925,1.23259887250509,0.169927088600022,-0.207698474525451,0.349545539005509,0.623631660646747,Attchd,0.274985054183085,0.284398046043216,2.61088803640006,-0.110810782616833,-0.359600750132276,-0.103330530851366,-0.285935458023539,NONE,-0.0895919598967582,Normal,0.44693779307133,1,2,3,4,3,3,3,3,3,7,6,1,2,3,3,1,0,2,0.297607266471232,0,200807
2158,60,RL,-1.72562055202678,0.507616787716903,Pave,NONE,Lvl,CulDSac,Gtl,SawyerW,Norm,Norm,1Fam,2Story,7,5,1993,VinylSd,VinylSd,None,-0.567015949674981,PConc,355,0,457,812,GasA,0.268289832918241,SBrkr,1.77896974464081,1.38199488408758,0,0,0.781365814350925,1.23259887250509,1.38565545042224,-0.207698474525451,1.62415319466707,0.623631660646747,Attchd,0.27276090083802,-0.0914741806357404,0.587251239587583,0.74763559418353,-0.359600750132276,-0.103330530851366,-0.285935458023539,NONE,-0.0895919598967582,Normal,-2.23744784062252,1,2,3,4,3,3,3,3,3,7,6,1,2,3,1,1,0,2,0.297607266471232,0,200804
2159,80,RL,0.813519550725098,0.0472866718169089,Pave,NONE,Lvl,Corner,Gtl,SawyerW,Norm,Norm,1Fam,SLvl,7,5,1996,VinylSd,VinylSd,None,-0.567015949674981,PConc,0,0,672,672,GasA,0.268289832918241,SBrkr,0.929748540797322,1.05983780276296,0,0,0.781365814350925,1.23259887250509,0.169927088600022,-0.207698474525451,0.98684936683629,0.623631660646747,Attchd,0.279433360873214,-0.00330662129129393,0.0497227154342694,-0.214416379816877,-0.359600750132276,-0.103330530851366,-0.285935458023539,NONE,-0.0895919598967582,Normal,0.44693779307133,1,2,3,4,3,3,3,3,3,7,1,1,2,3,2,3,0,3,0.297607266471232,0,200805
2160,60,RL,0.216074820665833,0.05679762462476,Pave,NONE,Lvl,Inside,Gtl,CollgCr,Norm,Norm,1Fam,2Story,7,5,2007,VinylSd,VinylSd,None,-0.567015949674981,PConc,0,0,628,628,GasA,0.268289832918241,SBrkr,0.913417363800332,-0.286106813077938,0,0,0.781365814350925,1.23259887250509,0.169927088600022,-0.207698474525451,-0.287758288825272,0.623631660646747,BuiltIn,0.303899047668925,0.0523781530315144,0.0497227154342694,-0.347623576216934,-0.359600750132276,-0.103330530851366,-0.285935458023539,NONE,-0.0895919598967582,Partial,0.44693779307133,1,2,3,4,3,3,4,3,3,7,1,1,2,3,2,1,0,3,0.297607266471232,0,200806
2161,20,RL,0.216074820665833,-0.10438132229229,Pave,NONE,Lvl,Inside,Gtl,CollgCr,Norm,Norm,1Fam,1Story,8,5,2007,VinylSd,VinylSd,Stone,0.305350469474603,PConc,0,0,1615,1615,GasA,0.268289832918241,SBrkr,-0.785025043886639,0.225786954180201,0,0,0.781365814350925,-0.756321032880405,0.169927088600022,-0.207698474525451,0.349545539005509,0.623631660646747,Attchd,0.303899047668925,1.81572933992044,0.587251239587583,-0.258818778616896,-0.359600750132276,-0.103330530851366,-0.285935458023539,NONE,-0.0895919598967582,Normal,0.44693779307133,1,2,3,4,3,3,4,3,3,7,1,1,2,3,2,3,0,2,0.297607266471232,0,200808
2162,20,RL,0.992752969742877,0.2041539867944,Pave,NONE,Lvl,Inside,Gtl,CollgCr,Norm,Norm,1Fam,1Story,9,5,2008,VinylSd,VinylSd,Stone,2.53100325679213,PConc,2085,0,186,2271,GasA,0.268289832918241,SBrkr,-0.785025043886639,1.53220309378495,1,0,0.781365814350925,-0.756321032880405,0.169927088600022,-0.207698474525451,0.349545539005509,2.17157453260921,Attchd,0.30612320101399,4.06168190427371,-0.740760408320604,-0.702842766617084,0.730177685951729,-0.103330530851366,4.25347136922833,NONE,-0.0895919598967582,Abnorml,0.44693779307133,1,2,3,4,4,3,4,4,3,7,6,1,2,3,3,4,0,2,0.297607266471232,0,200809
2163,20,RL,0.992752969742877,0.2041539867944,Pave,NONE,Lvl,Inside,Gtl,CollgCr,PosN,Norm,1Fam,1Story,9,5,2008,VinylSd,VinylSd,Stone,1.68100520736433,PConc,1153,0,598,1751,GasA,0.268289832918241,SBrkr,-0.785025043886639,0.524226949763132,1,0,0.781365814350925,1.23259887250509,0.169927088600022,-0.207698474525451,0.98684936683629,2.17157453260921,Attchd,0.30612320101399,1.86213331852278,0.966683138989922,-0.170013981016859,-0.359600750132276,-0.103330530851366,-0.285935458023539,NONE,-0.0895919598967582,Partial,0.44693779307133,1,2,4,4,4,3,4,3,3,7,6,1,2,3,3,3,0,3,1.66911912442754,0,200804
2164,80,RL,-1.72562055202678,0.163066670664483,Pave,NONE,Lvl,Corner,Gtl,SawyerW,Norm,Norm,1Fam,SLvl,8,5,1995,VinylSd,VinylSd,BrkFace,1.12179596431973,PConc,770,0,631,1401,GasA,0.268289832918241,SBrkr,-0.785025043886639,0.0202388777522227,1,0,0.781365814350925,-0.756321032880405,0.169927088600022,-0.207698474525451,-0.287758288825272,0.623631660646747,Attchd,0.277209207528149,1.56978825332804,0.587251239587583,-0.0812091834168209,-0.359600750132276,-0.103330530851366,-0.285935458023539,NONE,-0.0895919598967582,Normal,-2.23744784062252,1,2,3,4,3,3,2,3,3,7,6,1,2,3,1,4,0,3,0.297607266471232,0,200805
2165,20,RL,-1.72562055202678,0.168900055053299,Pave,NONE,Bnk,CulDSac,Gtl,ClearCr,Norm,Norm,1Fam,1Story,6,6,1966,Plywood,Plywood,None,-0.567015949674981,CBlock,262,723,197,1182,GasA,0.268289832918241,SBrkr,-0.785025043886639,0.281126820910811,1,0,0.781365814350925,-0.756321032880405,-1.04580127322219,-0.207698474525451,-0.287758288825272,0.623631660646747,Attchd,0.212708760521274,-0.161080148539251,1.93897738120842,-0.702842766617084,-0.359600750132276,-0.103330530851366,-0.285935458023539,NONE,-0.0895919598967582,Normal,-2.23744784062252,1,2,2,4,2,4,4,3,3,7,2,5,2,3,2,4,0,1,0.297607266471232,0,200806
2166,20,RL,0.216074820665833,-0.0530221771298942,Pave,NONE,Low,Inside,Mod,CollgCr,Norm,Norm,1Fam,1Story,5,7,1994,VinylSd,VinylSd,None,-0.567015949674981,PConc,722,0,268,990,GasA,0.268289832918241,SBrkr,-0.785025043886639,-1.00947792819948,1,0,-1.02736282330994,-0.756321032880405,0.169927088600022,-0.207698474525451,-0.925062116656053,-0.924311211315714,Detchd,0.281657514218279,0.256555658881811,0.587251239587583,-0.702842766617084,-0.359600750132276,-0.103330530851366,-0.285935458023539,NONE,-0.0895919598967582,Normal,0.44693779307133,1,2,2,4,2,3,0,3,3,7,6,1,2,3,3,1,0,1,0.297607266471232,0,200811
2167,20,RL,-1.72562055202678,-0.186682767256229,Pave,NONE,Lvl,Inside,Gtl,CollgCr,Norm,Norm,1Fam,1Story,7,5,1997,VinylSd,VinylSd,BrkFace,0.271797914891926,PConc,1308,0,110,1418,GasA,0.268289832918241,SBrkr,-0.785025043886639,-0.163568536745874,1,0,0.781365814350925,-0.756321032880405,0.169927088600022,-0.207698474525451,-0.925062116656053,0.623631660646747,Attchd,0.281657514218279,0.395767594688832,0.903444489089533,0.925245189383605,-0.359600750132276,-0.103330530851366,-0.285935458023539,NONE,-0.0895919598967582,Normal,-2.23744784062252,1,2,2,4,3,3,3,3,3,7,6,1,2,3,2,4,0,2,0.297607266471232,0,200808
2168,60,RL,-1.72562055202678,0.377126515193186,Pave,NONE,Lvl,Corner,Gtl,CollgCr,PosN,Norm,1Fam,2Story,6,5,1997,VinylSd,VinylSd,BrkFace,0.148771881422113,PConc,688,0,176,864,GasA,0.268289832918241,SBrkr,1.31236468758395,0.53410906882217,1,0,0.781365814350925,1.23259887250509,0.169927088600022,-0.207698474525451,-0.287758288825272,-0.924311211315714,Attchd,0.281657514218279,0.590664304818661,-0.740760408320604,0.718033994983517,-0.359600750132276,-0.103330530851366,-0.285935458023539,NONE,-0.0895919598967582,Normal,-2.23744784062252,1,2,2,4,3,3,0,3,3,7,6,1,2,3,2,1,0,2,0.297607266471232,0,200810
2169,60,RL,0.305691530174723,-0.148385330616615,Pave,NONE,Lvl,Inside,Gtl,CollgCr,Norm,Norm,1Fam,2Story,7,5,2000,VinylSd,VinylSd,BrkFace,0.104035141978545,PConc,527,0,255,782,GasA,0.268289832918241,SBrkr,1.2447069543107,0.298914635217079,0,0,0.781365814350925,1.23259887250509,0.169927088600022,-0.207698474525451,-0.287758288825272,-0.924311211315714,Attchd,0.288329974253473,0.275117250322748,-0.740760408320604,0.333213205383354,-0.359600750132276,-0.103330530851366,-0.285935458023539,NONE,-0.0895919598967582,Normal,0.44693779307133,1,2,3,4,3,3,0,3,3,7,6,1,2,3,2,2,0,2,0.297607266471232,0,200809
2170,60,RL,0.514797185695465,0.256654446293738,Pave,NONE,Lvl,Inside,Gtl,CollgCr,Norm,Norm,1Fam,2Story,7,5,2000,VinylSd,VinylSd,None,-0.567015949674981,PConc,663,0,265,928,GasA,0.268289832918241,SBrkr,1.30303258644281,0.636883107036159,1,0,0.781365814350925,1.23259887250509,0.169927088600022,-0.207698474525451,-0.287758288825272,-0.924311211315714,Attchd,0.288329974253473,0.711314649184746,0.776967189288753,-0.170013981016859,-0.359600750132276,-0.103330530851366,-0.285935458023539,NONE,7.84264892027975,Normal,0.44693779307133,1,2,3,4,3,3,0,3,3,7,6,1,2,3,2,1,0,2,0.297607266471232,0,200808
2171,20,RL,-1.72562055202678,0.26400958313181,Pave,NONE,Lvl,Inside,Gtl,CollgCr,Norm,Norm,1Fam,1Story,5,6,1978,HdBoard,HdBoard,BrkFace,0.439560687805308,CBlock,781,0,83,864,GasA,0.268289832918241,SBrkr,-0.785025043886639,-0.645815946826901,1,0,-1.02736282330994,-0.756321032880405,0.169927088600022,-0.207698474525451,-0.925062116656053,-0.924311211315714,Attchd,0.23939860066205,0.256555658881811,0.927158982802179,-0.702842766617084,3.99951299420375,-0.103330530851366,-0.285935458023539,NONE,-0.0895919598967582,Normal,-2.23744784062252,1,2,2,4,2,3,0,3,3,7,5,1,2,3,2,2,0,1,0.297607266471232,0,200808
2172,20,RL,-1.72562055202678,-0.120740161121794,Pave,NONE,Lvl,Inside,Gtl,CollgCr,Norm,Norm,1Fam,1Story,5,6,1975,HdBoard,HdBoard,BrkFace,0.417192318083524,CBlock,294,0,782,1076,GasA,0.268289832918241,SBrkr,-0.785025043886639,-0.839505480384035,0,0,-1.02736282330994,1.23259887250509,0.169927088600022,-0.207698474525451,-0.925062116656053,0.623631660646747,Detchd,0.254967674077503,0.479294756173045,-0.740760408320604,-0.702842766617084,-0.359600750132276,-0.103330530851366,-0.285935458023539,MnPrv,-0.0895919598967582,Abnorml,-2.23744784062252,1,2,2,2,2,3,2,3,3,7,5,1,2,3,2,3,0,1,-0.250997476711292,0,200812
2173,20,RL,-0.530731091908249,0.527780007669547,Pave,NONE,Lvl,CulDSac,Gtl,CollgCr,Norm,Norm,1Fam,1Story,5,6,1975,Plywood,Wd Sdng,None,-0.567015949674981,CBlock,88,596,180,864,GasA,0.268289832918241,SBrkr,-0.785025043886639,0.113130796907175,1,0,0.781365814350925,-0.756321032880405,-1.04580127322219,-0.207698474525451,-0.925062116656053,-0.924311211315714,Attchd,0.232726140626856,-0.151799352818783,0.365915964936219,-0.702842766617084,3.36121419592597,-0.103330530851366,3.75502669800067,NONE,-0.0895919598967582,Normal,0.44693779307133,1,2,2,2,2,3,0,3,3,5,3,5,2,3,2,1,0,3,-0.250997476711292,0,200811
2174,60,RL,-1.72562055202678,0.0294060805381488,Pave,NONE,Lvl,Inside,Gtl,CollgCr,Norm,Norm,1Fam,2Story,7,5,2001,VinylSd,VinylSd,BrkFace,0.702389032036272,PConc,0,0,1257,1257,GasA,0.268289832918241,SBrkr,1.24703997959599,1.30491435542709,0,0,0.781365814350925,1.23259887250509,0.169927088600022,-0.207698474525451,0.98684936683629,0.623631660646747,Attchd,0.290554127598537,0.45145236901164,-0.740760408320604,0.540424399783442,-0.359600750132276,-0.103330530851366,-0.285935458023539,NONE,-0.0895919598967582,Normal,-2.23744784062252,1,2,3,4,3,3,3,3,3,7,1,1,2,3,3,1,0,2,0.297607266471232,0,200809
2175,60,RL,-1.72562055202678,-0.0568265582530346,Pave,NONE,Lvl,CulDSac,Gtl,CollgCr,Norm,Norm,1Fam,2Story,9,5,2001,VinylSd,VinylSd,BrkFace,0.18232443600479,PConc,1194,0,163,1357,GasA,0.268289832918241,SBrkr,0.57046264686354,0.881959659700288,1,0,0.781365814350925,1.23259887250509,0.169927088600022,-0.207698474525451,0.349545539005509,0.623631660646747,BuiltIn,0.290554127598537,1.17071403734791,0.587251239587583,1.01404998698364,-0.359600750132276,-0.103330530851366,-0.285935458023539,NONE,-0.0895919598967582,Normal,-2.23744784062252,1,2,3,4,3,3,3,3,3,7,6,1,2,3,2,2,0,3,0.297607266471232,0,200801
2176,20,RL,-1.72562055202678,0.594990740845028,Pave,NONE,Lvl,CulDSac,Gtl,CollgCr,Norm,Norm,1Fam,1Story,8,5,2002,VinylSd,VinylSd,BrkFace,0.77508623363207,PConc,1538,0,240,1778,GasA,0.268289832918241,SBrkr,-0.785025043886639,0.563755425999282,1,0,0.781365814350925,-0.756321032880405,0.169927088600022,-0.207698474525451,-0.287758288825272,0.623631660646747,Attchd,0.292778280943602,1.12431005874557,0.697918876913265,-0.184814780616865,-0.359600750132276,-0.103330530851366,-0.285935458023539,NONE,-0.0895919598967582,Normal,-2.23744784062252,1,2,3,4,3,3,4,3,3,7,6,1,2,3,1,4,0,2,1.66911912442754,0,200809
2177,60,RL,-0.500858855405285,0.093446496111013,Pave,NONE,Lvl,CulDSac,Gtl,CollgCr,Norm,Norm,1Fam,2Story,7,5,2003,VinylSd,VinylSd,None,-0.567015949674981,PConc,0,0,1129,1129,GasA,0.268289832918241,SBrkr,2.00993924788395,1.63300070818713,0,0,0.781365814350925,1.23259887250509,1.38565545042224,-0.207698474525451,1.62415319466707,0.623631660646747,BuiltIn,0.295002434288667,0.572102713377725,-0.740760408320604,0.140802810583273,-0.359600750132276,-0.103330530851366,-0.285935458023539,NONE,-0.0895919598967582,Normal,0.44693779307133,1,2,3,4,3,3,4,3,3,7,1,1,2,3,1,1,0,2,0.297607266471232,0,200811
2178,60,RL,1.14211415225769,0.192994468833188,Pave,NONE,Lvl,Inside,Gtl,CollgCr,Norm,Norm,1Fam,2Story,8,5,1999,VinylSd,VinylSd,BrkFace,0.50666579697066,PConc,0,0,850,850,GasA,0.268289832918241,SBrkr,1.26337115659298,0.520274102139517,0,0,0.781365814350925,1.23259887250509,0.169927088600022,-0.207698474525451,0.349545539005509,0.623631660646747,Attchd,0.286105820908408,0.4050483904093,0.207819340185244,-0.273619578216902,-0.359600750132276,-0.103330530851366,-0.285935458023539,NONE,-0.0895919598967582,Normal,0.44693779307133,1,2,3,4,3,3,3,3,3,7,1,1,2,3,2,3,0,1,0.297607266471232,0,200809
2179,120,RM,-1.72562055202678,-0.728173013783219,Pave,NONE,Lvl,Inside,Gtl,CollgCr,Norm,Norm,TwnhsE,1Story,6,5,2004,VinylSd,VinylSd,BrkFace,0.579362998566459,PConc,662,0,186,848,GasA,0.268289832918241,SBrkr,-0.785025043886639,-1.29013010947614,1,0,-1.02736282330994,-0.756321032880405,-2.26152963504441,-0.207698474525451,-2.19966977231761,-0.924311211315714,Attchd,0.297226587633731,-0.244607310023463,0.365915964936219,-0.702842766617084,-0.359600750132276,-0.103330530851366,-0.285935458023539,NONE,-0.0895919598967582,Normal,-2.23744784062252,1,2,3,4,3,3,0,3,3,7,6,1,2,3,3,2,0,2,0.297607266471232,0,200805
2180,90,RM,0.753775077719171,-0.00534060038653392,Pave,NONE,Lvl,Corner,Gtl,CollgCr,Norm,Norm,Duplex,SFoyer,6,5,1997,VinylSd,VinylSd,None,-0.567015949674981,PConc,1593,162,83,1838,GasA,0.268289832918241,SBrkr,-0.785025043886639,0.666529464213271,2,0,0.781365814350925,-0.756321032880405,-1.04580127322219,4.45593111885755,0.98684936683629,-0.924311211315714,Attchd,0.283881667563343,1.15215244590698,0.524012589687193,0.288810806583336,-0.359600750132276,-0.103330530851366,-0.285935458023539,NONE,-0.0895919598967582,Abnorml,0.44693779307133,1,3,2,4,2,3,0,3,3,7,6,2,2,3,3,4,0,1,0.297607266471232,0,200810
2181,20,RL,0.514797185695465,-0.0530221771298942,Pave,NONE,Lvl,Inside,Gtl,CollgCr,Norm,Norm,1Fam,1Story,7,5,2004,VinylSd,VinylSd,Stone,-0.287411328152678,PConc,24,0,1421,1445,GasA,0.268289832918241,SBrkr,-0.785025043886639,-0.110205093827072,0,0,0.781365814350925,-0.756321032880405,0.169927088600022,-0.207698474525451,-0.287758288825272,-0.924311211315714,Attchd,0.297226587633731,-0.012587417011762,-0.740760408320604,-0.184814780616865,-0.359600750132276,-0.103330530851366,-0.285935458023539,NONE,-0.0895919598967582,Normal,0.44693779307133,1,2,3,4,3,3,0,3,3,7,6,1,2,3,3,2,0,1,0.297607266471232,0,200809
2182,20,RL,0.813519550725098,0.112848839839029,Pave,NONE,Lvl,Corner,Gtl,CollgCr,Norm,Norm,1Fam,1Story,7,6,2007,VinylSd,VinylSd,Stone,0.618507645579581,PConc,56,0,1508,1564,GasA,0.268289832918241,SBrkr,-0.785025043886639,0.12498933977802,0,0,0.781365814350925,-0.756321032880405,0.169927088600022,-0.207698474525451,-0.287758288825272,-0.924311211315714,Attchd,0.303899047668925,1.58370944690874,-0.740760408320604,-0.347623576216934,-0.359600750132276,-0.103330530851366,-0.285935458023539,NONE,-0.0895919598967582,Normal,0.44693779307133,1,2,3,4,3,3,0,3,3,7,6,1,2,3,3,1,0,2,0.297607266471232,0,200805
2183,20,RL,0.484924949192502,-0.06862013973477,Pave,NONE,Lvl,Inside,Gtl,CollgCr,Norm,Norm,1Fam,1Story,7,5,2007,VinylSd,VinylSd,None,-0.567015949674981,PConc,24,0,1327,1351,GasA,0.268289832918241,SBrkr,-0.785025043886639,-0.276224694018901,0,0,0.781365814350925,-0.756321032880405,0.169927088600022,-0.207698474525451,-0.287758288825272,-0.924311211315714,Attchd,0.303899047668925,0.637068283421001,-0.740760408320604,0.0371972133832291,-0.359600750132276,-0.103330530851366,-0.285935458023539,NONE,-0.0895919598967582,Normal,0.44693779307133,1,2,3,4,3,3,0,3,3,7,6,1,2,3,3,3,0,2,0.297607266471232,0,200809
2184,20,RL,0.514797185695465,-0.0435112243220431,Pave,NONE,Lvl,Inside,Gtl,Edwards,Norm,Norm,1Fam,1Story,5,5,1966,HdBoard,HdBoard,None,-0.567015949674981,CBlock,609,0,483,1092,GasA,0.268289832918241,SBrkr,-0.785025043886639,-0.807882699395115,0,0,-1.02736282330994,-0.756321032880405,0.169927088600022,-0.207698474525451,-0.287758288825272,-0.924311211315714,Attchd,0.212708760521274,-0.968509376219971,1.30659088220452,-0.702842766617084,-0.359600750132276,-0.103330530851366,2.58012140153548,MnPrv,-0.0895919598967582,Abnorml,0.44693779307133,1,2,2,2,2,3,0,3,3,7,3,1,2,3,3,1,0,1,-0.250997476711292,0,200807
2185,85,RL,0.18620258416287,0.245241302924317,Pave,NONE,Lvl,Inside,Gtl,Edwards,Norm,Norm,1Fam,SFoyer,5,5,1976,HdBoard,Plywood,BrkFace,0.674428569884042,CBlock,456,0,0,456,GasA,0.268289832918241,SBrkr,-0.785025043886639,-0.924491704291757,0,1,-1.02736282330994,-0.756321032880405,0.169927088600022,-0.207698474525451,-0.287758288825272,-0.924311211315714,BuiltIn,0.234950293971921,0.145186110236195,1.02992178889031,-0.702842766617084,-0.359600750132276,-0.103330530851366,-0.285935458023539,NONE,-0.0895919598967582,Family,0.44693779307133,1,2,2,4,2,4,0,2,3,7,5,1,2,3,3,4,0,2,0.297607266471232,0,200807
2186,20,RL,0.216074820665833,-0.465163465470109,Pave,NONE,Lvl,Inside,Gtl,Edwards,Norm,Norm,1Fam,1Story,6,6,1976,HdBoard,Plywood,BrkFace,-0.0972801855175127,CBlock,1033,0,94,1127,GasA,0.268289832918241,SBrkr,-0.785025043886639,-0.738707865981853,0,1,-1.02736282330994,1.23259887250509,0.169927088600022,-0.207698474525451,-0.287758288825272,0.623631660646747,Detchd,0.268312594147891,0.0338165615905783,-0.740760408320604,-0.702842766617084,1.78881959529048,-0.103330530851366,-0.285935458023539,NONE,-0.0895919598967582,Normal,0.44693779307133,1,2,2,2,2,0,1,3,3,7,4,1,2,3,3,1,0,1,-0.250997476711292,0,200808
2187,80,RL,-1.72562055202678,-0.0672251999896185,Pave,NONE,Lvl,CulDSac,Gtl,Edwards,Norm,Norm,1Fam,SLvl,6,6,1977,Plywood,Plywood,None,-0.567015949674981,CBlock,368,120,541,1029,GasA,0.268289832918241,SBrkr,-0.785025043886639,-0.758472104099928,1,0,-1.02736282330994,-0.756321032880405,0.169927088600022,-0.207698474525451,-0.287758288825272,0.623631660646747,Attchd,0.237174447316985,0.321521228925088,1.56745031304363,-0.702842766617084,-0.359600750132276,-0.103330530851366,-0.285935458023539,NONE,-0.0895919598967582,Normal,-2.23744784062252,1,2,2,2,2,3,2,3,3,7,5,3,2,3,2,3,0,2,-0.250997476711292,0,200803
2188,60,RL,0.425180476186576,-0.376394572596832,Pave,NONE,Lvl,Inside,Gtl,Edwards,Norm,Norm,1Fam,2Story,6,7,1976,Plywood,Plywood,None,-0.567015949674981,CBlock,288,0,396,684,GasA,0.268289832918241,SBrkr,0.880755009806352,-0.203097012982023,0,0,-1.02736282330994,1.23259887250509,0.169927088600022,-0.207698474525451,-0.287758288825272,0.623631660646747,Attchd,0.234950293971921,-0.151799352818783,-0.740760408320604,-0.702842766617084,-0.359600750132276,-0.103330530851366,-0.285935458023539,MnPrv,-0.0895919598967582,Normal,0.44693779307133,1,2,2,2,2,3,3,3,3,7,5,1,2,3,3,3,0,3,-0.250997476711292,0,200805
2189,20,RL,1.9486645378377,4.67163873969823,Pave,NONE,Lvl,Inside,Gtl,Edwards,Norm,Norm,1Fam,1Story,5,7,1959,Plywood,Plywood,None,-0.567015949674981,Slab,0,0,0,0,GasA,0.268289832918241,SBrkr,-0.785025043886639,4.58380145921571,NONE,NONE,2.59009445201179,1.23259887250509,2.60138381224446,-0.207698474525451,2.89876085032863,2.17157453260921,Attchd,0.197139687105821,0.702033853464278,-0.740760408320604,4.80305468458525,-0.359600750132276,-0.103330530851366,-0.285935458023539,NONE,-0.0895919598967582,Normal,0.44693779307133,0,2,2,2,4,0,4,3,3,7,0,0,2,3,2,0,0,1,-4.91413779376274,0,200810
2190,90,RL,0.216074820665833,-0.527048065073194,Pave,NONE,Lvl,Corner,Gtl,Edwards,Norm,Norm,Duplex,1Story,4,5,1955,AsbShng,Plywood,None,-0.567015949674981,PConc,0,0,0,0,GasA,-3.72731232161413,SBrkr,-0.785025043886639,-0.689297270686666,0,0,0.781365814350925,-0.756321032880405,-1.04580127322219,4.45593111885755,-0.287758288825272,-0.924311211315714,NONE,-4.15997671587587,-2.19357441132175,-0.740760408320604,-0.702842766617084,-0.359600750132276,-0.103330530851366,-0.285935458023539,NONE,-0.0895919598967582,AdjLand,0.44693779307133,0,1,2,2,2,0,0,0,0,7,0,0,0,3,3,0,0,0,-4.91413779376274,0,200809
2191,90,RL,0.484924949192502,-0.421413082553994,Pave,NONE,Lvl,Inside,Gtl,Edwards,Norm,Norm,Duplex,1Story,4,5,1955,WdShing,Wd Shng,BrkCmn,-0.24267458870911,Slab,0,0,0,0,GasA,-3.72731232161413,FuseF,-0.785025043886639,-0.689297270686666,0,0,0.781365814350925,-0.756321032880405,-1.04580127322219,4.45593111885755,-0.287758288825272,-0.924311211315714,NONE,-4.15997671587587,-2.19357441132175,-0.740760408320604,-0.702842766617084,-0.359600750132276,-0.103330530851366,-0.285935458023539,NONE,-0.0895919598967582,Normal,0.44693779307133,0,2,2,2,2,0,0,0,0,7,0,0,0,3,3,0,0,0,-4.91413779376274,0,200810
2192,190,RL,-0.0527753078608365,-0.410507190000991,Pave,NONE,Lvl,Inside,Gtl,Edwards,Norm,Norm,2fmCon,1Story,4,5,1955,Wd Sdng,Wd Sdng,None,-0.567015949674981,CBlock,784,0,0,784,GasA,-3.72731232161413,FuseP,-0.785025043886639,-1.41662123343182,1,0,-1.02736282330994,-0.756321032880405,-1.04580127322219,-0.207698474525451,-1.56236594448683,-0.924311211315714,NONE,-4.15997671587587,-2.19357441132175,0.144580690284854,-0.702842766617084,-0.359600750132276,-0.103330530851366,-0.285935458023539,NONE,-0.0895919598967582,Normal,0.44693779307133,1,2,2,2,2,3,0,0,0,7,5,1,2,3,3,3,0,0,-0.250997476711292,0,200808
2193,50,RL,0.0667136381510165,0.255132693844482,Pave,NONE,Lvl,Inside,Gtl,Edwards,Norm,Norm,1Fam,1.5Fin,5,7,1938,Wd Sdng,Wd Sdng,None,-0.567015949674981,PConc,0,0,585,585,GasA,0.268289832918241,FuseF,0.306830789626414,-0.884963228055607,0,0,-1.02736282330994,1.23259887250509,-1.04580127322219,-0.207698474525451,-0.925062116656053,-0.924311211315714,NONE,-4.15997671587587,-2.19357441132175,-0.408757496343557,-0.702842766617084,-0.359600750132276,-0.103330530851366,-0.285935458023539,NONE,-0.0895919598967582,Family,0.44693779307133,1,2,2,3,4,3,0,0,0,7,1,1,0,3,3,1,0,0,-0.250997476711292,0,200801
2194,50,RL,-0.0229030713578732,-0.268603774107853,Pave,NONE,Lvl,Inside,Gtl,Edwards,Norm,Norm,1Fam,1.5Fin,5,8,1947,MetalSd,MetalSd,None,-0.567015949674981,Slab,0,0,0,0,GasA,0.268289832918241,SBrkr,-0.299755784547504,-0.718943627863778,0,0,-1.02736282330994,1.23259887250509,1.38565545042224,-0.207698474525451,0.98684936683629,-0.924311211315714,NONE,-4.15997671587587,-2.19357441132175,-0.740760408320604,-0.702842766617084,-0.359600750132276,-0.103330530851366,-0.285935458023539,NONE,-0.0895919598967582,Normal,0.44693779307133,0,3,2,3,2,0,0,0,0,6,0,0,2,3,3,0,0,0,-4.91413779376274,0,200807
2195,20,RL,0.305691530174723,-0.0821890990739709,Pave,NONE,Bnk,Inside,Mod,Edwards,Norm,Norm,1Fam,1Story,4,5,1953,MetalSd,MetalSd,Stone,0.0760746798263147,CBlock,767,0,144,911,GasA,0.268289832918241,SBrkr,-0.785025043886639,-1.12806335690793,0,0,-1.02736282330994,-0.756321032880405,-1.04580127322219,-0.207698474525451,-0.925062116656053,-0.924311211315714,Attchd,0.183794767035433,-0.866420623294823,0.318486977510926,-0.702842766617084,-0.359600750132276,-0.103330530851366,-0.285935458023539,MnPrv,5.19856862688758,Normal,0.44693779307133,1,2,2,2,2,3,0,3,3,7,3,1,2,3,3,1,0,2,0.297607266471232,0,200808
2196,80,RL,0.126458111156943,-0.314002722177329,Pave,NONE,Bnk,Inside,Mod,Edwards,Norm,Norm,1Fam,SLvl,4,6,1954,Wd Sdng,Wd Sdng,None,-0.567015949674981,CBlock,0,0,416,416,GasA,0.268289832918241,FuseA,-0.785025043886639,-0.586523232472676,0,0,-1.02736282330994,-0.756321032880405,0.169927088600022,-0.207698474525451,-0.287758288825272,-0.924311211315714,Basment,0.186018920380498,-0.745770278928738,-0.740760408320604,-0.702842766617084,-0.359600750132276,-0.103330530851366,-0.285935458023539,NONE,-0.0895919598967582,Abnorml,0.44693779307133,1,2,2,3,2,3,0,3,3,7,1,1,2,3,3,3,0,1,1.66911912442754,0,200803
2197,30,RL,0.275819293671759,-0.637375117644267,Pave,NONE,Lvl,Inside,Gtl,Edwards,Norm,Norm,1Fam,1.5Fin,4,7,1923,Wd Sdng,Wd Sdng,None,-0.567015949674981,PConc,224,0,725,949,GasA,0.268289832918241,SBrkr,0.0152026289658762,-0.412597937033617,0,0,-1.02736282330994,1.23259887250509,0.169927088600022,-0.207698474525451,-0.287758288825272,-0.924311211315714,Detchd,0.117070166683493,-1.24229284997378,-0.740760408320604,-0.702842766617084,2.48939144705877,-0.103330530851366,-0.285935458023539,NONE,-0.0895919598967582,Normal,0.44693779307133,1,2,2,2,3,3,0,3,3,7,5,1,0,3,3,1,0,1,-0.250997476711292,0,200809
2198,30,RL,0.0667136381510165,-0.364981429227411,Pave,NONE,Lvl,Corner,Gtl,SWISU,Norm,Norm,1Fam,1Story,7,8,1921,WdShing,Wd Shng,BrkFace,0.406008133222631,BrkTil,0,0,1228,1228,GasA,0.268289832918241,SBrkr,-0.785025043886639,-0.151709993875029,0,0,0.781365814350925,-0.756321032880405,-1.04580127322219,-0.207698474525451,0.349545539005509,0.623631660646747,Attchd,0.112621859993364,-0.745770278928738,-0.740760408320604,-0.702842766617084,1.0415429534043,-0.103330530851366,-0.285935458023539,NONE,-0.0895919598967582,Normal,0.44693779307133,1,2,2,4,2,3,4,3,3,7,1,1,2,3,3,1,0,1,-0.250997476711292,0,200807
2199,90,RL,0.18620258416287,-0.299799699317604,Pave,NONE,Lvl,Inside,Gtl,SWISU,Norm,Norm,Duplex,2.5Unf,6,7,1930,Stucco,Stucco,None,-0.567015949674981,BrkTil,281,679,0,960,GasA,0.268289832918241,SBrkr,1.45467922998629,0.828596216781485,2,0,0.781365814350925,3.22151877789059,1.38565545042224,4.45593111885755,2.26145702249785,2.17157453260921,Detchd,0.132639240098946,0.0338165615905783,1.21963773859148,-0.702842766617084,1.52415911795579,-0.103330530851366,-0.285935458023539,NONE,-0.0895919598967582,Abnorml,0.44693779307133,1,2,2,4,2,3,4,3,3,7,5,3,2,3,3,1,0,1,-0.250997476711292,0,200810
2200,70,RL,0.245947057168796,-0.15206289903565,Pave,NONE,Bnk,Inside,Gtl,Crawfor,Norm,Norm,1Fam,2Story,6,6,1926,Wd Sdng,Wd Sdng,None,-0.567015949674981,BrkTil,379,0,265,644,GasA,0.268289832918241,SBrkr,0.717443239836451,-0.365163765550238,1,0,-1.02736282330994,-0.756321032880405,-1.04580127322219,-0.207698474525451,-0.287758288825272,0.623631660646747,Detchd,0.290554127598537,-0.481267600895398,-0.740760408320604,-0.702842766617084,-0.359600750132276,-0.103330530851366,3.1319708589661,MnPrv,-0.0895919598967582,Normal,0.44693779307133,1,2,2,4,2,3,4,3,3,7,4,1,1,3,3,1,0,1,-0.250997476711292,0,200810
2201,50,RL,0.156330347659906,0.684266884534724,Pave,NONE,Lvl,Inside,Gtl,Crawfor,Norm,Norm,1Fam,1.5Fin,6,6,1914,Wd Sdng,Wd Shng,None,-0.567015949674981,BrkTil,0,0,676,676,GasA,0.268289832918241,SBrkr,0.58679382386053,-0.467937803764227,0,0,-1.02736282330994,-0.756321032880405,0.169927088600022,-0.207698474525451,-0.287758288825272,-0.924311211315714,Detchd,0.274985054183085,-0.337415267228144,2.61088803640006,-0.702842766617084,-0.359600750132276,-0.103330530851366,-0.285935458023539,NONE,0.615496118341154,Normal,0.44693779307133,1,2,2,4,2,3,0,3,3,7,1,1,2,3,3,1,0,1,0.297607266471232,0,200801
2202,70,RL,-0.112519780866763,-0.324528176618017,Pave,NONE,Lvl,Corner,Gtl,Crawfor,Norm,Norm,1Fam,2Story,8,9,1925,Stucco,Stucco,None,-0.567015949674981,PConc,406,0,392,798,GasA,0.268289832918241,SBrkr,0.880755009806352,0.0222153015640302,1,0,0.781365814350925,-0.756321032880405,0.169927088600022,-0.207698474525451,0.349545539005509,0.623631660646747,Detchd,0.121518473373622,-1.35830279647963,-0.0688497531289616,-0.466029973016984,0.278698048145499,-0.103330530851366,-0.285935458023539,GdPrv,-0.0895919598967582,Normal,0.44693779307133,1,3,3,4,3,3,4,3,3,7,5,1,1,3,3,1,0,1,-0.799602219893816,0,200809
2203,70,RL,-1.72562055202678,-0.0657034475403623,Pave,NONE,HLS,Corner,Gtl,Crawfor,Norm,Norm,1Fam,2Story,6,3,1923,Wd Sdng,Plywood,None,-0.567015949674981,BrkTil,0,0,784,784,GasA,0.268289832918241,SBrkr,1.04406677977625,0.202069868438512,0,0,-1.02736282330994,-0.756321032880405,1.38565545042224,-0.207698474525451,0.349545539005509,0.623631660646747,Attchd,0.243846907352179,0.586023906958427,-0.740760408320604,2.50893074658427,-0.359600750132276,-0.103330530851366,-0.285935458023539,NONE,-0.0895919598967582,Normal,-2.23744784062252,1,2,2,2,2,3,4,3,3,7,1,1,2,3,2,1,0,1,-0.250997476711292,0,200809
2204,50,RL,-1.72562055202678,0.194262595874235,Pave,Grvl,HLS,Inside,Mod,Crawfor,Norm,Norm,1Fam,1.5Fin,5,6,1937,WdShing,Wd Shng,None,-0.567015949674981,CBlock,606,0,336,942,GasA,0.268289832918241,SBrkr,0.785100973109696,0.86417184539402,0,0,0.781365814350925,-0.756321032880405,1.38565545042224,-0.207698474525451,0.349545539005509,0.623631660646747,Detchd,0.148208313514398,-1.07987892486559,-0.740760408320604,-0.110810782616833,-0.359600750132276,-0.103330530851366,-0.285935458023539,NONE,-0.0895919598967582,Normal,-2.23744784062252,1,2,2,4,3,3,4,3,3,5,4,1,2,3,2,1,0,1,-0.250997476711292,0,200810
2205,50,RL,-1.72562055202678,-0.115160402141188,Pave,Grvl,HLS,Inside,Gtl,Crawfor,Feedr,Norm,1Fam,1.5Fin,5,4,1938,Wd Sdng,Wd Sdng,None,-0.567015949674981,BrkTil,0,0,884,884,GasA,0.268289832918241,FuseF,0.246172132209022,-0.250531184465403,0,0,-1.02736282330994,-0.756321032880405,0.169927088600022,-0.207698474525451,-0.287758288825272,-0.924311211315714,Detchd,0.150432466859463,-1.1494848927691,-0.234851209117485,-0.702842766617084,-0.359600750132276,-0.103330530851366,1.49422408207523,NONE,-0.0895919598967582,Normal,-2.23744784062252,1,2,2,2,2,3,0,3,3,7,1,1,2,3,2,1,0,1,-0.250997476711292,0,200806
2206,20,RL,0.634286131707318,-0.300180137429919,Pave,NONE,Lvl,Corner,Gtl,Crawfor,Feedr,Norm,1Fam,1Story,6,5,1951,WdShing,Plywood,BrkFace,-0.0749118157957285,PConc,500,0,591,1091,GasA,-3.72731232161413,FuseA,-0.785025043886639,-0.809859123206922,0,1,-1.02736282330994,-0.756321032880405,-1.04580127322219,-0.207698474525451,-0.925062116656053,0.623631660646747,Attchd,0.179346460345304,-0.597277547401249,-0.219041546642388,0.851241191383573,-0.359600750132276,-0.103330530851366,3.64821712559474,MnPrv,-0.0895919598967582,Normal,0.44693779307133,1,1,2,1,2,3,3,3,3,7,3,1,2,3,2,1,0,3,-0.250997476711292,0,200808
2207,70,RL,1.26160309826955,-0.0631671934582687,Pave,NONE,HLS,Inside,Mod,Crawfor,Norm,Norm,1Fam,2Story,8,6,1935,BrkFace,Stucco,Stone,-0.343332252457139,PConc,210,0,398,608,GasA,0.268289832918241,SBrkr,1.29136746001639,0.735704297626533,0,0,-1.02736282330994,1.23259887250509,1.38565545042224,-0.207698474525451,1.62415319466707,2.17157453260921,Detchd,0.143760006824269,1.45377830682219,-0.740760408320604,-0.702842766617084,2.86302976800185,-0.103330530851366,-0.285935458023539,NONE,-0.0895919598967582,Alloca,0.44693779307133,1,2,2,2,2,2,4,2,3,7,2,1,2,3,2,1,0,3,-0.250997476711292,0,200809
2208,50,RL,0.365436003180649,0.282016987114674,Pave,NONE,Bnk,Inside,Gtl,Crawfor,Norm,Norm,1Fam,1.5Fin,7,9,1950,VinylSd,VinylSd,None,-0.567015949674981,CBlock,435,0,397,832,GasA,0.268289832918241,SBrkr,1.41501780013646,1.30491435542709,1,0,0.781365814350925,1.23259887250509,0.169927088600022,-0.207698474525451,0.98684936683629,2.17157453260921,Attchd,0.274985054183085,0.154466905956663,-0.740760408320604,0.718033994983517,-0.359600750132276,-0.103330530851366,-0.285935458023539,NONE,-0.0895919598967582,Normal,0.44693779307133,1,3,2,4,3,4,3,3,3,7,6,1,2,3,3,1,0,3,-0.250997476711292,0,200807
2209,20,RL,-0.0527753078608365,2.01694159197082,Pave,NONE,Lvl,CulDSac,Gtl,Crawfor,Norm,Norm,1Fam,1Story,5,5,1956,BrkFace,MetalSd,None,-0.567015949674981,PConc,1116,0,782,1898,GasA,0.268289832918241,FuseA,-0.785025043886639,0.785114892921721,0,0,0.781365814350925,1.23259887250509,0.169927088600022,-0.207698474525451,0.349545539005509,2.17157453260921,Attchd,0.190467227070627,0.0523781530315144,-0.740760408320604,0.0519980129832354,3.12769024533654,-0.103330530851366,-0.285935458023539,MnPrv,-0.0895919598967582,Normal,0.44693779307133,1,2,2,4,2,3,3,3,3,7,3,1,2,3,2,1,0,1,-0.250997476711292,0,200807
2210,160,RM,-1.00868687595566,-1.05116497113784,Pave,NONE,Lvl,CulDSac,Gtl,Blueste,Norm,Norm,Twnhs,2Story,6,6,1980,MetalSd,MetalSd,None,-0.567015949674981,CBlock,366,0,150,516,GasA,0.268289832918241,SBrkr,0.41881600332006,-0.926468128103564,0,0,-1.02736282330994,-0.756321032880405,-1.04580127322219,-0.207698474525451,-0.925062116656053,0.623631660646747,Detchd,0.243846907352179,-0.0497105998936342,0.942968645277276,-0.702842766617084,-0.359600750132276,-0.103330530851366,-0.285935458023539,GdPrv,-0.0895919598967582,Normal,0.44693779307133,1,2,2,2,2,3,3,3,3,7,6,1,2,3,3,1,0,1,0.297607266471232,0,200804
2211,30,RM,-0.232008726878616,-0.401757113417768,Pave,NONE,Lvl,Inside,Gtl,IDOTRR,Norm,Norm,1Fam,1Story,6,8,1926,VinylSd,VinylSd,None,-0.567015949674981,BrkTil,299,40,555,894,GasA,0.268289832918241,SBrkr,-0.785025043886639,-1.14980401883781,1,0,-1.02736282330994,-0.756321032880405,-1.04580127322219,-0.207698474525451,-0.925062116656053,-0.924311211315714,Detchd,0.123742626718687,-1.28869682857612,-0.740760408320604,-0.702842766617084,1.44631780109265,-0.103330530851366,-0.285935458023539,MnPrv,-0.0895919598967582,Normal,0.44693779307133,1,3,2,2,2,3,0,3,3,7,3,6,1,3,3,1,0,1,-0.250997476711292,0,200810
2212,50,RM,0.0667136381510165,-0.52856981752245,Pave,NONE,Lvl,Inside,Gtl,IDOTRR,Norm,Norm,1Fam,1.5Fin,6,8,1940,VinylSd,VinylSd,None,-0.567015949674981,CBlock,0,0,720,720,GasA,0.268289832918241,SBrkr,-0.0151266997428197,-0.81183554701873,0,0,-1.02736282330994,-0.756321032880405,0.169927088600022,-0.207698474525451,-0.925062116656053,-0.924311211315714,Detchd,0.154880773549592,-1.07987892486559,-0.740760408320604,-0.702842766617084,-0.359600750132276,-0.103330530851366,-0.285935458023539,NONE,-0.0895919598967582,Normal,0.44693779307133,1,2,2,3,2,3,0,3,3,7,1,1,2,3,3,1,0,1,-0.799602219893816,0,200810
2213,50,RM,0.00696916514509001,-0.255288440176861,Pave,NONE,Lvl,Inside,Gtl,IDOTRR,Norm,Norm,1Fam,1.5Fin,5,7,1930,Wd Sdng,Wd Sdng,None,-0.567015949674981,CBlock,0,0,780,780,GasA,0.268289832918241,FuseA,0.194845575932767,-0.594428927719906,0,0,-1.02736282330994,-0.756321032880405,1.38565545042224,-0.207698474525451,0.349545539005509,-0.924311211315714,NONE,-4.15997671587587,-2.19357441132175,-0.740760408320604,-0.702842766617084,1.13495253364007,-0.103330530851366,-0.285935458023539,NONE,-0.0895919598967582,Normal,0.44693779307133,1,2,2,3,2,3,0,0,0,7,1,1,2,3,3,1,0,0,0.297607266471232,0,200810
2214,80,RM,0.514797185695465,-0.52856981752245,Pave,NONE,Lvl,Inside,Gtl,IDOTRR,Norm,Norm,1Fam,SLvl,5,5,1967,HdBoard,Plywood,None,-0.567015949674981,CBlock,257,0,367,624,GasA,0.268289832918241,SBrkr,0.530801217013707,0.306820330464309,0,0,-1.02736282330994,1.23259887250509,0.169927088600022,-0.207698474525451,0.349545539005509,0.623631660646747,Attchd,0.214932913866338,-0.857139827574354,-0.740760408320604,1.96130116138404,-0.359600750132276,-0.103330530851366,1.49422408207523,MnPrv,-0.0895919598967582,Normal,0.44693779307133,1,2,1,4,2,3,1,3,3,4,3,1,2,3,3,2,0,1,0.297607266471232,0,200810
2215,30,RM,0.0667136381510165,-0.352046533408733,Pave,NONE,Lvl,Inside,Gtl,IDOTRR,Norm,Norm,1Fam,1Story,5,7,1930,Wd Sdng,Wd Sdng,None,-0.567015949674981,BrkTil,0,0,520,520,GasA,0.268289832918241,FuseA,-0.785025043886639,-1.16363898552046,0,0,-1.02736282330994,-0.756321032880405,-1.04580127322219,-0.207698474525451,-0.925062116656053,-0.924311211315714,Detchd,0.141535853479204,-0.523031181637505,-0.740760408320604,0.62922919738348,-0.359600750132276,-0.103330530851366,-0.285935458023539,NONE,-0.0895919598967582,Normal,0.44693779307133,1,2,2,2,2,3,0,3,3,7,1,1,2,3,3,1,0,2,-0.250997476711292,0,200808
2216,50,RM,0.514797185695465,-0.148131705208405,Pave,NONE,Lvl,Inside,Gtl,IDOTRR,Norm,Norm,1Fam,1.5Fin,5,5,1958,WdShing,Wd Shng,BrkFace,0.338903024057279,CBlock,330,0,821,1151,GasA,0.268289832918241,FuseA,1.09072728548194,0.897771050194748,0,0,0.781365814350925,-0.756321032880405,1.38565545042224,-0.207698474525451,0.349545539005509,-0.924311211315714,Attchd,0.194915533760756,-0.541592773078441,-0.740760408320604,-0.702842766617084,-0.359600750132276,-0.103330530851366,-0.285935458023539,NONE,-0.0895919598967582,Normal,0.44693779307133,1,2,2,3,2,3,0,3,3,7,5,1,2,3,3,1,0,3,-0.250997476711292,0,200801
2217,20,NONE,0.664158368210282,0.559990434512136,Pave,NONE,Low,Inside,Mod,IDOTRR,Norm,Norm,1Fam,1Story,1,5,1952,AsbShng,VinylSd,None,-0.567015949674981,Slab,0,0,0,0,Wall,-3.72731232161413,FuseA,-0.785025043886639,-1.517418847834,0,0,-1.02736282330994,-0.756321032880405,-1.04580127322219,-0.207698474525451,-1.56236594448683,-0.924311211315714,Attchd,0.181570613690368,0.0662993466122164,-0.740760408320604,-0.702842766617084,-0.359600750132276,-0.103330530851366,-0.285935458023539,NONE,-0.0895919598967582,Abnorml,0.44693779307133,0,0,1,0,1,0,0,2,1,7,0,0,0,3,3,0,0,1,-4.91413779376274,0,200805
2218,70,C (all),0.0667136381510165,-0.619874964477821,Pave,NONE,Lvl,Corner,Gtl,IDOTRR,Feedr,Norm,1Fam,2Story,4,7,1895,Wd Sdng,Wd Sdng,None,-0.567015949674981,Stone,0,0,173,173,GasA,-3.72731232161413,SBrkr,0.465476509025746,-0.276224694018901,0,0,-1.02736282330994,-0.756321032880405,-1.04580127322219,-0.207698474525451,-0.287758288825272,-0.924311211315714,Detchd,0.0547938730216822,-1.33510080717846,-0.740760408320604,1.11765558418369,-0.359600750132276,-0.103330530851366,-0.285935458023539,NONE,-0.0895919598967582,Normal,0.44693779307133,0,2,2,4,2,2,0,2,3,7,1,1,2,3,3,1,0,1,-4.91413779376274,0,200810
2219,50,C (all),-0.172264253872689,-0.636360616011429,Pave,NONE,Lvl,Corner,Gtl,IDOTRR,Feedr,Norm,1Fam,1.5Fin,4,7,1910,Plywood,Plywood,None,-0.567015949674981,PConc,0,0,356,356,GasA,-3.72731232161413,FuseA,0.0968585139508267,-0.892868923302837,0,0,-1.02736282330994,-0.756321032880405,-1.04580127322219,-0.207698474525451,-0.925062116656053,-0.924311211315714,Detchd,0.0881561731976523,-1.28869682857612,-0.740760408320604,-0.702842766617084,-0.359600750132276,-0.103330530851366,-0.285935458023539,NONE,-0.0895919598967582,Normal,0.44693779307133,0,2,2,2,2,3,0,1,2,7,1,1,0,3,3,1,0,1,-4.91413779376274,0,200808
2220,70,C (all),0.0667136381510165,-0.148131705208405,Grvl,NONE,Bnk,Inside,Gtl,IDOTRR,Norm,Norm,1Fam,2Story,4,6,1920,MetalSd,MetalSd,None,-0.567015949674981,Stone,0,0,592,592,GasA,0.268289832918241,SBrkr,0.222841879356179,-1.25850732848722,0,0,-1.02736282330994,1.23259887250509,0.169927088600022,-0.207698474525451,-0.925062116656053,-0.924311211315714,Detchd,0.110397706648299,-1.1912484735112,-0.740760408320604,-0.258818778616896,2.13132138948831,-0.103330530851366,-0.285935458023539,NONE,-0.0895919598967582,Normal,0.44693779307133,1,2,2,4,1,2,0,2,2,5,1,1,0,3,3,2,0,1,-0.799602219893816,0,200809
2221,120,RM,-0.411242145896396,-0.802104820276248,Pave,NONE,HLS,Inside,Mod,Crawfor,Norm,Norm,TwnhsE,1Story,8,5,2007,CemntBd,CmentBd,Stone,0.473113242387984,PConc,1476,0,120,1596,GasA,0.268289832918241,SBrkr,-0.785025043886639,0.291008939969849,1,1,0.781365814350925,-0.756321032880405,-1.04580127322219,-0.207698474525451,-0.925062116656053,0.623631660646747,Attchd,0.303899047668925,0.242634465301109,0.539822252162291,0.0815996121832479,-0.359600750132276,5.9719904791455,-0.285935458023539,NONE,-0.0895919598967582,Partial,0.44693779307133,1,2,4,4,4,3,4,3,3,7,6,1,2,3,2,4,0,3,1.66911912442754,0,200811
2222,120,RM,-0.411242145896396,-0.806162826807598,Pave,NONE,HLS,Inside,Mod,Crawfor,Norm,Norm,TwnhsE,1Story,7,5,2004,CemntBd,CmentBd,Stone,0.406008133222631,PConc,1474,0,120,1594,GasA,0.268289832918241,SBrkr,-0.785025043886639,0.287056092346234,1,1,0.781365814350925,-0.756321032880405,-1.04580127322219,-0.207698474525451,-0.925062116656053,0.623631660646747,Attchd,0.297226587633731,0.0430973573110463,0.271057990085634,0.0815996121832479,-0.359600750132276,-0.103330530851366,2.47331182912956,NONE,-0.0895919598967582,Normal,0.44693779307133,1,2,3,4,4,3,4,3,3,7,6,1,2,3,2,4,0,3,1.66911912442754,0,200810
2223,20,RL,-1.72562055202678,1.71981942625355,Pave,NONE,Lvl,Inside,Gtl,Mitchel,Norm,Norm,1Fam,1Story,7,5,1996,MetalSd,MetalSd,BrkFace,3.16850179386298,PConc,700,0,1140,1840,GasA,0.268289832918241,SBrkr,-0.785025043886639,1.04995568370392,1,0,2.59009445201179,-0.756321032880405,0.169927088600022,-0.207698474525451,0.349545539005509,-0.924311211315714,Attchd,0.279433360873214,1.45377830682219,-0.740760408320604,-0.0220059850167959,2.62950581741242,-0.103330530851366,-0.285935458023539,NONE,-0.0895919598967582,Normal,-2.23744784062252,1,2,3,4,3,3,0,3,3,7,6,1,2,3,1,2,0,3,1.66911912442754,0,200812
2224,60,RL,-1.72562055202678,0.111834338206192,Pave,NONE,Lvl,Inside,Gtl,Mitchel,Norm,Norm,1Fam,2Story,7,5,1996,VinylSd,VinylSd,None,-0.567015949674981,PConc,0,0,910,910,GasA,0.268289832918241,SBrkr,1.33802796572208,0.630953835600737,0,0,0.781365814350925,1.23259887250509,0.169927088600022,-0.207698474525451,0.98684936683629,0.623631660646747,Attchd,0.279433360873214,1.59299024262921,1.77297592521989,-0.229217179416884,-0.359600750132276,-0.103330530851366,-0.285935458023539,NONE,-0.0895919598967582,Normal,-2.23744784062252,1,2,2,4,3,3,3,3,3,7,1,1,2,3,3,2,0,1,0.297607266471232,0,200812
2225,90,RL,0.544669422198429,0.0116523019634934,Pave,NONE,Lvl,Inside,Gtl,Mitchel,Norm,Norm,Duplex,2Story,5,4,1976,Plywood,Plywood,None,-0.567015949674981,CBlock,0,0,0,0,GasA,0.268289832918241,SBrkr,1.39868662313947,0.733727873814726,0,0,0.781365814350925,3.22151877789059,1.38565545042224,4.45593111885755,0.98684936683629,-0.924311211315714,Attchd,0.234950293971921,0.0523781530315144,-0.740760408320604,-0.702842766617084,-0.359600750132276,-0.103330530851366,-0.285935458023539,NONE,-0.0895919598967582,Abnorml,0.44693779307133,0,2,2,2,2,0,0,3,3,7,0,0,2,3,3,0,0,1,-4.91413779376274,0,200803
2226,20,RL,0.484924949192502,-0.0225871281447706,Pave,NONE,Lvl,Inside,Gtl,Mitchel,Norm,Norm,1Fam,1Story,4,5,1991,HdBoard,HdBoard,None,-0.567015949674981,PConc,1383,0,297,1680,GasA,0.268289832918241,SBrkr,-0.785025043886639,0.372042316253956,1,0,0.781365814350925,-0.756321032880405,0.169927088600022,-0.207698474525451,-0.287758288825272,0.623631660646747,Attchd,0.268312594147891,-0.188922535700655,2.64250736135025,1.07325318538367,-0.359600750132276,-0.103330530851366,-0.285935458023539,NONE,-0.0895919598967582,Normal,0.44693779307133,1,2,2,3,2,3,3,3,3,7,5,1,2,3,3,1,0,1,0.297607266471232,0,200810
2227,120,RL,-0.470986618902322,-0.77154295858702,Pave,NONE,Lvl,Inside,Gtl,Timber,Norm,Norm,TwnhsE,1Story,7,6,1986,VinylSd,VinylSd,BrkFace,1.33429547667668,CBlock,893,0,384,1277,GasA,0.268289832918241,SBrkr,-0.785025043886639,0.000474639634147814,1,0,0.781365814350925,-0.756321032880405,-1.04580127322219,-0.207698474525451,-0.287758288825272,0.623631660646747,Attchd,0.257191827422567,0.182309293118067,1.15639908869109,-0.702842766617084,-0.359600750132276,-0.103330530851366,-0.285935458023539,NONE,-0.0895919598967582,Normal,0.44693779307133,1,2,3,3,3,3,3,3,3,7,6,1,2,3,2,3,0,3,0.297607266471232,0,200810
2228,20,RL,0.484924949192502,0.176889255411893,Pave,NONE,HLS,Inside,Gtl,Timber,Norm,Norm,1Fam,1Story,8,5,2006,VinylSd,VinylSd,Stone,0.875743897380099,PConc,1036,0,482,1518,GasA,0.268289832918241,SBrkr,-0.785025043886639,0.0716258968592174,1,0,0.781365814350925,-0.756321032880405,0.169927088600022,-0.207698474525451,0.98684936683629,-0.924311211315714,Attchd,0.303899047668925,1.46305910254266,-0.740760408320604,-0.318021977016921,-0.359600750132276,-0.103330530851366,-0.285935458023539,NONE,-0.0895919598967582,Normal,0.44693779307133,1,2,3,4,3,3,0,3,3,7,6,1,2,3,2,4,0,3,1.66911912442754,0,200807
2229,60,RL,1.47070875379029,0.340350831002828,Pave,NONE,HLS,Corner,Gtl,Timber,Norm,Norm,1Fam,2Story,8,5,2007,VinylSd,VinylSd,None,-0.567015949674981,PConc,770,0,150,920,GasA,0.268289832918241,SBrkr,1.22137670145786,0.551896883128437,1,0,0.781365814350925,1.23259887250509,0.169927088600022,-0.207698474525451,-0.287758288825272,0.623631660646747,Attchd,0.303899047668925,0.64634907914147,-0.740760408320604,2.13891075658412,-0.359600750132276,-0.103330530851366,-0.285935458023539,NONE,-0.0895919598967582,Partial,0.44693779307133,1,2,3,4,3,3,4,3,3,7,6,1,2,3,2,3,0,3,0.297607266471232,0,200801
2230,80,RL,0.455052712689539,-0.0464279165164507,Pave,NONE,Lvl,Inside,Gtl,Timber,Norm,Norm,1Fam,SLvl,5,5,2006,VinylSd,VinylSd,None,-0.567015949674981,PConc,0,0,352,352,GasA,0.268289832918241,SBrkr,0.918083414370901,-0.116134365262494,0,0,0.781365814350925,1.23259887250509,0.169927088600022,-0.207698474525451,-0.287758288825272,-0.924311211315714,BuiltIn,0.303899047668925,-0.337415267228144,0.0497227154342694,-0.702842766617084,-0.359600750132276,-0.103330530851366,-0.285935458023539,NONE,-0.0895919598967582,Normal,0.44693779307133,1,2,2,3,2,3,0,3,3,7,1,1,2,3,3,1,0,3,0.297607266471232,0,200807
2231,60,RL,0.694030604713245,0.234589035779524,Pave,NONE,HLS,Corner,Gtl,Timber,Norm,Norm,1Fam,2Story,7,5,2008,VinylSd,VinylSd,Stone,-0.231490403848218,PConc,0,0,796,796,GasA,0.268289832918241,SBrkr,1.11872358890535,0.219857682744779,0,0,0.781365814350925,1.23259887250509,0.169927088600022,-0.207698474525451,-0.287758288825272,-0.924311211315714,Attchd,0.30612320101399,0.896930563594107,-0.740760408320604,0.244408407783317,-0.359600750132276,-0.103330530851366,-0.285935458023539,NONE,-0.0895919598967582,Partial,0.44693779307133,1,2,3,4,3,3,0,3,3,7,1,1,2,3,2,3,0,3,0.297607266471232,0,200802
2232,20,RL,0.514797185695465,0.345169713758806,Pave,NONE,Lvl,Inside,Gtl,Timber,Norm,Norm,1Fam,1Story,6,5,1989,Wd Sdng,Wd Sdng,BrkFace,0.148771881422113,CBlock,0,0,1495,1495,GasA,0.268289832918241,SBrkr,-0.785025043886639,-0.0113839032366971,0,0,0.781365814350925,-0.756321032880405,0.169927088600022,-0.207698474525451,0.98684936683629,0.623631660646747,Attchd,0.263864287457761,-0.161080148539251,1.25125706354168,-0.702842766617084,2.62950581741242,-0.103330530851366,-0.285935458023539,NONE,-0.0895919598967582,Normal,0.44693779307133,1,2,2,4,2,3,3,3,3,7,1,1,2,3,2,1,0,1,0.297607266471232,0,200810
2233,20,RL,1.0524974427488,1.02678799832147,Pave,NONE,Lvl,Corner,Gtl,Timber,Norm,Norm,1Fam,1Story,6,5,1986,Plywood,HdBoard,BrkFace,0.707981124466718,CBlock,920,60,276,1256,GasA,0.268289832918241,SBrkr,-0.785025043886639,-0.483749194258687,0,0,0.781365814350925,-0.756321032880405,0.169927088600022,-0.207698474525451,-0.287758288825272,0.623631660646747,Attchd,0.257191827422567,0.488575551893513,1.48840200066814,-0.702842766617084,-0.359600750132276,-0.103330530851366,-0.285935458023539,NONE,-0.0895919598967582,Normal,0.44693779307133,1,3,3,4,3,4,2,3,3,7,6,3,2,3,3,3,0,1,0.297607266471232,0,200806
2234,20,RL,0.723902841216208,0.131109869230103,Pave,NONE,Lvl,Inside,Gtl,Timber,Norm,Norm,1Fam,1Story,8,5,2003,VinylSd,VinylSd,BrkFace,0.584955090996905,PConc,1029,0,403,1432,GasA,0.268289832918241,SBrkr,-0.785025043886639,-0.120087212886109,1,0,0.781365814350925,-0.756321032880405,0.169927088600022,-0.207698474525451,0.349545539005509,0.623631660646747,Attchd,0.295002434288667,-0.0265086105924641,0.721633370625912,0.703233195383511,-0.359600750132276,-0.103330530851366,-0.285935458023539,NONE,-0.0895919598967582,Normal,0.44693779307133,1,2,3,4,3,3,3,3,3,7,6,1,2,3,2,3,0,3,1.66911912442754,0,200809
2235,20,RL,-1.72562055202678,-0.285723489161985,Pave,NONE,Lvl,Inside,Gtl,Timber,Norm,Norm,1Fam,1Story,6,5,1999,VinylSd,VinylSd,None,-0.567015949674981,PConc,1223,0,443,1666,GasA,0.268289832918241,SBrkr,-0.785025043886639,0.344372382888651,1,0,0.781365814350925,-0.756321032880405,0.169927088600022,-0.207698474525451,-0.287758288825272,-0.924311211315714,Attchd,0.286105820908408,-0.175001342119953,0.563536745874937,0.0667988125832417,-0.359600750132276,-0.103330530851366,-0.285935458023539,NONE,-0.0895919598967582,Normal,-2.23744784062252,1,2,3,4,3,3,0,3,3,7,6,1,2,3,2,2,0,2,1.66911912442754,0,200804
2236,20,RL,0.634286131707318,0.16243260714396,Pave,NONE,HLS,Inside,Gtl,Timber,Norm,Norm,1Fam,1Story,8,5,2007,VinylSd,VinylSd,None,-0.567015949674981,PConc,1011,0,873,1884,GasA,0.268289832918241,SBrkr,-0.785025043886639,0.449122844914448,1,0,0.781365814350925,-0.756321032880405,0.169927088600022,-0.207698474525451,0.349545539005509,0.623631660646747,Attchd,0.303899047668925,0.219432475999939,-0.740760408320604,3.38217792298464,-0.359600750132276,-0.103330530851366,-0.285935458023539,NONE,-0.0895919598967582,Normal,0.44693779307133,1,2,3,4,3,3,4,3,3,7,6,1,2,3,2,3,0,3,0.297607266471232,0,200801
2237,20,RL,0.813519550725098,0.16217898173575,Pave,NONE,Lvl,Inside,Gtl,Timber,Norm,Norm,1Fam,1Story,8,5,2005,VinylSd,VinylSd,BrkFace,3.20205434844565,PConc,1571,0,393,1964,GasA,0.268289832918241,SBrkr,-0.785025043886639,0.915558864501015,1,0,0.781365814350925,1.23259887250509,0.169927088600022,-0.207698474525451,0.349545539005509,0.623631660646747,Attchd,0.299450740978796,1.945660480007,-0.740760408320604,3.21936912738458,-0.359600750132276,-0.103330530851366,-0.285935458023539,NONE,-0.0895919598967582,Normal,0.44693779307133,1,2,3,4,3,3,4,3,3,7,6,1,2,3,2,3,0,3,1.66911912442754,0,200809
2238,90,RM,1.17198638876066,-0.155740467454686,Pave,NONE,Lvl,Corner,Gtl,Mitchel,Norm,Norm,Duplex,SFoyer,7,5,1997,VinylSd,VinylSd,BrkFace,0.551402536414229,PConc,1309,0,35,1344,GasA,0.268289832918241,SBrkr,-0.785025043886639,-0.309823898819628,2,0,0.781365814350925,-0.756321032880405,-1.04580127322219,4.45593111885755,0.98684936683629,-0.924311211315714,Attchd,0.281657514218279,1.44449751110172,-0.740760408320604,-0.702842766617084,-0.359600750132276,-0.103330530851366,-0.285935458023539,NONE,-0.0895919598967582,Alloca,0.44693779307133,1,3,2,4,2,4,0,3,3,7,6,1,2,3,2,4,0,3,0.297607266471232,0,200803
2239,20,RL,0.574541658701392,-0.112877773467304,Pave,NONE,Lvl,FR2,Gtl,Mitchel,Feedr,Artery,1Fam,1Story,5,5,2007,VinylSd,VinylSd,None,-0.567015949674981,PConc,0,0,1092,1092,GasA,0.268289832918241,SBrkr,-0.785025043886639,-0.807882699395115,0,0,-1.02736282330994,-0.756321032880405,-1.04580127322219,-0.207698474525451,-0.925062116656053,-0.924311211315714,NONE,-4.15997671587587,-2.19357441132175,-0.740760408320604,0.0667988125832417,-0.359600750132276,-0.103330530851366,-0.285935458023539,NONE,-0.0895919598967582,Abnorml,0.44693779307133,1,2,2,4,2,3,0,0,0,7,1,1,2,3,3,1,0,0,0.297607266471232,0,200805
2240,120,RM,-0.769708983931955,-0.718788873679472,Pave,NONE,Lvl,FR2,Gtl,Mitchel,Norm,Norm,TwnhsE,1Story,6,5,1997,VinylSd,VinylSd,BrkFace,0.53462625912289,PConc,864,0,325,1189,GasA,0.268289832918241,SBrkr,-0.785025043886639,-0.616169589649789,1,0,0.781365814350925,-0.756321032880405,-1.04580127322219,-0.207698474525451,-1.56236594448683,-0.924311211315714,Attchd,0.281657514218279,-0.374538450110016,-0.740760408320604,1.10285478458368,-0.359600750132276,-0.103330530851366,-0.285935458023539,NONE,-0.0895919598967582,Normal,0.44693779307133,1,2,2,4,2,3,0,3,3,7,6,1,2,3,3,1,0,2,1.66911912442754,0,200807
2241,85,RL,2.75521492341771,0.503305155777344,Pave,NONE,Lvl,Corner,Gtl,Mitchel,Norm,Norm,1Fam,SFoyer,4,5,1964,HdBoard,HdBoard,BrkFace,-0.0189908914912681,CBlock,865,247,88,1200,GasA,0.268289832918241,SBrkr,-0.785025043886639,-0.594428927719906,1,0,-1.02736282330994,-0.756321032880405,0.169927088600022,-0.207698474525451,-0.287758288825272,-0.924311211315714,2Types,0.208260453831144,1.75076376987717,-0.740760408320604,1.05845238578366,-0.359600750132276,-0.103330530851366,2.75813735554536,NONE,-0.0895919598967582,Normal,0.44693779307133,1,2,2,3,2,3,0,3,3,7,5,2,2,3,3,3,0,3,0.297607266471232,0,200803
2242,120,RM,-1.72562055202678,-0.753789180012364,Pave,NONE,Lvl,Inside,Gtl,MeadowV,Norm,Norm,TwnhsE,1Story,5,6,1975,CemntBd,CmentBd,None,-0.567015949674981,PConc,769,0,271,1040,GasA,0.268289832918241,SBrkr,-0.785025043886639,-0.910656737609104,0,0,-1.02736282330994,-0.756321032880405,0.169927088600022,-0.207698474525451,-0.287758288825272,-0.924311211315714,Attchd,0.232726140626856,0.121984120935025,-0.740760408320604,0.777237193383542,-0.359600750132276,-0.103330530851366,-0.285935458023539,NONE,-0.0895919598967582,Normal,-2.23744784062252,1,2,2,3,2,3,0,3,3,7,6,1,2,3,3,1,0,1,0.297607266471232,0,200809
2243,160,RM,-0.500858855405285,-0.951490185711563,Pave,NONE,Lvl,Inside,Gtl,MeadowV,Norm,Norm,TwnhsE,2Story,5,7,1976,CemntBd,CmentBd,None,-0.567015949674981,PConc,318,0,232,550,GasA,0.268289832918241,SBrkr,0.498138863019727,-0.0509123794728469,0,0,0.781365814350925,-0.756321032880405,1.38565545042224,-0.207698474525451,-0.287758288825272,0.623631660646747,Attchd,0.234950293971921,-0.634400730283121,-0.0135159344661205,-0.318021977016921,-0.359600750132276,-0.103330530851366,-0.285935458023539,NONE,-0.0895919598967582,Normal,0.44693779307133,1,2,2,2,2,3,3,3,3,7,5,1,2,3,3,1,0,1,0.297607266471232,0,200808
2244,180,RM,-1.09830358546455,-1.0391177642479,Pave,NONE,Lvl,Inside,Gtl,MeadowV,Norm,Norm,Twnhs,SFoyer,4,7,1973,CemntBd,CmentBd,None,-0.567015949674981,CBlock,501,0,25,526,GasA,0.268289832918241,SBrkr,0.292832637914708,-1.01343077582309,1,0,-1.02736282330994,-0.756321032880405,-1.04580127322219,-0.207698474525451,-0.925062116656053,-0.924311211315714,BuiltIn,0.228277833936727,-0.815376246832248,0.207819340185244,0.792037992983548,-0.359600750132276,-0.103330530851366,-0.285935458023539,NONE,-0.0895919598967582,Normal,0.44693779307133,1,3,2,3,2,3,0,3,3,7,6,1,2,3,3,3,0,2,0.297607266471232,0,200809
2245,180,RM,-1.09830358546455,-1.08705296639947,Pave,NONE,Lvl,Inside,Gtl,MeadowV,Norm,Norm,Twnhs,SLvl,4,6,1973,CemntBd,CmentBd,None,-0.567015949674981,CBlock,437,0,25,462,GasA,0.268289832918241,SBrkr,0.292832637914708,-1.01343077582309,1,0,-1.02736282330994,-0.756321032880405,-2.26152963504441,-0.207698474525451,-1.56236594448683,0.623631660646747,BuiltIn,0.228277833936727,-0.815376246832248,-0.740760408320604,0.792037992983548,-0.359600750132276,4.66162712404814,-0.285935458023539,GdWo,-0.0895919598967582,Normal,0.44693779307133,1,2,2,2,2,3,1,3,3,7,6,1,2,3,3,4,0,2,0.297607266471232,0,200810
2246,20,RL,-1.72562055202678,0.99051956494753,Pave,NONE,Lvl,Corner,Gtl,Mitchel,Norm,Norm,1Fam,1Story,5,6,1968,Plywood,Plywood,None,-0.567015949674981,CBlock,785,0,328,1113,GasA,0.268289832918241,SBrkr,-0.785025043886639,-0.673485880192206,1,0,-1.02736282330994,-0.756321032880405,0.169927088600022,-0.207698474525451,-0.287758288825272,-0.924311211315714,Attchd,0.217157067211403,-1.00099216124161,-0.100469078079157,-0.702842766617084,-0.359600750132276,-0.103330530851366,-0.285935458023539,GdWo,0.791768137900632,Normal,-2.23744784062252,1,3,2,4,3,3,0,3,3,7,5,1,2,3,2,1,0,1,-0.250997476711292,0,200805
2247,160,RM,-1.09830358546455,-1.10214367818792,Pave,NONE,Lvl,Inside,Gtl,MeadowV,Norm,Norm,Twnhs,2Story,6,9,1970,CemntBd,CmentBd,None,-0.567015949674981,CBlock,358,0,188,546,GasA,0.268289832918241,SBrkr,0.488806761878589,-0.807882699395115,0,0,0.781365814350925,1.23259887250509,0.169927088600022,-0.207698474525451,-0.287758288825272,-0.924311211315714,NONE,-4.15997671587587,-2.19357441132175,0.737443033101009,-0.702842766617084,-0.359600750132276,-0.103330530851366,-0.285935458023539,NONE,-0.0895919598967582,Normal,0.44693779307133,1,3,2,4,2,3,0,0,0,7,6,1,2,3,3,1,0,0,-0.250997476711292,0,200806
2248,20,RL,0.0368414016480533,-0.466431592511156,Pave,NONE,Lvl,Inside,Gtl,Mitchel,Norm,Norm,1Fam,1Story,5,7,1983,VinylSd,VinylSd,None,-0.567015949674981,CBlock,534,0,282,816,GasA,0.268289832918241,SBrkr,-0.785025043886639,-1.35337567145398,0,1,-1.02736282330994,-0.756321032880405,-1.04580127322219,-0.207698474525451,-1.56236594448683,-0.924311211315714,Attchd,0.250519367387373,-0.968509376219971,1.74926143150725,-0.702842766617084,-0.359600750132276,-0.103330530851366,-0.285935458023539,GdWo,-0.0895919598967582,Normal,0.44693779307133,1,3,2,4,2,3,0,3,3,7,6,1,2,3,3,1,0,1,-0.250997476711292,0,200807
2249,20,RL,0.0667136381510165,-0.452482195059641,Pave,NONE,Lvl,Inside,Gtl,Mitchel,Norm,Norm,1Fam,1Story,5,6,1982,HdBoard,Plywood,None,-0.567015949674981,CBlock,638,0,207,845,GasA,0.268289832918241,SBrkr,-0.785025043886639,-1.29605938091156,0,0,-1.02736282330994,-0.756321032880405,0.169927088600022,-0.207698474525451,-0.287758288825272,-0.924311211315714,Attchd,0.248295214042309,-0.968509376219971,-0.740760408320604,-0.702842766617084,-0.359600750132276,-0.103330530851366,-0.285935458023539,NONE,-0.0895919598967582,Normal,0.44693779307133,1,2,2,3,3,3,0,3,3,7,6,1,2,3,3,1,0,1,-0.250997476711292,0,200810
2250,20,RL,0.484924949192502,0.282397425226988,Pave,NONE,Lvl,Corner,Gtl,Mitchel,Norm,Norm,1Fam,1Story,5,6,1984,HdBoard,Plywood,None,-0.567015949674981,CBlock,647,0,217,864,GasA,0.268289832918241,SBrkr,-0.785025043886639,-1.20909673319204,0,0,-1.02736282330994,-0.756321032880405,0.169927088600022,-0.207698474525451,-0.287758288825272,-0.924311211315714,Attchd,0.252743520732438,0.0523781530315144,-0.740760408320604,-0.702842766617084,-0.359600750132276,-0.103330530851366,-0.285935458023539,NONE,-0.0895919598967582,Normal,0.44693779307133,1,2,2,2,2,3,0,3,3,7,5,1,2,3,3,1,0,1,-0.250997476711292,0,200807
2251,70,NONE,-1.72562055202678,5.88815301017444,Pave,NONE,Low,Inside,Gtl,IDOTRR,Norm,Norm,1Fam,2.5Unf,5,1,1900,Wd Sdng,Wd Sdng,None,-0.567015949674981,BrkTil,0,0,686,686,GasA,0.268289832918241,SBrkr,0.815430301818391,0.662576616589656,0,0,0.781365814350925,-0.756321032880405,1.38565545042224,-0.207698474525451,0.349545539005509,-0.924311211315714,Detchd,0.0659146397470056,-0.857139827574354,-0.740760408320604,-0.702842766617084,-0.359600750132276,-0.103330530851366,-0.285935458023539,NONE,-0.0895919598967582,Normal,-2.23744784062252,1,2,2,4,2,3,0,3,2,3,1,1,0,3,2,1,0,1,-0.250997476711292,0,200801
2252,20,RL,0.813519550725098,0.0632650725340988,Pave,NONE,Lvl,Inside,Gtl,NAmes,Norm,Norm,1Fam,1Story,6,6,1971,MetalSd,MetalSd,BrkFace,1.12179596431973,CBlock,838,0,749,1587,GasA,0.268289832918241,SBrkr,-0.785025043886639,0.170447087449592,0,0,0.781365814350925,-0.756321032880405,0.169927088600022,-0.207698474525451,0.349545539005509,0.623631660646747,Attchd,0.223829527246597,0.242634465301109,-0.740760408320604,-0.0516075842168084,-0.359600750132276,-0.103330530851366,-0.285935458023539,NONE,-0.0895919598967582,Normal,0.44693779307133,1,2,2,2,2,3,4,3,3,7,4,1,2,3,3,1,0,1,-0.250997476711292,0,200706
2253,80,RL,-0.0527753078608365,-0.164363731333805,Pave,NONE,HLS,Inside,Gtl,Gilbert,Norm,Norm,1Fam,SLvl,6,5,1997,VinylSd,VinylSd,None,-0.567015949674981,PConc,0,0,384,384,GasA,0.268289832918241,SBrkr,0.684780885842471,-0.230766946347328,0,0,0.781365814350925,1.23259887250509,0.169927088600022,-0.207698474525451,0.349545539005509,0.623631660646747,BuiltIn,0.281657514218279,-0.383819245830484,-0.740760408320604,-0.702842766617084,-0.359600750132276,-0.103330530851366,-0.285935458023539,NONE,-0.0895919598967582,Normal,0.44693779307133,1,2,2,3,2,3,3,3,3,7,1,1,2,3,2,1,0,3,0.297607266471232,0,200706
2254,80,RL,-1.72562055202678,-0.00267753360033561,Pave,NONE,Lvl,CulDSac,Gtl,Gilbert,Norm,Norm,1Fam,SLvl,6,5,1994,HdBoard,HdBoard,BrkFace,-0.388068991900707,PConc,186,0,206,392,GasA,0.268289832918241,SBrkr,1.01140442578227,0.381924435312993,0,0,0.781365814350925,1.23259887250509,0.169927088600022,-0.207698474525451,0.349545539005509,0.623631660646747,BuiltIn,0.274985054183085,-0.346696062948612,1.28287638849187,0.244408407783317,-0.359600750132276,-0.103330530851366,-0.285935458023539,MnPrv,-0.0895919598967582,Normal,-2.23744784062252,1,2,2,3,2,3,3,3,3,7,2,1,2,3,2,1,0,3,0.297607266471232,0,200706
2255,60,RL,-1.72562055202678,-0.194164716798405,Pave,NONE,Lvl,Inside,Gtl,Gilbert,Norm,Norm,1Fam,2Story,6,5,1999,VinylSd,VinylSd,None,-0.567015949674981,PConc,871,0,52,923,GasA,0.268289832918241,SBrkr,1.00440534992642,0.421452911549143,1,0,0.781365814350925,1.23259887250509,0.169927088600022,-0.207698474525451,0.349545539005509,0.623631660646747,Attchd,0.288329974253473,-0.100754976356208,1.28287638849187,0.00759561418321662,-0.359600750132276,-0.103330530851366,-0.285935458023539,NONE,-0.0895919598967582,Abnorml,-2.23744784062252,1,2,2,3,2,3,3,3,3,7,5,1,2,3,2,1,0,3,0.297607266471232,0,200707
2256,60,RL,0.156330347659906,-0.290795997326172,Pave,NONE,Lvl,Inside,Gtl,Gilbert,Norm,Norm,1Fam,2Story,7,5,1996,HdBoard,HdBoard,None,-0.567015949674981,PConc,414,0,277,691,GasA,0.268289832918241,SBrkr,1.22604275202843,0.103248677848137,0,0,0.781365814350925,1.23259887250509,0.169927088600022,-0.207698474525451,-0.287758288825272,-0.924311211315714,Attchd,0.279433360873214,-0.244607310023463,-0.740760408320604,-0.0516075842168084,-0.359600750132276,-0.103330530851366,-0.285935458023539,NONE,-0.0895919598967582,Normal,0.44693779307133,1,2,3,3,3,3,0,3,3,7,3,1,2,3,3,1,0,3,0.297607266471232,0,200711
2257,60,RL,0.0667136381510165,-0.338350761365428,Pave,NONE,Lvl,Inside,Gtl,Gilbert,Norm,Norm,1Fam,2Story,6,5,1999,VinylSd,VinylSd,None,-0.567015949674981,PConc,0,0,938,938,GasA,0.268289832918241,SBrkr,2.34589488896489,1.57766084145652,0,0,2.59009445201179,1.23259887250509,2.60138381224446,-0.207698474525451,0.349545539005509,0.623631660646747,Attchd,0.286105820908408,0.0430973573110463,0.745347864338558,-0.258818778616896,-0.359600750132276,-0.103330530851366,-0.285935458023539,NONE,-0.0895919598967582,Normal,0.44693779307133,1,2,2,4,2,3,3,3,3,7,1,1,2,3,3,1,0,3,0.297607266471232,0,200711
2258,20,RL,-1.72562055202678,-0.0776238417262024,Pave,NONE,Lvl,Corner,Gtl,Gilbert,Norm,Norm,1Fam,1Story,7,5,1992,HdBoard,HdBoard,BrkFace,-0.276227143291786,PConc,0,0,1168,1168,GasA,0.268289832918241,SBrkr,-0.785025043886639,-0.620122437273404,0,0,0.781365814350925,-0.756321032880405,0.169927088600022,-0.207698474525451,-0.287758288825272,-0.924311211315714,Attchd,0.270536747492955,-0.244607310023463,-0.740760408320604,-0.392025975016952,-0.359600750132276,-0.103330530851366,-0.285935458023539,NONE,-0.0895919598967582,Normal,-2.23744784062252,1,2,2,3,3,3,0,3,3,7,1,1,2,3,2,1,0,2,0.297607266471232,0,200711
2259,60,RL,-1.72562055202678,-0.318694792229202,Pave,NONE,Lvl,CulDSac,Gtl,Gilbert,Norm,Norm,1Fam,2Story,6,5,1993,HdBoard,HdBoard,None,-0.567015949674981,PConc,0,0,903,903,GasA,0.268289832918241,SBrkr,0.922749464941469,0.279150397099004,0,0,0.781365814350925,1.23259887250509,0.169927088600022,-0.207698474525451,0.349545539005509,0.623631660646747,Attchd,0.27276090083802,-0.374538450110016,1.55164065056853,0.540424399783442,-0.359600750132276,-0.103330530851366,-0.285935458023539,NONE,-0.0895919598967582,Normal,-2.23744784062252,1,2,2,3,2,3,3,3,3,7,1,1,2,3,2,1,0,2,0.297607266471232,0,200710
2260,20,RL,3.05393728844734,1.01347266439048,Grvl,NONE,Lvl,Inside,Gtl,Gilbert,Norm,Norm,1Fam,1Story,6,6,1964,HdBoard,HdBoard,BrkCmn,0.204692805726574,CBlock,550,0,752,1302,GasA,0.268289832918241,SBrkr,-0.785025043886639,-0.736731442170045,1,0,-1.02736282330994,-0.756321032880405,0.169927088600022,-0.207698474525451,-0.287758288825272,0.623631660646747,Attchd,0.208260453831144,0.0338165615905783,-0.740760408320604,0.895643590183592,3.47019203953437,-0.103330530851366,-0.285935458023539,MnPrv,-0.0895919598967582,Alloca,0.44693779307133,1,2,2,1,2,3,3,3,3,7,4,1,1,3,3,3,0,1,-0.250997476711292,0,200706
2261,120,RL,-0.590475564914175,-0.688353824694349,Pave,NONE,Lvl,Inside,Gtl,StoneBr,Norm,Norm,TwnhsE,1Story,8,5,1988,CemntBd,CmentBd,None,-0.567015949674981,CBlock,248,0,918,1166,GasA,0.268289832918241,SBrkr,-0.785025043886639,-0.635933827767863,1,0,0.781365814350925,-0.756321032880405,-1.04580127322219,-0.207698474525451,-0.925062116656053,-0.924311211315714,Attchd,0.261640134112697,0.0338165615905783,-0.740760408320604,0.895643590183592,-0.359600750132276,-0.103330530851366,2.1172799211098,NONE,-0.0895919598967582,Normal,0.44693779307133,1,2,3,3,2,3,0,3,3,7,6,1,2,3,2,4,0,2,0.297607266471232,0,200702
2262,120,RL,-0.680092274423065,-0.640418622542779,Pave,NONE,HLS,Inside,Gtl,StoneBr,Norm,Norm,TwnhsE,1Story,8,5,1990,CemntBd,CmentBd,None,-0.567015949674981,PConc,926,0,386,1312,GasA,0.268289832918241,SBrkr,-0.785025043886639,-0.3552816464912,1,0,-1.02736282330994,-0.756321032880405,-2.26152963504441,-0.207698474525451,-1.56236594448683,0.623631660646747,Attchd,0.266088440802826,0.0523781530315144,-0.740760408320604,0.244408407783317,1.81995612203574,-0.103330530851366,-0.285935458023539,NONE,-0.0895919598967582,Normal,0.44693779307133,1,2,3,3,3,3,3,3,3,7,6,1,2,3,2,4,0,2,0.297607266471232,0,200711
2263,60,RL,1.20185862526362,0.273900974051975,Pave,NONE,Lvl,Inside,Gtl,StoneBr,Norm,Norm,1Fam,2Story,8,5,2005,VinylSd,VinylSd,Stone,0.249429545170142,PConc,986,0,163,1149,GasA,0.268289832918241,SBrkr,2.42755077394984,2.05595540391394,1,0,2.59009445201179,1.23259887250509,1.38565545042224,-0.207698474525451,2.26145702249785,0.623631660646747,BuiltIn,0.299450740978796,1.18927562878885,0.207819340185244,-0.229217179416884,-0.359600750132276,-0.103330530851366,-0.285935458023539,NONE,-0.0895919598967582,Normal,0.44693779307133,1,2,3,4,4,3,4,3,3,7,6,1,2,3,2,2,0,3,1.66911912442754,0,200710
2264,20,RL,-0.172264253872689,5.30151744098618,Pave,NONE,Lvl,CulDSac,Gtl,StoneBr,PosN,Norm,1Fam,1Story,9,5,2006,VinylSd,VinylSd,BrkFace,3.40336967594171,PConc,1101,0,1559,2660,GasA,0.268289832918241,SBrkr,-0.785025043886639,1.65474137011702,1,0,0.781365814350925,1.23259887250509,1.38565545042224,-0.207698474525451,0.98684936683629,2.17157453260921,Attchd,0.299450740978796,2.95726721353801,-0.740760408320604,1.29526517938376,-0.359600750132276,-0.103330530851366,5.4461782610945,NONE,-0.0895919598967582,Partial,0.44693779307133,1,2,4,4,3,3,4,4,3,7,6,1,2,3,2,3,0,3,1.66911912442754,0,200709
2265,190,RL,4.09946556605106,3.98596244860421,Pave,NONE,Lvl,FR2,Gtl,Gilbert,Norm,Norm,2fmCon,1Story,5,5,1969,HdBoard,HdBoard,None,-0.567015949674981,CBlock,1047,0,53,1100,GasW,0.268289832918241,SBrkr,-0.785025043886639,-0.151709993875029,1,0,-1.02736282330994,1.23259887250509,0.169927088600022,-0.207698474525451,0.349545539005509,-0.924311211315714,2Types,0.219381220556468,1.64867501695202,0.397535289886414,-0.702842766617084,-0.359600750132276,-0.103330530851366,-0.285935458023539,NONE,-0.0895919598967582,Normal,0.44693779307133,1,2,2,2,2,3,0,3,3,4,5,1,0,3,2,4,0,1,0.297607266471232,0,200703
2266,120,RL,0.0965858746539798,-0.270505964669423,Pave,NONE,HLS,Inside,Gtl,StoneBr,Norm,Norm,TwnhsE,1Story,9,5,2006,MetalSd,MetalSd,BrkFace,0.355679301348617,PConc,797,0,815,1612,GasA,0.268289832918241,SBrkr,-0.785025043886639,0.219857682744779,1,0,0.781365814350925,-0.756321032880405,-1.04580127322219,-0.207698474525451,-0.287758288825272,0.623631660646747,Attchd,0.301674894323861,0.386486798968364,-0.740760408320604,1.72448836778394,-0.359600750132276,-0.103330530851366,-0.285935458023539,NONE,-0.0895919598967582,Normal,0.44693779307133,1,2,3,4,4,3,4,3,3,7,6,1,2,3,2,4,0,3,1.66911912442754,0,200706
2267,20,RL,0.813519550725098,0.496330457051586,Pave,NONE,HLS,Inside,Gtl,StoneBr,Norm,Norm,1Fam,1Story,8,5,2006,VinylSd,VinylSd,BrkFace,4.71751139709653,PConc,1558,0,662,2220,GasA,0.268289832918241,SBrkr,-0.785025043886639,1.44919329368904,1,0,-1.02736282330994,1.23259887250509,-2.26152963504441,-0.207698474525451,0.349545539005509,0.623631660646747,Attchd,0.301674894323861,1.16607363948768,2.3421237743234,0.481221201383417,-0.359600750132276,-0.103330530851366,-0.285935458023539,NONE,-0.0895919598967582,Normal,0.44693779307133,1,2,3,4,3,4,4,3,3,7,6,1,2,3,2,4,0,2,1.66911912442754,0,200701
2268,20,RL,0.694030604713245,0.469446163781394,Pave,NONE,HLS,Inside,Gtl,StoneBr,PosA,PosA,1Fam,1Story,10,5,2006,CemntBd,CmentBd,BrkFace,0.831007157936531,PConc,1152,0,590,1742,GasA,0.268289832918241,SBrkr,-0.785025043886639,1.069719921822,1,0,0.781365814350925,-0.756321032880405,0.169927088600022,-0.207698474525451,0.98684936683629,0.623631660646747,Attchd,0.303899047668925,1.16607363948768,1.15639908869109,0.0667988125832417,-0.359600750132276,-0.103330530851366,2.81154214174832,NONE,-0.0895919598967582,Partial,0.44693779307133,1,2,4,4,4,3,4,3,3,7,6,1,2,3,2,4,0,3,1.66911912442754,0,200702
2269,20,RL,-1.72562055202678,0.10042119483677,Pave,NONE,Lvl,Inside,Gtl,NWAmes,Norm,Norm,1Fam,1Story,6,5,1984,HdBoard,HdBoard,None,-0.567015949674981,CBlock,256,0,1028,1284,GasA,0.268289832918241,SBrkr,-0.785025043886639,-0.428409327528077,1,0,0.781365814350925,-0.756321032880405,0.169927088600022,-0.207698474525451,-0.925062116656053,-0.924311211315714,Attchd,0.252743520732438,0.0338165615905783,-0.740760408320604,-0.702842766617084,2.62950581741242,-0.103330530851366,-0.285935458023539,NONE,-0.0895919598967582,Abnorml,-2.23744784062252,1,2,2,2,2,3,0,3,3,7,6,1,2,3,2,1,0,1,0.297607266471232,0,200707
2270,60,RL,0.604413895204355,0.243719550475061,Pave,NONE,Lvl,Inside,Gtl,NWAmes,Norm,Norm,1Fam,2Story,7,7,1981,MetalSd,MetalSd,BrkFace,1.14416433404151,CBlock,321,0,404,725,GasA,0.268289832918241,SBrkr,0.974076021217724,-0.0430066842256169,0,0,0.781365814350925,1.23259887250509,0.169927088600022,-0.207698474525451,-0.287758288825272,0.623631660646747,Attchd,0.246071060697244,0.0523781530315144,0.579346408350034,0.362814804583367,-0.359600750132276,-0.103330530851366,-0.285935458023539,NONE,-0.0895919598967582,Normal,0.44693779307133,1,2,3,4,3,3,3,3,3,7,5,1,2,3,3,1,0,2,0.297607266471232,0,200706
2271,20,RL,1.0524974427488,0.270223405632939,Pave,NONE,Lvl,Inside,Gtl,NWAmes,Norm,Norm,1Fam,1Story,7,6,1978,Plywood,Plywood,Stone,-0.192345756835096,CBlock,1328,0,201,1529,GasA,0.268289832918241,SBrkr,-0.785025043886639,0.322631720958768,1,0,0.781365814350925,-0.756321032880405,0.169927088600022,-0.207698474525451,0.349545539005509,0.623631660646747,Attchd,0.23939860066205,0.883009370013405,-0.740760408320604,-0.702842766617084,-0.359600750132276,-0.103330530851366,-0.285935458023539,NONE,-0.0895919598967582,Normal,0.44693779307133,1,2,2,2,3,3,3,3,3,7,6,1,2,3,3,1,0,3,0.297607266471232,0,200712
2272,60,RL,0.0965858746539798,0.148483209692445,Pave,NONE,Lvl,Inside,Gtl,NWAmes,PosA,Norm,1Fam,2Story,7,5,1979,HdBoard,Plywood,BrkFace,2.5030427946399,CBlock,758,0,22,780,GasA,0.268289832918241,SBrkr,1.1863813221786,0.84836045489956,1,0,0.781365814350925,1.23259887250509,1.38565545042224,-0.207698474525451,1.62415319466707,0.623631660646747,Attchd,0.241622754007115,0.0384569594508123,0.776967189288753,0.362814804583367,-0.359600750132276,-0.103330530851366,-0.285935458023539,NONE,-0.0895919598967582,Normal,0.44693779307133,1,2,2,2,3,3,3,3,3,7,5,1,2,3,2,1,0,3,0.297607266471232,0,200706
2273,20,RL,0.634286131707318,0.213284501489937,Pave,NONE,Lvl,FR2,Gtl,NWAmes,Norm,Norm,1Fam,1Story,6,6,1984,Plywood,Plywood,BrkFace,-0.0189908914912681,CBlock,781,0,372,1153,GasA,0.268289832918241,SBrkr,-0.785025043886639,-0.639886675391478,0,0,0.781365814350925,-0.756321032880405,0.169927088600022,-0.207698474525451,-0.287758288825272,-0.924311211315714,Attchd,0.252743520732438,0.103422529494089,0.871825164139338,0.821639592183561,-0.359600750132276,-0.103330530851366,-0.285935458023539,MnPrv,-0.0895919598967582,Normal,0.44693779307133,1,2,2,2,3,3,0,3,3,7,5,1,2,3,3,1,0,3,0.297607266471232,0,200711
2274,20,RL,0.664158368210282,0.0294060805381488,Pave,NONE,Lvl,Inside,Gtl,NWAmes,Norm,Norm,1Fam,1Story,6,5,1979,MetalSd,MetalSd,BrkFace,0.847783435227869,CBlock,903,0,356,1259,GasA,0.268289832918241,SBrkr,-0.785025043886639,-0.29203608451336,1,0,0.781365814350925,-0.756321032880405,-1.04580127322219,-0.207698474525451,-0.925062116656053,0.623631660646747,Attchd,0.241622754007115,0.0245357658701102,1.15639908869109,1.3840699769838,-0.359600750132276,-0.103330530851366,-0.285935458023539,NONE,-0.0895919598967582,Normal,0.44693779307133,1,2,2,4,2,3,3,3,3,7,6,1,2,3,3,1,0,2,0.297607266471232,0,200711
2275,20,RL,2.09802572035252,0.359245923914426,Pave,NONE,Lvl,Inside,Gtl,NWAmes,PosN,Norm,1Fam,1Story,6,5,1971,HdBoard,HdBoard,BrkFace,0.417192318083524,CBlock,492,121,1012,1625,GasA,0.268289832918241,SBrkr,-0.785025043886639,-0.554900451483756,0,1,0.781365814350925,-0.756321032880405,-1.04580127322219,-0.207698474525451,-0.287758288825272,0.623631660646747,Attchd,0.223829527246597,2.18696116873917,-0.740760408320604,-0.702842766617084,3.51689682965226,-0.103330530851366,-0.285935458023539,NONE,-0.0895919598967582,Normal,0.44693779307133,1,2,2,2,2,3,3,3,3,7,5,4,2,3,2,2,0,1,-0.250997476711292,0,200712
2276,80,RL,0.18620258416287,-0.149273019545347,Pave,NONE,Lvl,CulDSac,Gtl,NWAmes,PosN,Norm,1Fam,SLvl,7,6,1976,Plywood,Plywood,Stone,0.159956066283005,CBlock,624,604,0,1228,GasA,0.268289832918241,SBrkr,-0.785025043886639,-0.349352375055778,0,1,0.781365814350925,-0.756321032880405,0.169927088600022,-0.207698474525451,-0.925062116656053,0.623631660646747,Attchd,0.234950293971921,0.521058336915151,2.47650590536173,-0.170013981016859,-0.359600750132276,-0.103330530851366,-0.285935458023539,NONE,-0.0895919598967582,Normal,0.44693779307133,1,2,2,2,3,3,2,3,3,7,6,3,2,3,2,4,0,3,0.297607266471232,0,200705
2277,60,RL,0.664158368210282,-0.274944409313087,Pave,NONE,Lvl,Inside,Gtl,NWAmes,PosN,Norm,1Fam,2Story,6,6,1974,HdBoard,HdBoard,None,-0.567015949674981,CBlock,931,153,0,1084,GasA,0.268289832918241,SBrkr,1.06506400734381,0.743609992873763,1,0,0.781365814350925,1.23259887250509,1.38565545042224,-0.207698474525451,0.98684936683629,0.623631660646747,Attchd,0.230501987281791,0.0709397444724505,-0.740760408320604,0.718033994983517,-0.359600750132276,-0.103330530851366,-0.285935458023539,NONE,-0.0895919598967582,Normal,0.44693779307133,1,2,2,2,2,3,3,3,3,7,5,2,2,3,3,1,0,1,-0.250997476711292,0,200703
2278,20,RL,0.156330347659906,-0.0901782994325659,Pave,NONE,Lvl,Inside,Gtl,NAmes,Norm,Norm,1Fam,1Story,5,6,1970,MetalSd,MetalSd,None,-0.567015949674981,CBlock,566,0,359,925,GasA,0.268289832918241,SBrkr,-0.785025043886639,-0.155662841498644,1,0,-1.02736282330994,-0.756321032880405,0.169927088600022,-0.207698474525451,0.349545539005509,-0.924311211315714,Detchd,0.261640134112697,0.479294756173045,1.25125706354168,-0.702842766617084,-0.359600750132276,-0.103330530851366,-0.285935458023539,GdWo,-0.0895919598967582,Normal,0.44693779307133,1,2,2,2,2,3,0,3,3,5,5,1,2,3,3,1,0,1,-0.250997476711292,0,200712
2279,20,RL,0.245947057168796,-0.285089425641461,Pave,NONE,Lvl,Inside,Gtl,NAmes,Norm,Norm,1Fam,1Story,5,5,1970,HdBoard,HdBoard,BrkFace,-0.388068991900707,CBlock,81,619,214,914,GasA,0.268289832918241,SBrkr,-0.785025043886639,-1.15968613789685,0,0,-1.02736282330994,-0.756321032880405,0.169927088600022,-0.207698474525451,-0.925062116656053,-0.924311211315714,Attchd,0.221605373901533,-0.485907998755633,0.207819340185244,-0.702842766617084,-0.359600750132276,-0.103330530851366,-0.285935458023539,NONE,-0.0895919598967582,Normal,0.44693779307133,1,2,2,4,4,3,0,3,4,7,5,6,2,3,3,1,0,2,-0.250997476711292,0,200702
2280,20,RL,-1.72562055202678,0.891605655745879,Pave,NONE,Lvl,FR2,Gtl,NAmes,Norm,Norm,1Fam,1Story,4,7,1961,MetalSd,MetalSd,None,-0.567015949674981,BrkTil,314,0,600,914,GasA,0.268289832918241,SBrkr,-0.785025043886639,-1.15968613789685,0,0,-1.02736282330994,-0.756321032880405,-1.04580127322219,-0.207698474525451,-1.56236594448683,-0.924311211315714,Basment,0.20158799379595,-0.940666989058567,0.365915964936219,-0.702842766617084,-0.359600750132276,-0.103330530851366,-0.285935458023539,GdWo,-0.0895919598967582,Normal,-2.23744784062252,1,3,2,4,2,3,0,2,3,7,5,1,2,3,3,1,0,1,-0.250997476711292,0,200710
2281,120,RH,-0.739836747428991,-0.767865390167984,Pave,NONE,Lvl,Inside,Gtl,NAmes,Norm,Norm,TwnhsE,1Story,6,5,2001,MetalSd,MetalSd,None,-0.567015949674981,PConc,0,0,1337,1337,GasA,0.268289832918241,SBrkr,-0.785025043886639,-0.32365886550228,0,0,0.781365814350925,-0.756321032880405,-1.04580127322219,-0.207698474525451,-0.925062116656053,0.623631660646747,Attchd,0.290554127598537,0.177668895257833,0.334296639986024,0.303611606183342,-0.359600750132276,-0.103330530851366,-0.285935458023539,NONE,-0.0895919598967582,Normal,0.44693779307133,1,2,3,4,3,3,3,3,3,7,1,1,2,3,2,2,0,3,0.297607266471232,0,200710
2282,120,RH,-0.948942402949734,0.0982653788669909,Pave,NONE,Lvl,FR2,Gtl,NAmes,Norm,Norm,TwnhsE,1Story,6,5,1997,MetalSd,MetalSd,None,-0.567015949674981,PConc,930,0,475,1405,GasA,0.268289832918241,SBrkr,-0.785025043886639,-0.32365886550228,1,0,0.781365814350925,-0.756321032880405,-1.04580127322219,-0.207698474525451,-0.925062116656053,0.623631660646747,Attchd,0.281657514218279,0.228713271720407,-0.740760408320604,0.303611606183342,-0.359600750132276,-0.103330530851366,-0.285935458023539,NONE,-0.0895919598967582,Normal,0.44693779307133,1,2,3,4,3,3,3,3,3,7,6,1,2,3,1,1,0,3,0.297607266471232,0,200702
2283,160,RM,-1.09830358546455,-1.00982402959972,Pave,NONE,Lvl,Inside,Gtl,BrDale,Norm,Norm,Twnhs,2Story,6,6,1973,HdBoard,HdBoard,BrkFace,2.60370045838793,CBlock,312,0,213,525,GasA,0.268289832918241,SBrkr,0.53780029286956,-0.807882699395115,0,0,-1.02736282330994,1.23259887250509,0.169927088600022,-0.207698474525451,-0.287758288825272,-0.924311211315714,Detchd,0.228277833936727,-0.968509376219971,0.397535289886414,-0.702842766617084,-0.359600750132276,-0.103330530851366,-0.285935458023539,NONE,-0.0895919598967582,Normal,0.44693779307133,1,2,2,2,2,3,0,3,3,7,5,1,2,3,3,1,0,1,-0.250997476711292,0,200705
2284,160,RM,-1.09830358546455,-1.0284654971031,Pave,NONE,Lvl,Inside,Gtl,BrDale,Norm,Norm,Twnhs,2Story,6,5,1973,HdBoard,HdBoard,BrkFace,0.914888544393222,CBlock,0,0,672,672,GasA,0.268289832918241,SBrkr,0.488806761878589,-0.558853299107371,0,0,-1.02736282330994,1.23259887250509,1.38565545042224,-0.207698474525451,0.349545539005509,-0.924311211315714,Detchd,0.228277833936727,-0.968509376219971,-0.740760408320604,-0.288420377816909,-0.359600750132276,-0.103330530851366,-0.285935458023539,NONE,-0.0895919598967582,Normal,0.44693779307133,1,2,2,4,4,3,0,3,3,7,1,1,2,3,3,1,0,1,-0.250997476711292,0,200704
2285,120,RL,-1.00868687595566,-0.997269571893353,Pave,NONE,Lvl,Inside,Gtl,NPkVill,Norm,Norm,Twnhs,1Story,7,7,1978,Plywood,Brk Cmn,None,-0.567015949674981,CBlock,632,6,423,1061,GasA,0.268289832918241,SBrkr,-0.785025043886639,-0.881010380431992,0,0,0.781365814350925,-0.756321032880405,-1.04580127322219,-0.207698474525451,-1.56236594448683,-0.924311211315714,Attchd,0.23939860066205,-0.7132874939071,0.112961365334659,-0.229217179416884,-0.359600750132276,-0.103330530851366,-0.285935458023539,NONE,-0.0895919598967582,Normal,0.44693779307133,1,2,2,2,2,3,0,3,3,7,6,1,2,3,3,1,0,1,0.297607266471232,0,200707
2286,20,RL,0.216074820665833,-0.382735207802066,Pave,NONE,Lvl,Inside,Gtl,NAmes,Norm,Norm,1Fam,1Story,5,6,1966,HdBoard,HdBoard,BrkFace,-0.276227143291786,CBlock,725,0,263,988,GasA,0.268289832918241,SBrkr,-0.785025043886639,-1.01343077582309,1,0,-1.02736282330994,-0.756321032880405,0.169927088600022,-0.207698474525451,-0.925062116656053,-0.924311211315714,Detchd,0.230501987281791,-0.523031181637505,-0.740760408320604,-0.702842766617084,-0.359600750132276,-0.103330530851366,-0.285935458023539,NONE,-0.0895919598967582,Normal,0.44693779307133,1,2,2,2,2,3,0,3,3,7,4,1,2,3,3,1,0,1,-0.250997476711292,0,200703
2287,20,RL,1.14211415225769,0.291781565330735,Pave,NONE,Lvl,FR2,Gtl,NridgHt,Norm,Norm,1Fam,1Story,9,5,2006,VinylSd,VinylSd,Stone,1.54679498903362,PConc,1151,0,639,1790,GasA,0.268289832918241,SBrkr,-0.785025043886639,0.623048140353507,1,0,0.781365814350925,-0.756321032880405,0.169927088600022,-0.207698474525451,0.349545539005509,0.623631660646747,Attchd,0.303899047668925,1.19391602664908,0.72953820186346,-0.170013981016859,-0.359600750132276,-0.103330530851366,-0.285935458023539,NONE,-0.0895919598967582,Partial,0.44693779307133,1,2,4,4,4,3,4,3,3,7,6,1,2,3,3,4,0,3,1.66911912442754,0,200711
2288,20,RL,0.992752969742877,0.21011418388732,Pave,NONE,Lvl,Inside,Gtl,NridgHt,Norm,Norm,1Fam,1Story,8,5,2006,CemntBd,CmentBd,Stone,1.12179596431973,PConc,0,0,1694,1694,GasA,0.268289832918241,SBrkr,-0.785025043886639,0.381924435312993,0,0,0.781365814350925,-0.756321032880405,0.169927088600022,-0.207698474525451,0.349545539005509,0.623631660646747,Attchd,0.301674894323861,1.77860615703857,-0.740760408320604,0.954846788583617,-0.359600750132276,-0.103330530851366,-0.285935458023539,NONE,-0.0895919598967582,Partial,0.44693779307133,1,2,3,4,3,3,4,3,3,7,1,1,2,3,3,2,0,2,1.66911912442754,0,200709
2289,20,RL,1.56032546329918,0.528160445781861,Pave,NONE,Lvl,Corner,Gtl,NridgHt,Norm,Norm,1Fam,1Story,8,5,2007,VinylSd,VinylSd,None,-0.567015949674981,PConc,1518,0,590,2108,GasA,0.268289832918241,SBrkr,-0.785025043886639,1.2278338267666,1,0,0.781365814350925,1.23259887250509,-1.04580127322219,-0.207698474525451,0.349545539005509,0.623631660646747,Attchd,0.303899047668925,2.15911878157776,0.286867652560731,1.39887077658381,-0.359600750132276,-0.103330530851366,-0.285935458023539,NONE,-0.0895919598967582,Partial,0.44693779307133,1,2,3,4,3,3,5,3,3,7,6,1,2,3,3,4,0,3,0.297607266471232,0,200703
2290,60,RL,1.47070875379029,0.440406054541422,Pave,NONE,Lvl,Inside,Gtl,NridgHt,Norm,Norm,1Fam,2Story,9,5,2007,CemntBd,CmentBd,BrkFace,1.98297819860842,PConc,1304,0,630,1934,GasA,0.268289832918241,SBrkr,0.878421984521068,2.2832441422718,1,0,0.781365814350925,1.23259887250509,0.169927088600022,-0.207698474525451,0.98684936683629,0.623631660646747,Attchd,0.303899047668925,2.63243936332163,1.37773436334246,0.155603610183279,-0.359600750132276,-0.103330530851366,-0.285935458023539,NONE,-0.0895919598967582,Partial,0.44693779307133,1,2,4,4,4,3,4,3,3,7,6,1,2,3,3,4,0,2,1.66911912442754,0,200704
2291,60,RL,1.56032546329918,0.414916701016381,Pave,NONE,Lvl,Inside,Gtl,NridgHt,Norm,Norm,1Fam,2Story,8,5,2006,VinylSd,VinylSd,BrkFace,0.495481612109768,PConc,0,0,1108,1108,GasA,0.268289832918241,SBrkr,2.48587640608195,2.0737432182202,0,0,0.781365814350925,1.23259887250509,1.38565545042224,-0.207698474525451,2.89876085032863,0.623631660646747,BuiltIn,0.301674894323861,0.915492155035043,0.207819340185244,-0.12561158221684,-0.359600750132276,-0.103330530851366,-0.285935458023539,NONE,-0.0895919598967582,Partial,0.44693779307133,1,2,3,4,4,3,4,3,3,7,1,1,2,3,3,1,0,3,1.66911912442754,0,200706
2292,20,RL,1.41096428078436,0.667400794888802,Pave,NONE,Lvl,Inside,Gtl,NridgHt,Norm,Norm,1Fam,1Story,10,5,2005,VinylSd,VinylSd,BrkFace,1.66982102250344,PConc,1430,0,564,1994,GasA,0.268289832918241,SBrkr,-0.785025043886639,1.07762561706923,1,0,0.781365814350925,1.23259887250509,-1.04580127322219,-0.207698474525451,0.349545539005509,2.17157453260921,Attchd,0.299450740978796,1.88069490996372,0.745347864338558,0.259209207383323,-0.359600750132276,-0.103330530851366,2.82934373714931,NONE,-0.0895919598967582,Normal,0.44693779307133,1,2,4,4,4,3,4,3,3,7,6,1,2,3,3,4,0,3,1.66911912442754,0,200711
2293,20,RL,1.47070875379029,0.472109230567592,Pave,NONE,Lvl,Inside,Gtl,NridgHt,Norm,Norm,1Fam,1Story,9,5,2007,VinylSd,VinylSd,Stone,1.98297819860842,PConc,1812,0,740,2552,GasA,0.268289832918241,SBrkr,-0.785025043886639,2.07769606584382,1,0,0.781365814350925,-0.756321032880405,0.169927088600022,-0.207698474525451,0.98684936683629,2.17157453260921,Attchd,0.303899047668925,2.13127639441636,0.286867652560731,-0.288420377816909,-0.359600750132276,-0.103330530851366,-0.285935458023539,NONE,-0.0895919598967582,Partial,0.44693779307133,1,2,4,4,4,3,5,3,3,7,6,1,2,3,3,4,0,3,1.66911912442754,0,200702
2294,60,RL,1.79930335532289,0.442054619694783,Pave,NONE,Lvl,CulDSac,Gtl,NridgHt,Norm,Norm,1Fam,2Story,9,5,2005,MetalSd,MetalSd,BrkFace,1.47409778743783,PConc,0,0,1704,1704,GasA,0.268289832918241,SBrkr,1.6319891516679,2.48483937107616,0,0,0.781365814350925,1.23259887250509,1.38565545042224,-0.207698474525451,1.62415319466707,0.623631660646747,BuiltIn,0.299450740978796,1.58370944690874,1.48840200066814,0.11120121138326,-0.359600750132276,-0.103330530851366,-0.285935458023539,NONE,-0.0895919598967582,Normal,0.44693779307133,1,2,3,4,4,3,5,3,3,7,1,1,2,3,2,4,0,3,1.66911912442754,0,200708
2295,20,RL,0.0368414016480533,0.887801274622738,Pave,NONE,Lvl,CulDSac,Gtl,NridgHt,Norm,Norm,1Fam,1Story,10,5,2007,CemntBd,CmentBd,BrkFace,4.85731370785768,PConc,1684,0,636,2320,GasA,0.268289832918241,SBrkr,-0.785025043886639,1.55987302715026,2,0,0.781365814350925,1.23259887250509,-1.04580127322219,-0.207698474525451,0.349545539005509,0.623631660646747,Attchd,0.303899047668925,3.25425267659299,0.776967189288753,-0.258818778616896,-0.359600750132276,-0.103330530851366,-0.285935458023539,NONE,-0.0895919598967582,Partial,0.44693779307133,1,2,4,4,4,3,4,3,3,7,6,1,2,3,1,3,0,3,1.66911912442754,0,200711
2296,60,RL,2.2772591393703,0.823126795529351,Pave,NONE,Lvl,Corner,Gtl,NridgHt,Norm,Norm,1Fam,2Story,8,5,2007,VinylSd,VinylSd,None,-0.567015949674981,PConc,0,0,1582,1582,GasA,0.268289832918241,SBrkr,0.544799368725413,1.28712654112082,0,0,0.781365814350925,1.23259887250509,0.169927088600022,-0.207698474525451,0.349545539005509,0.623631660646747,Detchd,0.303899047668925,1.18463523092862,-0.740760408320604,4.74385148618522,-0.359600750132276,-0.103330530851366,-0.285935458023539,NONE,-0.0895919598967582,Partial,0.44693779307133,1,2,3,4,3,3,4,3,3,7,1,1,2,3,2,1,0,1,0.297607266471232,0,200709
2297,60,RL,0.723902841216208,-0.0582214979981861,Pave,NONE,Lvl,Inside,Gtl,NridgHt,Norm,Norm,1Fam,2Story,8,5,2007,VinylSd,VinylSd,Stone,0.104035141978545,PConc,778,0,140,918,GasA,0.268289832918241,SBrkr,1.87928983190803,1.18435250290683,1,0,0.781365814350925,1.23259887250509,0.169927088600022,-0.207698474525451,0.98684936683629,2.17157453260921,BuiltIn,0.303899047668925,1.45377830682219,0.618870564537778,0.836440391783567,-0.359600750132276,-0.103330530851366,-0.285935458023539,NONE,-0.0895919598967582,Partial,0.44693779307133,1,2,4,4,4,3,4,3,3,7,6,1,2,3,2,4,0,3,1.66911912442754,0,200712
2298,20,RL,1.08236967925177,0.4371089242347,Pave,NONE,HLS,Corner,Mod,NridgHt,Norm,Norm,1Fam,1Story,9,5,2006,MetalSd,MetalSd,Stone,2.2849511898525,PConc,0,0,1802,1802,GasA,0.268289832918241,SBrkr,-0.785025043886639,0.595378206988202,0,0,0.781365814350925,1.23259887250509,0.169927088600022,-0.207698474525451,0.349545539005509,0.623631660646747,Attchd,0.301674894323861,1.71828098485553,0.508202927212096,0.851241191383573,-0.359600750132276,-0.103330530851366,-0.285935458023539,NONE,-0.0895919598967582,Normal,0.44693779307133,1,2,4,4,4,3,4,3,3,7,1,1,2,3,2,4,0,3,1.66911912442754,0,200709
2299,60,RL,1.23173086176658,0.367869187793544,Pave,NONE,Lvl,Inside,Gtl,NridgHt,Norm,Norm,1Fam,2Story,8,5,2004,VinylSd,VinylSd,BrkFace,2.24021445040893,PConc,0,0,1706,1706,GasA,0.268289832918241,SBrkr,2.10326025929533,2.87617128581404,0,0,0.781365814350925,1.23259887250509,2.60138381224446,-0.207698474525451,2.89876085032863,0.623631660646747,BuiltIn,0.297226587633731,2.05703002865261,0.79277685176385,0.0371972133832291,-0.359600750132276,-0.103330530851366,-0.285935458023539,NONE,-0.0895919598967582,Normal,0.44693779307133,1,2,3,4,4,3,5,3,3,7,1,1,2,3,2,3,0,2,0.297607266471232,0,200711
2300,60,RL,1.56032546329918,0.521058934351999,Pave,NONE,Lvl,Inside,Gtl,NridgHt,Norm,Norm,1Fam,2Story,8,5,2003,VinylSd,VinylSd,BrkFace,0.998769930849912,PConc,938,0,379,1317,GasA,0.268289832918241,SBrkr,1.93994848932542,1.74763328927197,1,0,0.781365814350925,1.23259887250509,0.169927088600022,-0.207698474525451,0.349545539005509,0.623631660646747,Attchd,0.295002434288667,1.60227103834968,0.776967189288753,2.67173954218434,-0.359600750132276,-0.103330530851366,-0.285935458023539,NONE,-0.0895919598967582,Normal,0.44693779307133,1,2,3,4,3,3,4,3,3,7,6,1,2,3,3,2,0,3,1.66911912442754,0,200701
2301,60,RL,-1.72562055202678,0.304336023037098,Pave,NONE,Lvl,Inside,Gtl,NridgHt,Norm,Norm,1Fam,2Story,8,5,2007,VinylSd,VinylSd,Stone,0.808638788214747,PConc,669,0,226,895,GasA,0.268289832918241,SBrkr,1.36835729443077,0.627000987977122,1,0,0.781365814350925,1.23259887250509,0.169927088600022,-0.207698474525451,0.98684936683629,0.623631660646747,Attchd,0.303899047668925,1.39809353249938,0.808586514238948,0.836440391783567,-0.359600750132276,-0.103330530851366,-0.285935458023539,NONE,-0.0895919598967582,Partial,-2.23744784062252,1,2,3,4,4,3,4,3,3,7,6,1,2,3,3,3,0,3,1.66911912442754,0,200711
2302,20,RL,0.365436003180649,-0.0307031412074702,Pave,NONE,Lvl,Inside,Gtl,NridgHt,Norm,Norm,1Fam,1Story,7,5,2005,VinylSd,VinylSd,BrkFace,0.607323460718689,PConc,1178,0,436,1614,GasA,0.268289832918241,SBrkr,-0.785025043886639,0.223810530368394,1,0,0.781365814350925,-0.756321032880405,0.169927088600022,-0.207698474525451,0.349545539005509,-0.924311211315714,Attchd,0.299450740978796,1.88069490996372,0.0497227154342694,-0.140412381816846,-0.359600750132276,-0.103330530851366,-0.285935458023539,NONE,-0.0895919598967582,Normal,0.44693779307133,1,2,3,4,3,3,0,3,3,7,6,1,2,3,2,2,0,2,0.297607266471232,0,200708
2303,20,RL,0.395308239683612,-0.115921278365816,Pave,NONE,Lvl,Inside,Gtl,NridgHt,Norm,Norm,1Fam,1Story,8,5,2005,VinylSd,VinylSd,BrkFace,0.607323460718689,PConc,119,0,1602,1721,GasA,0.268289832918241,SBrkr,-0.785025043886639,0.435287878231795,1,0,0.781365814350925,-0.756321032880405,0.169927088600022,-0.207698474525451,0.349545539005509,-0.924311211315714,Attchd,0.299450740978796,0.377206003247896,0.587251239587583,-0.303221177416915,-0.359600750132276,-0.103330530851366,-0.285935458023539,NONE,-0.0895919598967582,Normal,0.44693779307133,1,2,3,4,3,3,0,3,3,7,6,1,2,3,2,1,0,2,0.297607266471232,0,200701
2304,60,RL,1.02262520624584,0.0715078983009031,Pave,NONE,Lvl,Corner,Gtl,NridgHt,Norm,Norm,1Fam,2Story,8,5,2006,VinylSd,VinylSd,None,-0.567015949674981,PConc,0,0,1298,1298,GasA,0.268289832918241,SBrkr,0.451478357314041,0.646765226095196,0,0,0.781365814350925,1.23259887250509,0.169927088600022,-0.207698474525451,0.349545539005509,-0.924311211315714,BuiltIn,0.301674894323861,1.87141411424325,-0.740760408320604,-0.110810782616833,-0.359600750132276,-0.103330530851366,-0.285935458023539,NONE,-0.0895919598967582,Partial,0.44693779307133,1,2,3,4,3,3,0,3,3,7,1,1,2,3,2,1,0,2,0.297607266471232,0,200705
2305,120,RL,-0.709964510926028,-0.794749683438177,Pave,NONE,Lvl,Inside,Gtl,NridgHt,Norm,Norm,Twnhs,1Story,6,5,2005,VinylSd,VinylSd,Stone,0.4507448726662,PConc,866,0,436,1302,GasA,0.268289832918241,SBrkr,-0.785025043886639,-0.392833698915542,1,0,-1.02736282330994,1.23259887250509,-2.26152963504441,-0.207698474525451,-0.925062116656053,0.623631660646747,Attchd,0.299450740978796,0.734516638485916,0.128771027809757,0.0371972133832291,-0.359600750132276,-0.103330530851366,-0.285935458023539,NONE,-0.0895919598967582,Partial,0.44693779307133,1,2,3,4,3,3,4,3,3,7,5,1,2,3,3,3,0,2,0.297607266471232,0,200711
2306,120,RL,-0.709964510926028,-0.794496058029967,Pave,NONE,Lvl,Inside,Gtl,NridgHt,Norm,Norm,Twnhs,1Story,6,5,2005,VinylSd,VinylSd,Stone,0.4507448726662,PConc,1030,0,272,1302,GasA,0.268289832918241,SBrkr,-0.785025043886639,-0.392833698915542,1,0,-1.02736282330994,1.23259887250509,-2.26152963504441,-0.207698474525451,-0.925062116656053,0.623631660646747,Attchd,0.299450740978796,0.734516638485916,0.128771027809757,0.0371972133832291,-0.359600750132276,-0.103330530851366,-0.285935458023539,NONE,-0.0895919598967582,Normal,0.44693779307133,1,2,3,4,3,3,4,3,3,7,5,1,2,3,3,3,0,2,0.297607266471232,0,200708
2307,120,RL,-0.500858855405285,-0.491920946036197,Pave,NONE,Lvl,Inside,Gtl,NridgHt,Norm,Norm,TwnhsE,1Story,6,5,2005,VinylSd,VinylSd,Stone,0.864559712519207,PConc,762,0,600,1362,GasA,0.268289832918241,SBrkr,-0.785025043886639,-0.274248270207093,1,0,0.781365814350925,-0.756321032880405,-1.04580127322219,-0.207698474525451,-0.287758288825272,0.623631660646747,Attchd,0.299450740978796,-0.0589913956141022,0.776967189288753,-0.288420377816909,-0.359600750132276,-0.103330530851366,-0.285935458023539,NONE,-0.0895919598967582,Normal,0.44693779307133,1,2,3,4,3,3,4,3,3,7,5,1,2,3,2,3,0,2,0.297607266471232,0,200709
2308,120,RL,-0.709964510926028,-0.707375730310051,Pave,NONE,Lvl,Inside,Gtl,NridgHt,Norm,Norm,Twnhs,1Story,8,5,2006,VinylSd,VinylSd,Stone,0.0369300328131924,PConc,24,0,1530,1554,GasA,0.268289832918241,SBrkr,-0.785025043886639,0.105225101659945,0,0,0.781365814350925,-0.756321032880405,-1.04580127322219,-0.207698474525451,-0.287758288825272,0.623631660646747,Attchd,0.301674894323861,0.71595504704498,0.492393264736998,0.377615604183373,-0.359600750132276,-0.103330530851366,-0.285935458023539,NONE,-0.0895919598967582,Normal,0.44693779307133,1,2,3,4,3,4,4,3,3,7,6,1,2,3,3,2,0,2,0.297607266471232,0,200708
2309,120,RL,-0.291753199884543,-0.295107629265731,Pave,NONE,Lvl,Inside,Gtl,NridgHt,Norm,Norm,TwnhsE,1Story,9,5,2005,MetalSd,MetalSd,BrkFace,1.63626846792076,PConc,848,0,729,1577,GasA,0.268289832918241,SBrkr,-0.785025043886639,0.150682849331517,1,0,0.781365814350925,-0.756321032880405,-1.04580127322219,-0.207698474525451,-0.287758288825272,0.623631660646747,Attchd,0.299450740978796,0.423609981850236,0.863920332901789,-0.12561158221684,-0.359600750132276,-0.103330530851366,-0.285935458023539,NONE,-0.0895919598967582,Normal,0.44693779307133,1,2,4,4,4,3,4,3,3,7,6,1,2,3,2,1,0,2,1.66911912442754,0,200708
2310,120,RL,-0.291753199884543,-0.498134768537326,Pave,NONE,Lvl,Inside,Gtl,NridgHt,Norm,Norm,TwnhsE,1Story,8,5,2006,MetalSd,MetalSd,BrkFace,0.417192318083524,PConc,24,0,1300,1324,GasA,0.268289832918241,SBrkr,-0.785025043886639,-0.349352375055778,0,0,0.781365814350925,-0.756321032880405,-1.04580127322219,-0.207698474525451,-0.287758288825272,0.623631660646747,Attchd,0.301674894323861,0.35864441180696,-0.740760408320604,-0.140412381816846,-0.359600750132276,-0.103330530851366,-0.285935458023539,NONE,-0.0895919598967582,Partial,0.44693779307133,1,2,3,4,3,3,4,3,3,7,6,1,2,3,3,1,0,3,0.297607266471232,0,200712
2311,120,RL,-0.291753199884543,-0.878319255443162,Pave,NONE,Lvl,Inside,Gtl,NridgHt,Norm,Norm,TwnhsE,1Story,7,5,2003,VinylSd,Wd Shng,Stone,0.74712577147984,PConc,1000,0,405,1405,GasA,0.268289832918241,SBrkr,-0.785025043886639,-0.189262046299371,1,0,0.781365814350925,-0.756321032880405,-1.04580127322219,-0.207698474525451,-0.287758288825272,0.623631660646747,Attchd,0.295002434288667,0.0245357658701102,0.334296639986024,-0.170013981016859,-0.359600750132276,-0.103330530851366,-0.285935458023539,NONE,-0.0895919598967582,Normal,0.44693779307133,1,2,3,4,3,3,4,3,3,7,6,1,2,3,3,1,0,2,0.297607266471232,0,200706
2312,60,RL,0.0368414016480533,0.715462809744476,Pave,NONE,Lvl,Inside,Gtl,Gilbert,RRAn,Norm,1Fam,2Story,6,5,2007,VinylSd,VinylSd,NONE,-0.567015949674981,CBlock,0,0,768,768,GasA,0.268289832918241,SBrkr,0.913417363800332,-0.00940747942488963,0,0,2.59009445201179,-0.756321032880405,0.169927088600022,-0.207698474525451,0.349545539005509,-0.924311211315714,Attchd,0.303899047668925,0.460733164732109,0.0497227154342694,-0.702842766617084,-0.359600750132276,-0.103330530851366,-0.285935458023539,NONE,-0.0895919598967582,Partial,0.44693779307133,1,2,3,4,3,3,0,3,3,7,1,1,2,3,2,1,0,1,0.297607266471232,0,200708
2313,60,RL,0.216074820665833,0.00873560976908573,Pave,NONE,Lvl,Inside,Gtl,Gilbert,RRAn,Norm,1Fam,2Story,6,5,2005,VinylSd,VinylSd,None,-0.567015949674981,PConc,0,0,768,768,GasA,0.268289832918241,SBrkr,1.0067383752117,0.0696494730474099,0,0,0.781365814350925,1.23259887250509,0.169927088600022,-0.207698474525451,-0.287758288825272,0.623631660646747,Attchd,0.299450740978796,-0.337415267228144,0.0497227154342694,-0.140412381816846,-0.359600750132276,-0.103330530851366,-0.285935458023539,NONE,-0.0895919598967582,Normal,0.44693779307133,1,2,3,4,3,3,4,3,3,7,1,1,2,3,3,1,0,3,0.297607266471232,0,200709
2314,60,RL,0.00696916514509001,0.384988902847676,Pave,NONE,Lvl,Inside,Gtl,Gilbert,RRAn,Norm,1Fam,2Story,7,5,2006,VinylSd,VinylSd,Stone,-0.320963882735355,PConc,0,0,608,608,GasA,0.268289832918241,SBrkr,1.19804644860502,-0.0845115842735742,0,0,0.781365814350925,-0.756321032880405,0.169927088600022,-0.207698474525451,-0.287758288825272,-0.924311211315714,BuiltIn,0.303899047668925,-0.0868337827755064,0.0497227154342694,-0.214416379816877,-0.359600750132276,-0.103330530851366,-0.285935458023539,NONE,-0.0895919598967582,Partial,0.44693779307133,1,2,2,4,3,3,0,3,3,7,1,1,2,3,2,1,0,3,0.297607266471232,0,200708
2315,60,RL,0.126458111156943,-0.166265921895375,Pave,NONE,Lvl,Inside,Gtl,Gilbert,Norm,Norm,1Fam,2Story,6,5,2006,VinylSd,VinylSd,None,-0.567015949674981,PConc,0,0,738,738,GasA,0.268289832918241,SBrkr,0.981075097073577,-0.0113839032366971,0,0,0.781365814350925,1.23259887250509,0.169927088600022,-0.207698474525451,0.349545539005509,0.623631660646747,Attchd,0.301674894323861,-0.151799352818783,0.0497227154342694,-0.258818778616896,-0.359600750132276,-0.103330530851366,-0.285935458023539,NONE,-0.0895919598967582,Partial,0.44693779307133,1,2,3,4,3,3,4,3,3,7,1,1,2,3,2,1,0,2,0.297607266471232,0,200706
2316,60,RL,0.156330347659906,-0.0556852439160925,Pave,NONE,Lvl,Inside,Gtl,Gilbert,Norm,Norm,1Fam,2Story,6,5,2006,VinylSd,VinylSd,None,-0.567015949674981,PConc,0,0,698,698,GasA,0.268289832918241,SBrkr,1.65998545509131,0.484698473526982,1,0,0.781365814350925,1.23259887250509,0.169927088600022,-0.207698474525451,-0.287758288825272,0.623631660646747,BuiltIn,0.303899047668925,-0.569435160239845,-0.740760408320604,-0.199615580216871,-0.359600750132276,-0.103330530851366,-0.285935458023539,NONE,-0.0895919598967582,Partial,0.44693779307133,1,2,3,4,3,3,4,3,3,7,1,1,2,3,2,1,0,1,0.297607266471232,0,200709
2317,20,RL,0.903136260233988,0.25969795119225,Pave,NONE,Lvl,Corner,Gtl,Gilbert,Norm,Norm,1Fam,1Story,6,5,2005,VinylSd,VinylSd,None,-0.567015949674981,PConc,918,0,408,1326,GasA,0.268289832918241,SBrkr,-0.785025043886639,-0.345399527432163,1,0,0.781365814350925,-0.756321032880405,0.169927088600022,-0.207698474525451,-0.287758288825272,-0.924311211315714,Attchd,0.299450740978796,-0.393100041550952,0.207819340185244,-0.36242437581694,-0.359600750132276,-0.103330530851366,-0.285935458023539,NONE,3.4358484312928,Normal,0.44693779307133,1,2,2,4,3,3,0,3,3,7,6,1,2,3,2,3,0,3,0.297607266471232,0,200709
2318,60,RL,0.425180476186576,-0.245904300073115,Pave,NONE,Lvl,Inside,Gtl,Gilbert,Norm,Norm,1Fam,2Story,6,5,2007,VinylSd,VinylSd,Stone,-0.443989916205168,PConc,0,0,752,752,GasA,0.268289832918241,SBrkr,0.969409970647155,0.00640391106957028,0,0,0.781365814350925,1.23259887250509,0.169927088600022,-0.207698474525451,-0.287758288825272,-0.924311211315714,Attchd,0.303899047668925,-0.151799352818783,0.0497227154342694,-0.229217179416884,-0.359600750132276,-0.103330530851366,-0.285935458023539,NONE,-0.0895919598967582,Partial,0.44693779307133,1,2,3,4,3,3,0,3,3,7,1,1,2,3,2,3,0,3,0.297607266471232,0,200704
2319,60,RL,0.18620258416287,-0.31133965539113,Pave,NONE,Lvl,Inside,Gtl,Gilbert,Norm,Norm,1Fam,2Story,7,5,2007,VinylSd,VinylSd,Stone,-0.477542470787844,PConc,0,0,728,728,GasA,0.268289832918241,SBrkr,0.913417363800332,-0.0884644318971892,0,0,0.781365814350925,1.23259887250509,0.169927088600022,-0.207698474525451,0.349545539005509,-0.924311211315714,Attchd,0.303899047668925,-0.337415267228144,0.0497227154342694,-0.347623576216934,-0.359600750132276,-0.103330530851366,-0.285935458023539,NONE,-0.0895919598967582,Partial,0.44693779307133,1,2,3,4,3,3,0,3,3,7,1,1,2,3,3,1,0,3,0.297607266471232,0,200710
2320,20,RL,0.18620258416287,-0.313368658656805,Pave,NONE,Lvl,Inside,Gtl,Gilbert,Norm,Norm,1Fam,1Story,7,6,2007,VinylSd,VinylSd,BrkFace,-0.567015949674981,PConc,0,0,1246,1246,GasA,0.268289832918241,SBrkr,-0.785025043886639,-0.479796346635072,0,0,0.781365814350925,-0.756321032880405,0.169927088600022,-0.207698474525451,-0.287758288825272,-0.924311211315714,Attchd,0.303899047668925,-0.0497105998936342,-0.740760408320604,-0.702842766617084,-0.359600750132276,-0.103330530851366,-0.285935458023539,NONE,-0.0895919598967582,Partial,0.44693779307133,1,2,3,4,3,3,0,3,3,7,1,1,2,3,3,1,0,2,0.297607266471232,0,200711
2321,120,RL,-1.72562055202678,-0.830257240587487,Pave,NONE,Lvl,Inside,Gtl,Blmngtn,Norm,Norm,TwnhsE,1Story,8,5,2003,VinylSd,VinylSd,BrkFace,-0.164385294682865,PConc,1084,0,322,1406,GasA,0.268289832918241,SBrkr,-0.785025043886639,0.174399935073207,1,0,0.781365814350925,-0.756321032880405,-1.04580127322219,-0.207698474525451,0.349545539005509,0.623631660646747,Attchd,0.295002434288667,0.729876240625682,0.389630458648865,-0.406826774616959,-0.359600750132276,-0.103330530851366,-0.285935458023539,NONE,-0.0895919598967582,Normal,-2.23744784062252,1,2,3,4,3,3,3,3,3,7,6,1,2,3,3,4,0,3,0.297607266471232,0,200703
2322,20,RL,-0.142392017369726,-0.818970909922171,Pave,NONE,Lvl,Inside,Gtl,Blmngtn,Norm,Norm,1Fam,1Story,7,5,2007,VinylSd,VinylSd,BrkFace,-0.477542470787844,PConc,0,0,1266,1266,GasA,0.268289832918241,SBrkr,-0.785025043886639,-0.463984956140612,0,0,0.781365814350925,-0.756321032880405,-1.04580127322219,-0.207698474525451,-0.287758288825272,0.623631660646747,Attchd,0.303899047668925,-0.393100041550952,0.0497227154342694,-0.466029973016984,-0.359600750132276,-0.103330530851366,-0.285935458023539,NONE,-0.0895919598967582,Partial,0.44693779307133,1,2,3,4,3,3,4,3,3,7,1,1,2,3,3,3,0,3,0.297607266471232,0,200711
2323,80,RL,0.216074820665833,0.767329205723291,Pave,NONE,Lvl,Inside,Gtl,Gilbert,Norm,Norm,1Fam,SLvl,7,5,2004,VinylSd,VinylSd,None,-0.567015949674981,PConc,779,0,56,835,GasA,0.268289832918241,SBrkr,-0.785025043886639,-0.754519256476313,1,0,0.781365814350925,-0.756321032880405,-1.04580127322219,-0.207698474525451,-0.925062116656053,-0.924311211315714,Attchd,0.297226587633731,-0.165720546399485,0.0497227154342694,-0.347623576216934,-0.359600750132276,-0.103330530851366,-0.285935458023539,NONE,-0.0895919598967582,Normal,0.44693779307133,1,2,3,4,3,3,0,3,3,7,6,1,2,3,1,4,0,3,0.297607266471232,0,200707
2324,80,RL,0.873264023731024,0.116145970145751,Pave,NONE,Lvl,Corner,Gtl,Gilbert,Norm,Norm,1Fam,SLvl,7,5,2004,VinylSd,VinylSd,None,-0.567015949674981,PConc,192,0,192,384,GasA,0.268289832918241,SBrkr,0.684780885842471,-0.250531184465403,1,0,0.781365814350925,1.23259887250509,0.169927088600022,-0.207698474525451,0.98684936683629,0.623631660646747,BuiltIn,0.297226587633731,-0.337415267228144,0.0497227154342694,-0.702842766617084,-0.359600750132276,-0.103330530851366,-0.285935458023539,NONE,-0.0895919598967582,Family,0.44693779307133,1,2,3,4,3,3,4,3,3,7,6,1,2,3,2,1,0,3,0.297607266471232,0,200709
2325,20,RL,0.0368414016480533,0.0973776899382581,Pave,NONE,Lvl,Inside,Gtl,Gilbert,Norm,Norm,1Fam,1Story,7,5,2006,VinylSd,VinylSd,None,-0.567015949674981,PConc,0,0,1510,1510,GasA,0.268289832918241,SBrkr,-0.785025043886639,0.0479088111175275,0,0,0.781365814350925,1.23259887250509,0.169927088600022,-0.207698474525451,-0.287758288825272,0.623631660646747,Attchd,0.301674894323861,0.284398046043216,0.0497227154342694,-0.436428373816971,-0.359600750132276,-0.103330530851366,-0.285935458023539,NONE,-0.0895919598967582,Partial,0.44693779307133,1,2,3,4,3,3,4,3,3,7,1,1,2,3,2,3,0,2,0.297607266471232,0,200707
2326,80,RL,-1.72562055202678,0.225965771900405,Pave,NONE,Lvl,Corner,Gtl,Gilbert,Norm,Norm,1Fam,SLvl,7,5,2003,VinylSd,VinylSd,NONE,-0.567015949674981,PConc,0,0,384,384,GasA,0.268289832918241,SBrkr,0.708111138695314,-0.211002708229253,0,0,0.781365814350925,1.23259887250509,0.169927088600022,-0.207698474525451,0.349545539005509,0.623631660646747,BuiltIn,0.295002434288667,-0.337415267228144,0.0497227154342694,-0.702842766617084,-0.359600750132276,-0.103330530851366,-0.285935458023539,NONE,-0.0895919598967582,Normal,-2.23744784062252,1,2,3,4,3,3,3,3,3,7,1,1,2,3,2,1,0,3,0.297607266471232,0,200702
2327,60,RL,0.156330347659906,-0.290795997326172,Pave,NONE,Lvl,Inside,Gtl,Gilbert,Norm,Norm,1Fam,2Story,7,5,2003,VinylSd,VinylSd,BrkFace,-0.477542470787844,PConc,0,0,847,847,GasA,0.268289832918241,SBrkr,1.78363579521138,0.883936083512095,0,0,0.781365814350925,1.23259887250509,1.38565545042224,-0.207698474525451,0.98684936683629,0.623631660646747,BuiltIn,0.295002434288667,-0.179641739980187,-0.740760408320604,0.00759561418321662,-0.359600750132276,-0.103330530851366,-0.285935458023539,NONE,-0.0895919598967582,Normal,0.44693779307133,1,2,3,4,3,3,4,3,3,7,1,1,2,3,3,1,0,3,0.297607266471232,0,200710
2328,60,RL,-1.72562055202678,-0.181103008275623,Pave,NONE,Lvl,Inside,Gtl,Gilbert,Norm,Norm,1Fam,2Story,7,5,2002,VinylSd,VinylSd,None,-0.567015949674981,PConc,574,0,280,854,GasA,0.268289832918241,SBrkr,1.85362655376991,0.976828002667047,0,0,0.781365814350925,1.23259887250509,1.38565545042224,-0.207698474525451,0.98684936683629,0.623631660646747,BuiltIn,0.292778280943602,-0.175001342119953,1.34611503839226,0.00759561418321662,-0.359600750132276,-0.103330530851366,-0.285935458023539,NONE,-0.0895919598967582,Normal,-2.23744784062252,1,2,3,4,3,3,4,3,3,7,6,1,2,3,2,1,0,3,0.297607266471232,0,200710
2329,60,RL,0.00696916514509001,-0.0863739183094254,Pave,NONE,Lvl,Inside,Gtl,Gilbert,Norm,Norm,1Fam,2Story,6,5,2000,VinylSd,VinylSd,None,-0.567015949674981,PConc,520,0,395,915,GasA,0.268289832918241,SBrkr,0.964743920076587,0.374018740065763,1,0,0.781365814350925,1.23259887250509,0.169927088600022,-0.207698474525451,0.349545539005509,0.623631660646747,Attchd,0.288329974253473,-0.142518557098315,-0.740760408320604,0.0371972133832291,-0.359600750132276,-0.103330530851366,-0.285935458023539,NONE,-0.0895919598967582,Normal,0.44693779307133,1,2,2,4,2,3,3,3,3,7,6,1,2,3,2,1,0,2,0.297607266471232,0,200709
2330,60,RL,0.0368414016480533,-0.065830260244467,Pave,NONE,Lvl,Inside,Gtl,Gilbert,Norm,Norm,1Fam,2Story,6,5,1999,VinylSd,VinylSd,None,-0.567015949674981,PConc,0,0,941,941,GasA,0.268289832918241,SBrkr,0.808431225962539,0.283103244722619,0,0,0.781365814350925,1.23259887250509,0.169927088600022,-0.207698474525451,0.349545539005509,0.623631660646747,Attchd,0.286105820908408,-0.0589913956141022,2.89546196095181,-0.0812091834168209,-0.359600750132276,-0.103330530851366,-0.285935458023539,NONE,-0.0895919598967582,Normal,0.44693779307133,1,2,2,4,2,3,3,3,3,7,1,1,2,3,2,1,0,2,0.297607266471232,0,200708
2331,60,RL,1.26160309826955,0.256527633589633,Pave,NONE,Lvl,Inside,Gtl,NoRidge,Norm,Norm,1Fam,2Story,8,5,1997,VinylSd,VinylSd,BrkFace,2.31291165200473,PConc,1181,0,598,1779,GasA,0.268289832918241,SBrkr,1.01607047635284,2.07571964203201,1,0,0.781365814350925,1.23259887250509,1.38565545042224,-0.207698474525451,0.98684936683629,2.17157453260921,Attchd,0.283881667563343,2.09879360939472,-0.1399932342669,0.200006008983298,-0.359600750132276,-0.103330530851366,-0.285935458023539,NONE,-0.0895919598967582,Normal,0.44693779307133,1,2,3,4,3,3,3,3,3,7,6,1,2,3,2,3,0,3,0.297607266471232,0,200709
2332,60,RL,0.933008496736951,0.0493156750825838,Pave,NONE,Lvl,Inside,Gtl,NoRidge,Norm,Norm,1Fam,2Story,9,5,1998,MetalSd,MetalSd,BrkFace,1.79284705597325,PConc,672,0,736,1408,GasA,0.268289832918241,SBrkr,2.49754153250837,3.11729499085456,1,0,0.781365814350925,1.23259887250509,1.38565545042224,-0.207698474525451,1.62415319466707,0.623631660646747,Attchd,0.283881667563343,1.54658626402687,0.112961365334659,0.584826798583461,-0.359600750132276,-0.103330530851366,-0.285935458023539,NONE,-0.0895919598967582,Normal,0.44693779307133,1,2,3,4,3,3,3,3,3,7,6,1,2,3,2,4,0,3,1.66911912442754,0,200710
2333,60,RL,0.484924949192502,0.105747328409167,Pave,NONE,Lvl,Inside,Gtl,NoRidge,Norm,Norm,1Fam,2Story,8,5,1998,VinylSd,VinylSd,None,-0.567015949674981,PConc,1048,0,341,1389,GasA,0.268289832918241,SBrkr,1.94694756518128,2.13698878019804,1,0,0.781365814350925,1.23259887250509,1.38565545042224,-0.207698474525451,1.62415319466707,0.623631660646747,Attchd,0.283881667563343,1.32384716673564,1.52002132561833,0.185205209383292,-0.359600750132276,-0.103330530851366,-0.285935458023539,NONE,-0.0895919598967582,Normal,0.44693779307133,1,2,3,4,3,3,3,3,3,7,6,1,2,3,2,1,0,3,0.297607266471232,0,200701
2334,60,RL,0.753775077719171,0.0788630351389746,Pave,NONE,Lvl,Inside,Gtl,NoRidge,Norm,Norm,1Fam,2Story,7,5,1998,VinylSd,VinylSd,BrkFace,0.970809468697682,PConc,0,0,1066,1066,GasA,0.268289832918241,SBrkr,2.19424824542141,1.74763328927197,0,0,0.781365814350925,1.23259887250509,1.38565545042224,-0.207698474525451,0.98684936683629,0.623631660646747,BuiltIn,0.283881667563343,0.590664304818661,0.207819340185244,-0.140412381816846,-0.359600750132276,-0.103330530851366,-0.285935458023539,NONE,-0.0895919598967582,Normal,0.44693779307133,1,2,3,4,3,3,3,3,3,7,1,1,2,3,3,1,0,3,0.297607266471232,0,200708
2335,60,RL,0.903136260233988,0.202124983528725,Pave,NONE,Lvl,Inside,Gtl,NoRidge,Norm,Norm,1Fam,2Story,8,5,1992,VinylSd,VinylSd,BrkFace,1.16094061133285,PConc,335,0,770,1105,GasA,0.268289832918241,SBrkr,1.77430369407024,1.3859477317112,1,0,0.781365814350925,1.23259887250509,1.38565545042224,-0.207698474525451,1.62415319466707,0.623631660646747,Attchd,0.270536747492955,0.205511282419237,-0.740760408320604,0.259209207383323,-0.359600750132276,-0.103330530851366,2.27749427971869,NONE,-0.0895919598967582,Normal,0.44693779307133,1,2,3,4,3,3,3,3,3,7,6,1,2,3,3,1,0,2,1.66911912442754,0,200712
2336,60,RL,0.723902841216208,-0.142551946227799,Pave,NONE,Lvl,Inside,Gtl,NoRidge,Norm,Norm,1Fam,2Story,8,5,1996,VinylSd,VinylSd,BrkFace,2.37442466873964,PConc,1225,0,100,1325,GasA,0.268289832918241,SBrkr,2.02160437431038,2.05002613247851,0,0,0.781365814350925,1.23259887250509,1.38565545042224,-0.207698474525451,0.98684936683629,0.623631660646747,Attchd,0.279433360873214,2.13591679227659,0.824396176714045,0.658830796583492,-0.359600750132276,-0.103330530851366,-0.285935458023539,NONE,-0.0895919598967582,Normal,0.44693779307133,1,3,3,4,3,3,3,3,3,7,6,1,2,3,2,1,0,2,0.297607266471232,0,200708
2337,20,RL,0.514797185695465,-0.0327321444731451,Pave,NONE,Lvl,Inside,Gtl,Somerst,Feedr,Norm,1Fam,1Story,7,6,2007,VinylSd,VinylSd,None,-0.567015949674981,PConc,0,0,1369,1369,GasA,0.268289832918241,SBrkr,-0.785025043886639,-0.260413303524441,0,0,0.781365814350925,-0.756321032880405,0.169927088600022,-0.207698474525451,-0.925062116656053,-0.924311211315714,Attchd,0.303899047668925,0.613866294119831,-0.740760408320604,2.30171955218419,-0.359600750132276,-0.103330530851366,-0.285935458023539,NONE,-0.0895919598967582,Partial,0.44693779307133,1,2,3,4,3,3,0,3,3,7,1,1,2,3,3,1,0,1,0.297607266471232,0,200712
2338,20,RL,0.992752969742877,0.210748247407843,Pave,NONE,Lvl,Inside,Gtl,Somerst,Feedr,Norm,1Fam,1Story,8,5,2007,VinylSd,VinylSd,BrkFace,0.350087208918171,PConc,1220,0,322,1542,GasA,0.268289832918241,SBrkr,-0.785025043886639,0.0815080159182548,1,0,0.781365814350925,-0.756321032880405,0.169927088600022,-0.207698474525451,-0.287758288825272,0.623631660646747,Attchd,0.303899047668925,1.76004456559764,0.587251239587583,0.925245189383605,-0.359600750132276,-0.103330530851366,-0.285935458023539,NONE,-0.0895919598967582,Partial,0.44693779307133,1,2,3,4,3,3,4,3,3,7,6,1,2,3,3,1,0,1,0.297607266471232,0,200710
2339,20,RL,0.544669422198429,0.0562903738083413,Pave,NONE,Lvl,Inside,Gtl,Somerst,Norm,Norm,1Fam,1Story,8,5,2006,VinylSd,VinylSd,BrkFace,0.819822973075639,PConc,28,0,1496,1524,GasA,0.268289832918241,SBrkr,-0.785025043886639,0.0656966254237949,0,0,0.781365814350925,-0.756321032880405,0.169927088600022,-0.207698474525451,0.349545539005509,0.623631660646747,Attchd,0.301674894323861,0.0523781530315144,0.587251239587583,-0.0220059850167959,-0.359600750132276,-0.103330530851366,-0.285935458023539,NONE,-0.0895919598967582,Family,0.44693779307133,1,2,3,3,3,3,4,3,3,7,6,1,2,3,3,2,0,3,0.297607266471232,0,200701
2340,20,RL,1.20185862526362,0.269208904000102,Pave,NONE,Lvl,Inside,Gtl,Somerst,Norm,Norm,1Fam,1Story,10,5,2007,CemntBd,CmentBd,BrkFace,3.64942174288134,PConc,1572,0,394,1966,GasA,0.268289832918241,SBrkr,-0.785025043886639,0.91951171212463,1,0,0.781365814350925,-0.756321032880405,-2.26152963504441,-0.207698474525451,-0.287758288825272,0.623631660646747,Attchd,0.303899047668925,2.8737400520538,-0.1399932342669,0.0667988125832417,-0.359600750132276,-0.103330530851366,-0.285935458023539,NONE,-0.0895919598967582,Partial,0.44693779307133,1,2,4,4,4,3,4,3,3,7,6,1,2,3,2,3,0,3,1.66911912442754,0,200702
2341,20,RL,0.813519550725098,-0.0257574457473877,Pave,NONE,Lvl,FR2,Gtl,Somerst,Feedr,Norm,1Fam,1Story,7,5,2007,VinylSd,VinylSd,NONE,-0.567015949674981,PConc,0,0,1528,1528,GasA,0.268289832918241,SBrkr,-0.785025043886639,0.05383808255295,0,0,2.59009445201179,3.22151877789059,0.169927088600022,-0.207698474525451,-0.287758288825272,0.623631660646747,Attchd,0.303899047668925,0.0338165615905783,-0.740760408320604,2.67173954218434,-0.359600750132276,-0.103330530851366,-0.285935458023539,NONE,-0.0895919598967582,Partial,0.44693779307133,1,2,3,4,3,3,3,3,3,7,1,1,2,3,3,1,0,1,0.297607266471232,0,200712
2342,20,RL,0.484924949192502,-0.167534048936422,Pave,NONE,Lvl,Inside,Gtl,Somerst,Norm,Norm,1Fam,1Story,8,5,2005,VinylSd,VinylSd,BrkFace,0.260613730031034,PConc,769,0,769,1538,GasA,0.268289832918241,SBrkr,-0.785025043886639,0.0736023206710249,1,0,0.781365814350925,-0.756321032880405,0.169927088600022,-0.207698474525451,0.349545539005509,-0.924311211315714,Attchd,0.299450740978796,0.0523781530315144,0.413344952361511,-0.110810782616833,-0.359600750132276,-0.103330530851366,-0.285935458023539,NONE,-0.0895919598967582,Normal,0.44693779307133,1,2,3,4,3,3,0,3,3,7,6,1,2,3,3,3,0,2,0.297607266471232,0,200704
2343,20,RL,0.365436003180649,-0.243114420582812,Pave,NONE,Lvl,Inside,Gtl,Somerst,Norm,Norm,1Fam,1Story,7,5,2005,VinylSd,VinylSd,BrkFace,0.232653267878804,PConc,778,0,716,1494,GasA,0.268289832918241,SBrkr,-0.785025043886639,0.0103567586931853,1,0,0.781365814350925,-0.756321032880405,0.169927088600022,-0.207698474525451,0.349545539005509,0.623631660646747,Attchd,0.299450740978796,0.924772950755511,0.776967189288753,-0.184814780616865,-0.359600750132276,-0.103330530851366,-0.285935458023539,NONE,-0.0895919598967582,Normal,0.44693779307133,1,2,3,4,3,4,4,3,3,7,6,1,2,3,3,3,0,2,0.297607266471232,0,200707
2344,60,RL,0.365436003180649,-0.071410019225073,Pave,NONE,Lvl,Inside,Gtl,Somerst,Norm,Norm,1Fam,2Story,7,5,2006,VinylSd,VinylSd,None,-0.567015949674981,PConc,0,0,982,982,GasA,0.268289832918241,SBrkr,1.53633511497124,0.941252374054512,0,0,0.781365814350925,1.23259887250509,0.169927088600022,-0.207698474525451,0.349545539005509,-0.924311211315714,Attchd,0.301674894323861,0.470013960452577,1.15639908869109,0.0815996121832479,-0.359600750132276,-0.103330530851366,-0.285935458023539,NONE,-0.0895919598967582,Family,0.44693779307133,1,2,3,4,3,3,0,3,3,7,1,1,2,3,3,1,0,2,0.297607266471232,0,200710
2345,60,RL,0.514797185695465,-0.176284125519645,Pave,NONE,Lvl,Inside,Gtl,Somerst,Norm,Norm,1Fam,2Story,8,5,2006,VinylSd,VinylSd,None,-0.567015949674981,PConc,0,0,1302,1302,GasA,0.268289832918241,SBrkr,0.446812306743472,0.650718073718812,0,0,0.781365814350925,1.23259887250509,0.169927088600022,-0.207698474525451,0.349545539005509,-0.924311211315714,BuiltIn,0.301674894323861,1.79252735061927,-0.740760408320604,-0.110810782616833,-0.359600750132276,-0.103330530851366,-0.285935458023539,NONE,-0.0895919598967582,Normal,0.44693779307133,1,2,3,4,3,3,0,3,3,7,1,1,2,3,3,1,0,2,0.297607266471232,0,200706
2346,20,FV,0.425180476186576,-0.193784278686091,Pave,NONE,Lvl,Inside,Gtl,Somerst,Norm,Norm,1Fam,1Story,8,5,2007,VinylSd,VinylSd,None,-0.567015949674981,PConc,24,0,1314,1338,GasA,0.268289832918241,SBrkr,-0.785025043886639,-0.321682441690473,0,0,0.781365814350925,-0.756321032880405,0.169927088600022,-0.207698474525451,-0.287758288825272,-0.924311211315714,Attchd,0.303899047668925,0.581383509098193,-0.740760408320604,1.3840699769838,-0.359600750132276,-0.103330530851366,-0.285935458023539,NONE,-0.0895919598967582,Partial,0.44693779307133,1,2,3,4,3,3,0,3,3,7,6,1,2,3,3,1,0,2,0.297607266471232,0,200703
2347,20,FV,0.514797185695465,-0.148131705208405,Pave,NONE,Lvl,Inside,Gtl,Somerst,Norm,Norm,1Fam,1Story,7,5,2006,VinylSd,VinylSd,None,-0.567015949674981,PConc,0,0,1335,1335,GasA,0.268289832918241,SBrkr,-0.785025043886639,-0.327611713125895,0,0,0.781365814350925,-0.756321032880405,0.169927088600022,-0.207698474525451,-0.287758288825272,-0.924311211315714,Attchd,0.303899047668925,0.474654358312811,-0.740760408320604,2.40532514938423,-0.359600750132276,-0.103330530851366,-0.285935458023539,NONE,-0.0895919598967582,Partial,0.44693779307133,1,2,3,4,3,3,0,3,3,7,1,1,2,3,3,1,0,2,0.297607266471232,0,200709
2348,60,FV,0.425180476186576,-0.193784278686091,Pave,NONE,Lvl,Inside,Gtl,Somerst,Norm,Norm,1Fam,2Story,8,5,2007,VinylSd,VinylSd,None,-0.567015949674981,PConc,350,0,546,896,GasA,0.268289832918241,SBrkr,1.30536561172809,0.575613968870127,0,0,0.781365814350925,1.23259887250509,0.169927088600022,-0.207698474525451,0.98684936683629,-0.924311211315714,Attchd,0.303899047668925,0.544260326216321,0.713728539388363,0.718033994983517,-0.359600750132276,-0.103330530851366,-0.285935458023539,NONE,-0.0895919598967582,Partial,0.44693779307133,1,2,3,4,3,3,0,3,3,7,6,1,2,3,3,3,0,3,0.297607266471232,0,200703
2349,60,FV,0.694030604713245,0.0308010202833003,Pave,NONE,Lvl,Corner,Gtl,Somerst,Norm,Norm,1Fam,2Story,5,5,2007,VinylSd,VinylSd,None,-0.567015949674981,CBlock,0,0,725,725,GasA,0.268289832918241,SBrkr,1.22837577731371,0.172423511261399,0,0,2.59009445201179,-0.756321032880405,0.169927088600022,-0.207698474525451,0.98684936683629,-0.924311211315714,Attchd,0.303899047668925,0.409688788269534,-0.740760408320604,-0.702842766617084,-0.359600750132276,-0.103330530851366,-0.285935458023539,NONE,-0.0895919598967582,Partial,0.44693779307133,1,2,3,4,3,3,0,3,3,7,1,1,2,3,3,0,0,1,0.297607266471232,0,200710
2350,60,FV,1.62006993630511,0.259824763896355,Pave,NONE,Lvl,Inside,Gtl,Somerst,Norm,Norm,1Fam,2Story,8,5,2007,WdShing,Wd Shng,NONE,-0.567015949674981,PConc,745,0,210,955,GasA,0.268289832918241,SBrkr,1.37302334500134,0.749539264309186,1,0,0.781365814350925,1.23259887250509,0.169927088600022,-0.207698474525451,0.98684936683629,0.623631660646747,Attchd,0.303899047668925,1.88997570568419,0.587251239587583,1.17685878258371,-0.359600750132276,-0.103330530851366,-0.285935458023539,NONE,-0.0895919598967582,Partial,0.44693779307133,1,2,3,4,4,3,4,3,3,7,6,1,2,3,2,3,0,3,1.66911912442754,0,200704
2351,20,FV,0.783647314222135,0.0344785887023361,Pave,NONE,Lvl,Corner,Gtl,Somerst,Norm,Norm,1Fam,1Story,8,5,2007,CemntBd,CmentBd,None,-0.567015949674981,PConc,0,0,1574,1574,GasA,0.268289832918241,SBrkr,-0.785025043886639,0.164517816014169,0,0,0.781365814350925,-0.756321032880405,-1.04580127322219,-0.207698474525451,-0.287758288825272,0.623631660646747,Attchd,0.303899047668925,0.562821917657257,-0.740760408320604,3.08616193098452,-0.359600750132276,-0.103330530851366,-0.285935458023539,NONE,-0.0895919598967582,Partial,0.44693779307133,1,2,4,4,4,3,4,3,3,7,1,1,2,3,3,2,0,3,0.297607266471232,0,200708
2352,20,FV,1.26160309826955,0.209987371183215,Pave,NONE,Lvl,Corner,Gtl,Somerst,Norm,Norm,1Fam,1Story,8,5,2006,VinylSd,VinylSd,BrkFace,1.09942759459794,PConc,0,0,1685,1685,GasA,0.268289832918241,SBrkr,-0.785025043886639,0.364136621006726,0,0,0.781365814350925,-0.756321032880405,-1.04580127322219,-0.207698474525451,-0.925062116656053,0.623631660646747,Attchd,0.301674894323861,0.859807380712235,0.144580690284854,0.229607608183311,-0.359600750132276,-0.103330530851366,-0.285935458023539,NONE,-0.0895919598967582,Normal,0.44693779307133,1,2,3,4,3,3,4,3,3,7,1,1,2,3,2,3,0,3,0.297607266471232,0,200707
2353,60,FV,0.813519550725098,0.0579389389617022,Pave,NONE,Lvl,Inside,Gtl,Somerst,Norm,Norm,1Fam,2Story,6,5,2004,VinylSd,VinylSd,BrkFace,1.40699267827247,PConc,0,0,1158,1158,GasA,0.268289832918241,SBrkr,2.21291244770369,1.8622658703568,0,0,0.781365814350925,1.23259887250509,1.38565545042224,-0.207698474525451,1.62415319466707,0.623631660646747,BuiltIn,0.297226587633731,1.25888159669236,0.784872020526302,1.17685878258371,-0.359600750132276,-0.103330530851366,-0.285935458023539,NONE,-0.0895919598967582,Normal,0.44693779307133,1,2,3,4,3,3,4,3,3,5,1,1,2,3,3,3,0,2,0.297607266471232,0,200709
2354,20,RL,0.156330347659906,-0.338350761365428,Pave,NONE,Lvl,Inside,Gtl,SawyerW,Norm,Norm,1Fam,1Story,6,5,2006,VinylSd,VinylSd,None,-0.567015949674981,PConc,0,0,1100,1100,GasA,0.268289832918241,SBrkr,-0.785025043886639,-0.792071308900655,0,0,-1.02736282330994,1.23259887250509,0.169927088600022,-0.207698474525451,-0.287758288825272,-0.924311211315714,NONE,-4.15997671587587,-2.19357441132175,-0.740760408320604,1.31006597898377,-0.359600750132276,-0.103330530851366,-0.285935458023539,NONE,-0.0895919598967582,Partial,0.44693779307133,1,2,2,4,2,3,0,0,0,7,1,1,2,3,3,1,0,0,0.297607266471232,0,200709
2355,20,RL,0.156330347659906,-0.338350761365428,Pave,NONE,Lvl,Inside,Gtl,SawyerW,Norm,Norm,1Fam,1Story,7,5,2006,VinylSd,VinylSd,None,-0.567015949674981,PConc,0,0,1143,1143,GasA,0.268289832918241,SBrkr,-0.785025043886639,-0.707085084992933,0,0,-1.02736282330994,1.23259887250509,0.169927088600022,-0.207698474525451,-0.925062116656053,-0.924311211315714,NONE,-4.15997671587587,-2.19357441132175,-0.740760408320604,0.11120121138326,-0.359600750132276,-0.103330530851366,-0.285935458023539,NONE,-0.0895919598967582,Normal,0.44693779307133,1,2,3,4,3,4,0,0,0,7,1,1,2,3,3,1,0,0,0.297607266471232,0,200702
2356,20,RL,0.0667136381510165,0.289372123952746,Pave,NONE,Lvl,Inside,Gtl,SawyerW,RRAe,Norm,1Fam,1Story,5,5,2003,VinylSd,VinylSd,BrkFace,0.137587696561221,PConc,729,0,365,1094,GasA,0.268289832918241,SBrkr,-0.785025043886639,-0.8039298517715,1,0,-1.02736282330994,-0.756321032880405,0.169927088600022,-0.207698474525451,-0.287758288825272,-0.924311211315714,Detchd,0.297226587633731,0.479294756173045,-0.740760408320604,-0.702842766617084,-0.359600750132276,-0.103330530851366,-0.285935458023539,NONE,-0.0895919598967582,Normal,0.44693779307133,1,2,3,4,3,3,0,3,3,7,6,1,2,3,3,1,0,1,0.297607266471232,0,200708
2357,20,RL,0.216074820665833,-0.345832710907604,Pave,NONE,Lvl,Inside,Gtl,SawyerW,Norm,Norm,1Fam,1Story,7,5,2006,VinylSd,VinylSd,BrkFace,0.383639763500847,PConc,0,0,1461,1461,GasA,0.268289832918241,SBrkr,-0.785025043886639,-0.0291717175429645,0,0,0.781365814350925,-0.756321032880405,0.169927088600022,-0.207698474525451,0.349545539005509,-0.924311211315714,Attchd,0.301674894323861,0.432890777570704,-0.740760408320604,-0.229217179416884,-0.359600750132276,-0.103330530851366,-0.285935458023539,NONE,-0.0895919598967582,Normal,0.44693779307133,1,2,3,4,3,3,0,3,3,7,1,1,2,3,2,1,0,2,0.297607266471232,0,200709
2358,60,RL,-1.72562055202678,0.183229890617128,Pave,NONE,Lvl,Corner,Gtl,SawyerW,Norm,Norm,1Fam,2Story,6,5,1993,VinylSd,VinylSd,None,-0.567015949674981,PConc,480,0,384,864,GasA,0.268289832918241,SBrkr,1.31469771286923,0.630953835600737,0,0,0.781365814350925,1.23259887250509,0.169927088600022,-0.207698474525451,0.349545539005509,-0.924311211315714,Attchd,0.27276090083802,0.0895013359133866,0.397535289886414,0.555225199383448,-0.359600750132276,-0.103330530851366,-0.285935458023539,GdPrv,-0.0895919598967582,Normal,-2.23744784062252,1,2,3,4,3,3,0,3,3,7,5,1,2,3,1,1,0,2,0.297607266471232,0,200708
2359,160,RL,-0.232008726878616,-0.273422656863831,Pave,NONE,Lvl,Inside,Gtl,SawyerW,Norm,Norm,TwnhsE,2Story,6,5,1980,Plywood,Plywood,None,-0.567015949674981,CBlock,0,0,630,630,GasA,0.268289832918241,SBrkr,0.698779037554176,-0.463984956140612,0,0,-1.02736282330994,1.23259887250509,-1.04580127322219,-0.207698474525451,-0.925062116656053,2.17157453260921,Attchd,0.243846907352179,-0.880341816875525,1.94688221244597,-0.702842766617084,-0.359600750132276,-0.103330530851366,-0.285935458023539,MnPrv,-0.0895919598967582,Normal,0.44693779307133,1,2,2,4,2,3,3,3,3,7,1,1,2,3,3,1,0,2,-0.250997476711292,0,200710
2360,20,RL,0.18620258416287,-0.492428196852616,Pave,NONE,Lvl,Inside,Gtl,Sawyer,Norm,Norm,1Fam,1Story,5,5,1977,Plywood,Plywood,None,-0.567015949674981,CBlock,138,351,405,894,GasA,0.268289832918241,SBrkr,-0.785025043886639,-1.199214614133,1,0,-1.02736282330994,-0.756321032880405,-1.04580127322219,-0.207698474525451,-0.925062116656053,-0.924311211315714,Detchd,0.241622754007115,-0.764331870369674,0.776967189288753,-0.702842766617084,-0.359600750132276,-0.103330530851366,-0.285935458023539,NONE,-0.0895919598967582,Normal,0.44693779307133,1,2,2,2,2,3,0,3,3,7,2,3,2,3,3,1,0,1,0.297607266471232,0,200706
2361,20,RL,0.783647314222135,-0.34139426626394,Pave,NONE,Lvl,Corner,Gtl,Sawyer,Norm,Norm,1Fam,1Story,5,7,1968,HdBoard,HdBoard,None,-0.567015949674981,CBlock,812,0,228,1040,GasA,0.268289832918241,SBrkr,-0.785025043886639,-0.910656737609104,1,0,-1.02736282330994,1.23259887250509,0.169927088600022,-0.207698474525451,-0.925062116656053,-0.924311211315714,Detchd,0.268312594147891,0.989738520798787,0.745347864338558,-0.702842766617084,-0.359600750132276,-0.103330530851366,-0.285935458023539,NONE,-0.0895919598967582,Normal,0.44693779307133,1,2,2,2,2,3,0,3,3,7,3,1,2,3,3,1,0,3,-0.250997476711292,0,200709
2362,60,RL,-1.72562055202678,1.18619156738105,Pave,NONE,Bnk,Inside,Gtl,Veenker,Norm,Norm,1Fam,2Story,7,5,1990,HdBoard,HdBoard,BrkFace,0.954033191406344,PConc,727,0,496,1223,GasA,0.268289832918241,SBrkr,2.08926210758362,1.98085129906525,1,0,0.781365814350925,1.23259887250509,0.169927088600022,-0.207698474525451,0.349545539005509,0.623631660646747,Attchd,0.266088440802826,0.423609981850236,-0.740760408320604,0.762436393783536,-0.359600750132276,-0.103330530851366,2.95395490495622,NONE,-0.0895919598967582,Normal,-2.23744784062252,1,2,3,3,3,3,3,3,3,7,6,1,2,3,2,1,0,2,0.297607266471232,0,200705
2363,20,RL,-0.411242145896396,0.073917339678892,Pave,NONE,Lvl,CulDSac,Gtl,Sawyer,RRAe,Norm,1Fam,1Story,5,5,1974,Plywood,Plywood,BrkFace,-0.320963882735355,CBlock,787,0,250,1037,GasA,0.268289832918241,SBrkr,-0.785025043886639,-0.916586009044527,1,0,-1.02736282330994,-0.756321032880405,-1.04580127322219,-0.207698474525451,-0.925062116656053,-0.924311211315714,Attchd,0.230501987281791,-0.193562933560889,0.334296639986024,-0.00720518541678964,-0.359600750132276,-0.103330530851366,-0.285935458023539,NONE,-0.0895919598967582,Normal,0.44693779307133,1,2,2,2,2,3,0,3,3,7,5,1,2,3,2,4,0,2,-0.799602219893816,0,200711
2364,20,RL,-0.441114382399359,0.322597052428173,Pave,NONE,Lvl,CulDSac,Gtl,Sawyer,RRAe,Norm,1Fam,1Story,6,7,1973,CemntBd,CmentBd,None,-0.567015949674981,CBlock,968,0,76,1044,GasA,0.268289832918241,SBrkr,-0.785025043886639,-0.881010380431992,1,0,-1.02736282330994,-0.756321032880405,-1.04580127322219,-0.207698474525451,-0.925062116656053,0.623631660646747,Attchd,0.228277833936727,0.321521228925088,2.85593780476407,-0.702842766617084,-0.359600750132276,-0.103330530851366,-0.285935458023539,NONE,-0.0895919598967582,Abnorml,0.44693779307133,1,2,2,2,3,3,3,3,3,7,5,1,2,3,2,2,0,2,0.297607266471232,0,200701
2365,120,FV,-0.381369909393432,-0.734133210876139,Pave,NONE,Lvl,FR2,Gtl,Somerst,Norm,Norm,TwnhsE,1Story,8,5,2004,MetalSd,MetalSd,None,-0.567015949674981,PConc,851,0,527,1378,GasA,0.268289832918241,SBrkr,-0.785025043886639,-0.242625489218173,1,0,0.781365814350925,-0.756321032880405,-1.04580127322219,-0.207698474525451,-0.287758288825272,0.623631660646747,Attchd,0.297226587633731,0.31224043320462,0.524012589687193,0.126002010983267,-0.359600750132276,-0.103330530851366,-0.285935458023539,NONE,-0.0895919598967582,Normal,0.44693779307133,1,2,3,4,3,3,4,3,3,7,6,1,2,3,2,3,0,3,0.297607266471232,0,200710
2366,120,FV,0.664158368210282,-0.842684885589746,Pave,Pave,Lvl,Inside,Gtl,Somerst,Norm,Norm,TwnhsE,1Story,8,5,2006,VinylSd,VinylSd,Stone,-0.399253176761599,PConc,60,0,1081,1141,GasA,0.268289832918241,SBrkr,-0.785025043886639,-0.691273694498473,1,0,0.781365814350925,-0.756321032880405,-1.04580127322219,-0.207698474525451,-0.925062116656053,-0.924311211315714,Attchd,0.301674894323861,0.0523781530315144,-0.740760408320604,0.185205209383292,-0.359600750132276,-0.103330530851366,-0.285935458023539,NONE,-0.0895919598967582,Partial,0.44693779307133,1,2,3,4,3,3,0,3,3,7,6,1,2,3,2,1,0,3,0.297607266471232,0,200705
2367,120,FV,-0.769708983931955,-0.809586769818424,Pave,Pave,Lvl,Inside,Gtl,Somerst,Norm,Norm,TwnhsE,1Story,8,5,2006,VinylSd,VinylSd,Stone,-0.365700622178923,PConc,60,0,1451,1511,GasA,0.268289832918241,SBrkr,-0.785025043886639,0.126965763589827,1,0,0.781365814350925,-0.756321032880405,-1.04580127322219,-0.207698474525451,-0.925062116656053,-0.924311211315714,Attchd,0.301674894323861,0.0152549701496422,-0.740760408320604,1.07325318538367,-0.359600750132276,-0.103330530851366,-0.285935458023539,NONE,-0.0895919598967582,Partial,0.44693779307133,1,2,3,4,3,3,0,3,3,7,6,1,2,3,2,1,0,3,0.297607266471232,0,200705
2368,120,FV,-0.530731091908249,-0.832159431149058,Pave,Pave,Lvl,Inside,Gtl,Somerst,Norm,Norm,TwnhsE,1Story,7,5,2006,VinylSd,VinylSd,None,-0.567015949674981,PConc,937,0,415,1352,GasA,0.268289832918241,SBrkr,-0.785025043886639,-0.294012508325168,1,0,0.781365814350925,-0.756321032880405,-1.04580127322219,-0.207698474525451,-0.925062116656053,0.623631660646747,Attchd,0.301674894323861,-0.0311490084526981,-0.740760408320604,2.86414993698443,-0.359600750132276,-0.103330530851366,-0.285935458023539,NONE,-0.0895919598967582,Partial,0.44693779307133,1,2,3,4,3,4,4,3,3,7,6,1,2,3,3,1,0,2,1.66911912442754,0,200711
2369,120,FV,-0.829453456937881,-0.613534329272587,Pave,Pave,Lvl,Inside,Gtl,Somerst,Norm,Norm,TwnhsE,1Story,8,5,2006,VinylSd,VinylSd,NONE,-0.567015949674981,PConc,0,0,1550,1550,GasA,0.268289832918241,SBrkr,-0.785025043886639,0.0973194064127147,0,0,0.781365814350925,1.23259887250509,-1.04580127322219,-0.207698474525451,-0.925062116656053,-0.924311211315714,Attchd,0.303899047668925,0.256555658881811,-0.740760408320604,0.806838792583555,-0.359600750132276,-0.103330530851366,-0.285935458023539,NONE,-0.0895919598967582,Partial,0.44693779307133,1,2,3,4,3,3,0,3,3,7,1,1,2,3,1,1,0,3,0.297607266471232,0,200710
2370,160,FV,-1.00868687595566,-1.00031307679187,Pave,Pave,Lvl,Inside,Gtl,Somerst,Norm,Norm,Twnhs,2Story,6,5,1999,MetalSd,MetalSd,BrkFace,1.34547966153757,PConc,565,0,179,744,GasA,0.268289832918241,SBrkr,0.950745768364881,0.000474639634147814,1,0,0.781365814350925,1.23259887250509,0.169927088600022,-0.207698474525451,-0.287758288825272,0.623631660646747,Detchd,0.286105820908408,-0.151799352818783,-0.740760408320604,-0.702842766617084,-0.359600750132276,-0.103330530851366,-0.285935458023539,NONE,-0.0895919598967582,Normal,0.44693779307133,1,2,2,3,2,3,3,3,3,7,6,1,2,3,3,1,0,1,0.297607266471232,0,200712
2371,160,FV,-1.00868687595566,-1.02098354756093,Pave,NONE,Lvl,Inside,Gtl,Somerst,Norm,Norm,Twnhs,2Story,6,5,2000,MetalSd,MetalSd,BrkFace,0.640876015301365,PConc,417,0,339,756,GasA,0.268289832918241,SBrkr,1.09072728548194,0.142777154084287,0,0,0.781365814350925,1.23259887250509,0.169927088600022,-0.207698474525451,-1.56236594448683,-0.924311211315714,Detchd,0.288329974253473,-0.151799352818783,-0.740760408320604,-0.229217179416884,-0.359600750132276,-0.103330530851366,-0.285935458023539,NONE,-0.0895919598967582,Normal,0.44693779307133,1,2,3,4,3,3,0,3,3,7,6,1,2,3,3,1,0,1,0.297607266471232,0,200712
2372,20,FV,0.455052712689539,-0.361050235400166,Pave,Pave,Lvl,Inside,Gtl,Somerst,Norm,Norm,1Fam,1Story,7,5,1999,CemntBd,CmentBd,None,-0.567015949674981,PConc,0,0,1339,1339,GasA,0.268289832918241,SBrkr,-0.785025043886639,-0.282153965454323,0,0,0.781365814350925,-0.756321032880405,0.169927088600022,-0.207698474525451,-0.925062116656053,-0.924311211315714,Detchd,0.286105820908408,0.706674251324512,0.650489889487973,1.87249636378401,-0.359600750132276,-0.103330530851366,-0.285935458023539,NONE,-0.0895919598967582,Normal,0.44693779307133,1,2,3,4,3,3,0,3,3,7,1,1,2,3,2,1,0,1,0.297607266471232,0,200704
2373,60,FV,-1.72562055202678,-0.27367628227204,Pave,Pave,Lvl,Inside,Gtl,Somerst,Norm,Norm,1Fam,2Story,8,5,2003,CemntBd,CmentBd,None,-0.567015949674981,PConc,964,0,90,1054,GasA,0.268289832918241,SBrkr,1.49200763455084,1.08157846469284,1,0,0.781365814350925,1.23259887250509,0.169927088600022,-0.207698474525451,0.98684936683629,2.17157453260921,Detchd,0.295002434288667,0.367925207527428,-0.740760408320604,0.00759561418321662,-0.359600750132276,-0.103330530851366,2.91835171415425,NONE,-0.0895919598967582,Normal,-2.23744784062252,1,2,3,4,3,3,4,3,3,7,6,1,2,3,2,1,0,1,1.66911912442754,0,200711
2374,60,FV,1.44083651728733,-0.222570762517853,Pave,NONE,Lvl,Inside,Gtl,Somerst,Norm,Norm,1Fam,2Story,8,5,1998,VinylSd,VinylSd,None,-0.567015949674981,PConc,901,0,319,1220,GasA,0.268289832918241,SBrkr,1.87928983190803,1.7021755416004,1,0,0.781365814350925,1.23259887250509,0.169927088600022,-0.207698474525451,0.98684936683629,2.17157453260921,Attchd,0.283881667563343,2.93406522423684,0.42124978359906,-0.702842766617084,0.200856731282355,-0.103330530851366,2.27749427971869,NONE,-0.0895919598967582,Normal,0.44693779307133,1,3,3,4,3,3,3,4,3,7,6,1,2,3,2,2,0,2,1.66911912442754,0,200709
2375,120,RL,-0.232008726878616,-0.0890369850956237,Pave,NONE,Lvl,FR2,Gtl,Veenker,Norm,Norm,TwnhsE,1Story,8,5,1994,BrkFace,BrkFace,None,-0.567015949674981,PConc,457,1037,0,1494,GasA,0.268289832918241,SBrkr,-0.785025043886639,-0.0133603270485046,1,0,-1.02736282330994,1.23259887250509,-2.26152963504441,-0.207698474525451,-0.925062116656053,0.623631660646747,Attchd,0.274985054183085,0.0245357658701102,-0.740760408320604,-0.258818778616896,-0.359600750132276,-0.103330530851366,3.57701074399079,NONE,-0.0895919598967582,Normal,0.44693779307133,1,2,3,4,3,3,4,3,3,7,2,5,2,3,1,4,0,3,0.297607266471232,0,200708
2376,20,RL,0.664158368210282,0.232306407105639,Pave,NONE,Lvl,Inside,Gtl,Veenker,Norm,Norm,1Fam,1Story,7,6,1980,VinylSd,MetalSd,BrkFace,2.78823950859265,CBlock,1732,0,270,2002,GasA,0.268289832918241,SBrkr,-0.785025043886639,1.7021755416004,1,0,0.781365814350925,1.23259887250509,0.169927088600022,-0.207698474525451,0.98684936683629,0.623631660646747,Attchd,0.243846907352179,0.340082820366024,0.682109214438168,-0.466029973016984,-0.359600750132276,-0.103330530851366,-0.285935458023539,NONE,-0.0895919598967582,Normal,0.44693779307133,1,2,3,4,3,3,3,4,3,7,6,1,2,3,3,1,0,2,0.297607266471232,0,200706
2377,20,RL,1.08236967925177,0.965030211422489,Pave,NONE,Lvl,Inside,Gtl,Veenker,Norm,Norm,1Fam,1Story,8,5,1981,BrkFace,BrkFace,None,-0.567015949674981,CBlock,1632,829,0,2461,GasA,0.268289832918241,SBrkr,-0.785025043886639,1.96899275619441,1,0,0.781365814350925,-0.756321032880405,-1.04580127322219,-0.207698474525451,0.349545539005509,2.17157453260921,Attchd,0.246071060697244,0.943334542196447,1.36192470086736,-0.702842766617084,-0.359600750132276,-0.103330530851366,-0.285935458023539,NONE,-0.0895919598967582,Normal,0.44693779307133,1,2,3,3,3,3,4,3,3,7,5,3,2,3,2,4,0,2,0.297607266471232,0,200706
2378,20,RL,0.604413895204355,0.194262595874235,Pave,NONE,Lvl,Inside,Gtl,NWAmes,RRAn,Norm,1Fam,1Story,6,6,1968,MetalSd,MetalSd,BrkFace,-0.337740160026693,CBlock,0,0,912,912,GasA,0.268289832918241,SBrkr,-0.785025043886639,-0.689297270686666,1,0,-1.02736282330994,1.23259887250509,0.169927088600022,-0.207698474525451,0.349545539005509,-0.924311211315714,Attchd,0.217157067211403,-0.281730492905335,-0.740760408320604,1.16205798298371,-0.359600750132276,-0.103330530851366,-0.285935458023539,NONE,-0.0895919598967582,Normal,0.44693779307133,1,2,2,4,2,3,0,3,3,7,1,1,2,3,3,1,0,2,-0.250997476711292,0,200712
2379,60,RL,0.664158368210282,-0.274944409313087,Pave,NONE,Lvl,Inside,Gtl,NWAmes,PosA,Norm,1Fam,2Story,6,6,1970,VinylSd,VinylSd,BrkFace,2.36883257630919,CBlock,915,0,93,1008,GasA,0.268289832918241,SBrkr,1.56666444367994,1.79902030837896,1,0,0.781365814350925,1.23259887250509,1.38565545042224,-0.207698474525451,0.98684936683629,0.623631660646747,Attchd,0.221605373901533,0.45145236901164,-0.740760408320604,2.13891075658412,-0.359600750132276,-0.103330530851366,-0.285935458023539,NONE,-0.0895919598967582,Normal,0.44693779307133,1,2,2,2,2,3,1,3,3,7,3,1,2,3,3,1,0,2,-0.250997476711292,0,200709
2380,85,RL,-1.72562055202678,-0.183258824245402,Pave,NONE,Lvl,Inside,Gtl,NWAmes,PosN,Norm,1Fam,SFoyer,6,6,1969,HdBoard,HdBoard,None,-0.567015949674981,PConc,973,0,0,973,GasA,0.268289832918241,SBrkr,-0.785025043886639,-0.82764693751319,1,0,-1.02736282330994,-0.756321032880405,0.169927088600022,-0.207698474525451,-0.287758288825272,-0.924311211315714,Attchd,0.219381220556468,0.0338165615905783,0.524012589687193,-0.702842766617084,-0.359600750132276,-0.103330530851366,-0.285935458023539,NONE,-0.0895919598967582,Normal,-2.23744784062252,1,2,2,4,2,3,0,3,3,7,4,1,2,3,2,3,0,1,0.297607266471232,0,200701
2381,20,RL,2.15777019335844,0.194262595874235,Pave,NONE,Lvl,Corner,Gtl,NWAmes,Norm,Norm,1Fam,1Story,6,5,1968,HdBoard,HdBoard,BrkFace,0.529034166692444,PConc,910,0,385,1295,GasA,0.268289832918241,SBrkr,-0.785025043886639,-0.406668665598195,1,0,-1.02736282330994,1.23259887250509,0.169927088600022,-0.207698474525451,-0.287758288825272,-0.924311211315714,Attchd,0.217157067211403,0.256555658881811,-0.740760408320604,2.16851235578413,-0.359600750132276,-0.103330530851366,3.274383622174,NONE,-0.0895919598967582,Normal,0.44693779307133,1,2,2,1,2,3,0,3,3,7,5,1,2,3,3,1,0,3,0.297607266471232,0,200707
2382,20,RL,1.50058099029325,0.150892651070434,Pave,NONE,Lvl,Corner,Gtl,NWAmes,Norm,Norm,1Fam,1Story,7,7,1972,Wd Sdng,Wd Sdng,None,-0.567015949674981,CBlock,346,0,778,1124,GasA,0.268289832918241,SBrkr,-0.785025043886639,0.215904835121164,0,0,0.781365814350925,-0.756321032880405,0.169927088600022,-0.207698474525451,0.98684936683629,0.623631660646747,Attchd,0.226053680591662,0.196230486698769,0.85601550166424,-0.702842766617084,-0.359600750132276,-0.103330530851366,4.27127296462931,NONE,-0.0895919598967582,Normal,0.44693779307133,1,2,2,2,3,3,3,3,3,7,4,1,2,3,2,1,0,2,-0.250997476711292,0,200708
2383,20,RL,0.664158368210282,-0.0787651560631445,Pave,NONE,Lvl,Inside,Gtl,NWAmes,Norm,Norm,1Fam,1Story,7,6,1993,VinylSd,VinylSd,BrkFace,0.0592984025349766,PConc,0,0,1594,1594,GasA,0.268289832918241,SBrkr,-0.785025043886639,0.184282054132244,0,0,0.781365814350925,-0.756321032880405,-1.04580127322219,-0.207698474525451,-0.287758288825272,0.623631660646747,Attchd,0.27276090083802,-0.00330662129129393,0.761157526813655,0.481221201383417,-0.359600750132276,-0.103330530851366,-0.285935458023539,NONE,-0.0895919598967582,Normal,0.44693779307133,1,2,2,4,3,3,3,3,3,7,1,1,2,3,3,1,0,2,0.297607266471232,0,200710
2384,60,RL,0.604413895204355,0.0458917320717574,Pave,NONE,Lvl,Inside,Gtl,NWAmes,Norm,Norm,1Fam,2Story,7,6,1993,MetalSd,MetalSd,BrkFace,0.517849981831552,PConc,819,0,329,1148,GasA,0.268289832918241,SBrkr,1.51067183683311,1.13494190761165,1,0,0.781365814350925,1.23259887250509,0.169927088600022,-0.207698474525451,0.98684936683629,0.623631660646747,Attchd,0.27276090083802,0.00133377656894009,1.11687493250335,0.570025998983455,-0.359600750132276,-0.103330530851366,-0.285935458023539,NONE,-0.0895919598967582,Normal,0.44693779307133,1,2,3,4,3,3,4,3,3,7,6,1,2,3,3,1,0,1,0.297607266471232,0,200711
2385,20,RL,0.903136260233988,0.0722687745255312,Pave,NONE,Lvl,Corner,Gtl,NWAmes,Norm,Norm,1Fam,1Story,6,7,1966,HdBoard,HdBoard,None,-0.567015949674981,CBlock,792,0,301,1093,GasA,0.268289832918241,SBrkr,-0.785025043886639,-0.805906275583307,1,0,0.781365814350925,-0.756321032880405,0.169927088600022,-0.207698474525451,-0.287758288825272,0.623631660646747,Attchd,0.212708760521274,0.0523781530315144,1.02992178889031,-0.702842766617084,-0.359600750132276,-0.103330530851366,-0.285935458023539,MnPrv,0.615496118341154,Normal,0.44693779307133,1,2,2,3,2,3,2,3,3,7,5,1,2,3,2,1,0,2,-0.250997476711292,0,200703
2386,20,RL,0.664158368210282,0.0801311621800214,Pave,NONE,Lvl,Inside,Gtl,NWAmes,Norm,Norm,1Fam,1Story,6,5,1963,HdBoard,HdBoard,BrkFace,0.568178813705567,CBlock,617,264,171,1052,GasA,0.268289832918241,SBrkr,-0.785025043886639,-0.886939651867414,1,0,-1.02736282330994,-0.756321032880405,0.169927088600022,-0.207698474525451,-0.287758288825272,-0.924311211315714,Attchd,0.20603630048608,-0.750410676788972,-0.740760408320604,1.26566358018375,-0.359600750132276,-0.103330530851366,-0.285935458023539,NONE,-0.0895919598967582,Normal,0.44693779307133,1,2,2,2,2,3,0,3,3,7,4,3,2,3,3,1,0,3,-0.250997476711292,0,200705
2387,20,RL,0.365436003180649,-0.268603774107853,Pave,NONE,Lvl,Inside,Gtl,NAmes,Norm,Norm,1Fam,1Story,5,6,1967,MetalSd,MetalSd,None,-0.567015949674981,CBlock,474,38,437,949,GasA,0.268289832918241,SBrkr,-0.785025043886639,-0.778236342218003,1,0,-1.02736282330994,-0.756321032880405,0.169927088600022,-0.207698474525451,-0.925062116656053,-0.924311211315714,Attchd,0.214932913866338,-0.764331870369674,-0.0451352594163155,0.244408407783317,-0.359600750132276,-0.103330530851366,-0.285935458023539,NONE,-0.0895919598967582,Normal,0.44693779307133,1,2,2,2,3,3,0,3,3,7,5,4,2,3,3,1,0,2,-0.250997476711292,0,200706
2388,90,RL,-1.72562055202678,0.0926856198863849,Pave,NONE,Lvl,Inside,Gtl,NAmes,Norm,Norm,Duplex,1Story,4,5,1964,HdBoard,HdBoard,None,-0.567015949674981,Slab,0,0,0,0,GasA,-3.72731232161413,SBrkr,-0.785025043886639,-0.546994756236526,0,0,0.781365814350925,-0.756321032880405,-1.04580127322219,4.45593111885755,0.98684936683629,-0.924311211315714,CarPort,0.208260453831144,0.26583645460228,-0.740760408320604,-0.702842766617084,-0.359600750132276,-0.103330530851366,-0.285935458023539,NONE,-0.0895919598967582,Normal,-2.23744784062252,0,2,2,2,2,0,0,3,3,7,0,0,2,3,2,0,0,1,-4.91413779376274,0,200707
2389,20,RL,0.484924949192502,-0.344691396570662,Pave,NONE,Lvl,Inside,Gtl,NAmes,Norm,Norm,1Fam,1Story,5,5,1956,Wd Sdng,Wd Sdng,None,-0.567015949674981,CBlock,438,206,250,894,GasA,0.268289832918241,SBrkr,-0.785025043886639,-0.84345832800765,0,0,-1.02736282330994,-0.756321032880405,-1.04580127322219,-0.207698474525451,-0.287758288825272,0.623631660646747,Detchd,0.212708760521274,-0.35597685866908,-0.740760408320604,0.362814804583367,-0.359600750132276,-0.103330530851366,-0.285935458023539,GdWo,-0.0895919598967582,Normal,0.44693779307133,1,2,2,3,3,3,4,3,3,6,3,2,2,3,2,1,0,1,-0.250997476711292,0,200701
2390,20,RL,-1.72562055202678,0.531203950680374,Pave,NONE,Lvl,CulDSac,Gtl,NAmes,Norm,Norm,1Fam,1Story,5,5,1961,Wd Sdng,Wd Sdng,None,-0.567015949674981,CBlock,311,167,386,864,GasA,0.268289832918241,SBrkr,-0.785025043886639,-0.620122437273404,1,0,-1.02736282330994,-0.756321032880405,-1.04580127322219,-0.207698474525451,-0.287758288825272,0.623631660646747,Attchd,0.20158799379595,-0.151799352818783,0.271057990085634,-0.702842766617084,-0.359600750132276,-0.103330530851366,-0.285935458023539,NONE,-0.0895919598967582,Normal,-2.23744784062252,1,2,2,2,2,3,3,3,3,7,5,2,2,3,2,1,0,2,-0.250997476711292,0,200711
2391,20,RL,0.544669422198429,-0.244128922215649,Pave,NONE,Lvl,CulDSac,Gtl,NAmes,Norm,Norm,1Fam,1Story,5,7,1961,VinylSd,VinylSd,BrkFace,-0.253858773570002,CBlock,700,0,264,964,GasA,0.268289832918241,SBrkr,-0.785025043886639,-1.06086494730647,0,0,-1.02736282330994,-0.756321032880405,0.169927088600022,-0.207698474525451,-0.925062116656053,0.623631660646747,Detchd,0.254967674077503,1.44449751110172,0.603060902062681,-0.702842766617084,-0.359600750132276,-0.103330530851366,-0.285935458023539,GdPrv,-0.0895919598967582,Normal,0.44693779307133,1,3,2,4,2,3,2,3,3,7,5,1,2,3,2,1,0,3,-0.250997476711292,0,200705
2392,20,RL,0.365436003180649,-0.188711770521903,Pave,NONE,Lvl,Inside,Gtl,NAmes,Norm,Norm,1Fam,1Story,5,7,1960,CemntBd,CmentBd,None,-0.567015949674981,CBlock,0,0,894,894,GasA,0.268289832918241,SBrkr,-0.785025043886639,-1.199214614133,0,0,-1.02736282330994,-0.756321032880405,0.169927088600022,-0.207698474525451,-0.925062116656053,-0.924311211315714,Detchd,0.210484607176209,-0.745770278928738,-0.740760408320604,-0.702842766617084,-0.359600750132276,-0.103330530851366,-0.285935458023539,NONE,-0.0895919598967582,Normal,0.44693779307133,1,2,2,2,2,3,0,3,3,7,1,1,2,3,3,1,0,1,-0.250997476711292,0,200701
2393,20,RL,0.664158368210282,-0.173494246029342,Pave,NONE,Lvl,Inside,Gtl,NAmes,Norm,Norm,1Fam,1Story,7,6,1966,HdBoard,Plywood,BrkFace,0.562586721275121,CBlock,654,0,520,1174,GasA,0.268289832918241,SBrkr,-0.785025043886639,-0.594428927719906,0,1,0.781365814350925,-0.756321032880405,0.169927088600022,-0.207698474525451,-0.287758288825272,0.623631660646747,Attchd,0.212708760521274,-0.151799352818783,-0.740760408320604,-0.702842766617084,-0.359600750132276,-0.103330530851366,-0.285935458023539,MnPrv,-0.0895919598967582,Normal,0.44693779307133,1,2,2,4,2,3,3,3,3,7,4,1,2,3,3,1,0,2,-0.250997476711292,0,200702
2394,80,RL,0.664158368210282,-0.122769164387469,Pave,NONE,Lvl,Inside,Gtl,NAmes,Norm,Norm,1Fam,SLvl,6,5,1965,HdBoard,HdBoard,BrkFace,-0.0189908914912681,CBlock,494,0,548,1042,GasA,0.268289832918241,SBrkr,-0.785025043886639,-0.906703889985489,0,0,0.781365814350925,-0.756321032880405,0.169927088600022,-0.207698474525451,-0.925062116656053,-0.924311211315714,Attchd,0.210484607176209,-0.151799352818783,0.776967189288753,-0.702842766617084,-0.359600750132276,-0.103330530851366,-0.285935458023539,GdPrv,-0.0895919598967582,Normal,0.44693779307133,1,2,2,2,2,3,0,3,3,7,6,1,2,3,3,4,0,2,-0.250997476711292,0,200708
2395,60,RL,0.664158368210282,-0.173494246029342,Pave,NONE,Lvl,Inside,Gtl,NAmes,Norm,Norm,1Fam,2Story,6,7,1964,MetalSd,MetalSd,BrkFace,1.14416433404151,CBlock,414,0,431,845,GasA,0.268289832918241,SBrkr,2.26890505455051,1.29107938874444,0,0,0.781365814350925,1.23259887250509,2.60138381224446,-0.207698474525451,0.98684936683629,0.623631660646747,Attchd,0.208260453831144,0.307600035344386,-0.740760408320604,-0.702842766617084,-0.359600750132276,-0.103330530851366,2.58012140153548,MnPrv,-0.0895919598967582,Normal,0.44693779307133,1,3,2,4,2,3,4,3,3,7,5,1,2,3,3,1,0,2,-0.250997476711292,0,200710
2396,20,RL,-1.72562055202678,0.153936155968946,Pave,NONE,Lvl,Inside,Gtl,NAmes,Norm,Norm,1Fam,1Story,6,5,1964,Wd Sdng,Plywood,BrkFace,0.618507645579581,CBlock,54,543,533,1130,GasA,0.268289832918241,SBrkr,-0.785025043886639,-0.250531184465403,0,1,-1.02736282330994,-0.756321032880405,0.169927088600022,-0.207698474525451,0.349545539005509,0.623631660646747,Attchd,0.208260453831144,-0.866420623294823,-0.740760408320604,-0.288420377816909,0.948133373168531,-0.103330530851366,-0.285935458023539,MnPrv,-0.0895919598967582,Normal,-2.23744784062252,1,2,2,2,2,3,3,3,3,7,5,3,2,3,2,1,0,2,-0.250997476711292,0,200711
2397,20,RL,-1.72562055202678,1.50068707356066,Pave,NONE,Lvl,Corner,Gtl,NAmes,Norm,Norm,1Fam,1Story,6,7,1959,MetalSd,MetalSd,BrkFace,0.193508620865682,CBlock,1386,0,206,1592,GasA,0.268289832918241,SBrkr,-0.785025043886639,0.298914635217079,1,0,-1.02736282330994,1.23259887250509,0.169927088600022,-0.207698474525451,-0.287758288825272,0.623631660646747,Attchd,0.197139687105821,0.173028497397599,-0.740760408320604,-0.702842766617084,-0.359600750132276,-0.103330530851366,3.29218521757499,NONE,-0.0895919598967582,Normal,-2.23744784062252,1,3,2,3,3,3,4,3,3,7,5,1,2,3,3,2,0,2,-0.250997476711292,0,200710
2398,45,RL,0.813519550725098,0.254118192211645,Pave,NONE,Lvl,Inside,Gtl,NAmes,Norm,Norm,1Fam,1.5Unf,5,7,1940,Wd Sdng,HdBoard,None,-0.567015949674981,PConc,130,259,433,822,GasA,0.268289832918241,SBrkr,-0.785025043886639,-1.17154468076769,0,0,-1.02736282330994,-0.756321032880405,-1.04580127322219,-0.207698474525451,-1.56236594448683,-0.924311211315714,Attchd,0.232726140626856,0.182309293118067,1.50421166314324,-0.347623576216934,-0.359600750132276,-0.103330530851366,3.1319708589661,MnPrv,-0.0895919598967582,Normal,0.44693779307133,1,2,2,2,2,3,0,3,3,7,2,3,2,3,3,1,0,1,-0.250997476711292,0,200702
2399,20,RL,-0.232008726878616,-0.655382521627132,Pave,NONE,Lvl,Inside,Gtl,BrkSide,Norm,Norm,1Fam,1Story,3,3,1946,WdShing,Wd Shng,None,-0.567015949674981,CBlock,299,0,367,666,GasA,-3.72731232161413,SBrkr,-0.785025043886639,-1.64983924322511,0,1,-1.02736282330994,-0.756321032880405,-1.04580127322219,-0.207698474525451,-1.56236594448683,-0.924311211315714,NONE,-4.15997671587587,-2.19357441132175,-0.740760408320604,0.0667988125832417,-0.359600750132276,-0.103330530851366,-0.285935458023539,MnPrv,-0.0895919598967582,Normal,0.44693779307133,1,1,1,1,3,2,0,0,0,7,2,1,0,3,3,1,0,0,-0.799602219893816,0,200707
2400,50,RL,-0.202136490375653,-0.845601577784154,Pave,NONE,Lvl,Inside,Gtl,BrkSide,Feedr,Norm,1Fam,1.5Fin,3,5,1945,MetalSd,MetalSd,None,-0.567015949674981,CBlock,144,0,226,370,GasA,-3.72731232161413,FuseA,-0.253095278841818,-1.64193354797787,1,0,-1.02736282330994,-0.756321032880405,-1.04580127322219,-0.207698474525451,-1.56236594448683,-0.924311211315714,NONE,-4.15997671587587,-2.19357441132175,-0.740760408320604,-0.392025975016952,-0.359600750132276,-0.103330530851366,-0.285935458023539,MnPrv,3.4358484312928,Normal,0.44693779307133,1,2,2,2,1,3,0,0,0,7,2,1,0,3,3,1,0,0,-0.250997476711292,0,200710
2401,20,RL,-0.232008726878616,-0.633190298408812,Pave,NONE,Lvl,Inside,Gtl,BrkSide,RRAn,Feedr,1Fam,1Story,5,8,1958,VinylSd,VinylSd,None,-0.567015949674981,CBlock,150,404,254,808,GasA,0.268289832918241,SBrkr,-0.785025043886639,-1.36918706194844,0,0,-1.02736282330994,-0.756321032880405,-1.04580127322219,-0.207698474525451,-0.925062116656053,-0.924311211315714,Detchd,0.20603630048608,-0.764331870369674,0.389630458648865,-0.702842766617084,-0.359600750132276,-0.103330530851366,-0.285935458023539,NONE,-0.0895919598967582,Normal,0.44693779307133,1,2,2,4,2,3,0,3,3,7,4,5,0,3,3,1,0,1,-0.250997476711292,0,200710
2402,20,RL,0.664158368210282,-0.0720440827455964,Pave,NONE,Lvl,Inside,Gtl,NAmes,Norm,Norm,1Fam,1Story,5,6,1955,HdBoard,HdBoard,BrkFace,0.417192318083524,CBlock,368,0,710,1078,GasA,0.268289832918241,SBrkr,-0.785025043886639,-0.693250118310281,1,0,-1.02736282330994,-0.756321032880405,-1.04580127322219,-0.207698474525451,-0.287758288825272,-0.924311211315714,Attchd,0.188243073725562,-0.857139827574354,-0.740760408320604,-0.702842766617084,-0.359600750132276,-0.103330530851366,2.82934373714931,MnPrv,-0.0895919598967582,Normal,0.44693779307133,1,3,2,4,2,3,0,3,3,7,4,1,2,3,3,1,0,3,-0.250997476711292,0,200702
2403,90,RL,0.156330347659906,-0.19023352297116,Pave,NONE,Lvl,Corner,Gtl,NAmes,Norm,Norm,Duplex,1Story,5,5,1968,MetalSd,MetalSd,None,-0.567015949674981,CBlock,0,0,1560,1560,GasA,0.268289832918241,SBrkr,-0.785025043886639,0.11708364453079,0,0,0.781365814350925,-0.756321032880405,1.38565545042224,4.45593111885755,0.98684936683629,-0.924311211315714,Detchd,0.217157067211403,1.48162069398359,-0.740760408320604,-0.702842766617084,-0.359600750132276,-0.103330530851366,-0.285935458023539,NONE,-0.0895919598967582,Normal,0.44693779307133,1,2,2,2,2,3,0,3,3,7,1,1,2,3,3,1,0,1,-0.250997476711292,0,200708
2404,85,RL,-1.72562055202678,-0.0149783658984897,Pave,NONE,Lvl,Inside,Gtl,NAmes,Norm,Norm,1Fam,SFoyer,5,6,1966,HdBoard,HdBoard,BrkFace,-0.0805039082261746,CBlock,602,0,191,793,GasA,0.268289832918241,SBrkr,-0.785025043886639,-0.436315022775307,0,1,0.781365814350925,-0.756321032880405,0.169927088600022,-0.207698474525451,-0.287758288825272,0.623631660646747,Basment,0.212708760521274,-0.188922535700655,0.365915964936219,-0.110810782616833,-0.359600750132276,-0.103330530851366,-0.285935458023539,NONE,-0.0895919598967582,Normal,-2.23744784062252,1,2,2,4,2,3,3,3,3,7,6,1,2,3,2,3,0,3,-0.250997476711292,0,200709
2405,80,RL,1.26160309826955,-0.0720440827455964,Pave,NONE,Lvl,Inside,Gtl,NAmes,Norm,Norm,1Fam,SLvl,6,5,1961,WdShing,Wd Shng,BrkFace,1.06028294758482,CBlock,600,0,618,1218,GasA,0.268289832918241,SBrkr,-0.785025043886639,-0.487702041882302,1,0,-1.02736282330994,-0.756321032880405,0.169927088600022,-0.207698474525451,-0.287758288825272,0.623631660646747,Attchd,0.20158799379595,0.242634465301109,-0.740760408320604,-0.702842766617084,-0.359600750132276,-0.103330530851366,2.7047325693424,NONE,-0.0895919598967582,Normal,0.44693779307133,1,2,2,2,2,3,4,3,3,7,5,1,2,3,2,3,0,2,-0.250997476711292,0,200708
2406,20,RL,0.455052712689539,-0.178566754193529,Pave,NONE,Lvl,Inside,Gtl,NAmes,Norm,Norm,1Fam,1Story,6,7,1957,VinylSd,VinylSd,None,-0.567015949674981,CBlock,873,0,63,936,GasA,0.268289832918241,SBrkr,-0.785025043886639,-1.11620481403708,1,0,-1.02736282330994,-0.756321032880405,-1.04580127322219,-0.207698474525451,-1.56236594448683,-0.924311211315714,Attchd,0.192691380415692,-0.731849085348036,-0.740760408320604,-0.702842766617084,-0.359600750132276,8.59271718934023,-0.285935458023539,NONE,-0.0895919598967582,Normal,0.44693779307133,1,2,2,2,3,3,0,3,3,7,5,1,2,3,3,1,0,2,-0.250997476711292,0,200712
2407,20,RL,0.216074820665833,-0.419510891992424,Pave,NONE,Lvl,Inside,Gtl,NAmes,Norm,Norm,1Fam,1Story,5,6,1956,Wd Sdng,Wd Sdng,BrkCmn,-0.265042958430894,CBlock,908,0,100,1008,GasA,0.268289832918241,SBrkr,-0.785025043886639,-0.973902299586944,1,0,-1.02736282330994,-0.756321032880405,0.169927088600022,-0.207698474525451,-0.287758288825272,-0.924311211315714,Detchd,0.208260453831144,-0.764331870369674,-0.740760408320604,-0.702842766617084,-0.359600750132276,-0.103330530851366,-0.285935458023539,NONE,-0.0895919598967582,Normal,0.44693779307133,1,2,2,4,1,3,0,3,3,7,6,1,2,3,2,1,0,1,-0.250997476711292,0,200704
2408,20,RL,0.0667136381510165,-0.243241233286916,Pave,NONE,Lvl,Corner,Gtl,NAmes,Norm,Norm,1Fam,1Story,5,7,1963,MetalSd,MetalSd,None,-0.567015949674981,CBlock,288,0,765,1053,GasA,0.268289832918241,SBrkr,-0.785025043886639,-0.884963228055607,1,0,-1.02736282330994,-0.756321032880405,0.169927088600022,-0.207698474525451,-0.287758288825272,-0.924311211315714,2Types,0.274985054183085,1.01758090796019,1.15639908869109,-0.702842766617084,-0.359600750132276,-0.103330530851366,1.65443844068412,NONE,-0.0895919598967582,Normal,0.44693779307133,1,2,2,3,3,3,0,3,3,7,5,1,2,3,3,1,0,2,-0.250997476711292,0,200710
2409,20,RL,0.365436003180649,-0.135450434797937,Pave,NONE,Lvl,Inside,Gtl,NAmes,Norm,Norm,1Fam,1Story,5,5,1960,HdBoard,HdBoard,BrkCmn,-0.181161571974203,CBlock,0,0,1144,1144,GasA,0.268289832918241,SBrkr,-0.785025043886639,-0.705108661181125,0,0,-1.02736282330994,-0.756321032880405,0.169927088600022,-0.207698474525451,-0.287758288825272,0.623631660646747,Attchd,0.199363840450886,-0.634400730283121,-0.740760408320604,-0.702842766617084,-0.359600750132276,-0.103330530851366,-0.285935458023539,NONE,-0.0895919598967582,Normal,0.44693779307133,1,2,2,2,2,3,4,3,3,7,1,1,2,3,3,1,0,2,-0.250997476711292,0,200709
2410,20,RL,0.664158368210282,-0.0547975549873597,Pave,NONE,Lvl,Inside,Gtl,NAmes,Feedr,Norm,1Fam,1Story,6,6,1957,Wd Sdng,Wd Sdng,BrkFace,1.04909876272393,CBlock,668,138,525,1331,GasA,0.268289832918241,SBrkr,-0.785025043886639,0.435287878231795,0,0,-1.02736282330994,-0.756321032880405,1.38565545042224,-0.207698474525451,0.98684936683629,3.71951740457167,Attchd,0.192691380415692,-0.0404298041731661,-0.740760408320604,-0.702842766617084,-0.359600750132276,-0.103330530851366,-0.285935458023539,NONE,-0.0895919598967582,Normal,0.44693779307133,1,2,2,3,2,3,3,3,3,7,4,3,2,3,3,1,0,1,-0.250997476711292,0,200707
2411,20,RL,0.425180476186576,-0.0504859230478006,Pave,NONE,Lvl,Inside,Gtl,NAmes,Norm,Norm,1Fam,1Story,5,5,1957,Wd Sdng,Wd Sdng,None,-0.567015949674981,CBlock,512,0,410,922,GasA,0.268289832918241,FuseA,-0.785025043886639,-1.14387474740239,1,0,-1.02736282330994,-0.756321032880405,-1.04580127322219,-0.207698474525451,-0.925062116656053,-0.924311211315714,Attchd,0.192691380415692,-0.764331870369674,-0.740760408320604,-0.199615580216871,-0.359600750132276,-0.103330530851366,-0.285935458023539,GdWo,-0.0895919598967582,Normal,0.44693779307133,1,2,2,2,2,3,0,3,3,7,3,1,2,3,3,1,0,1,-0.250997476711292,0,200707
2412,20,RL,0.365436003180649,0.257415322518366,Pave,NONE,Lvl,Inside,Gtl,NAmes,Norm,Norm,1Fam,1Story,5,6,1955,VinylSd,VinylSd,None,-0.567015949674981,CBlock,780,0,424,1204,GasA,0.268289832918241,SBrkr,-0.785025043886639,-0.177403503428526,0,0,-1.02736282330994,-0.756321032880405,0.169927088600022,-0.207698474525451,0.349545539005509,0.623631660646747,Attchd,0.188243073725562,-0.755051074649206,1.45678267571794,0.51082280058343,-0.359600750132276,-0.103330530851366,-0.285935458023539,NONE,-0.0895919598967582,Normal,0.44693779307133,1,2,2,2,2,3,3,3,3,7,3,1,2,3,2,3,0,2,-0.250997476711292,0,200709
2413,20,RL,0.514797185695465,-0.0149783658984897,Pave,NONE,Lvl,Inside,Gtl,NAmes,Norm,Norm,1Fam,1Story,5,5,1955,MetalSd,MetalSd,None,-0.567015949674981,CBlock,288,0,928,1216,GasA,0.268289832918241,SBrkr,-0.785025043886639,-0.562806146730986,1,0,-1.02736282330994,-0.756321032880405,0.169927088600022,-0.207698474525451,-0.925062116656053,-0.924311211315714,Attchd,0.188243073725562,-0.634400730283121,-0.740760408320604,-0.702842766617084,-0.359600750132276,-0.103330530851366,-0.285935458023539,NONE,-0.0895919598967582,Normal,0.44693779307133,1,2,2,2,2,3,0,3,3,7,3,1,2,3,3,1,0,2,-0.250997476711292,0,200711
2414,20,RL,0.0667136381510165,0.176001566483161,Pave,NONE,Lvl,Inside,Gtl,NAmes,Norm,Norm,1Fam,1Story,5,9,1953,VinylSd,MetalSd,None,-0.567015949674981,CBlock,408,0,456,864,GasA,0.268289832918241,SBrkr,-0.785025043886639,-0.685344423063051,0,0,-1.02736282330994,1.23259887250509,0.169927088600022,-0.207698474525451,-0.287758288825272,-0.924311211315714,Detchd,0.203812147141015,-0.634400730283121,-0.242756040355034,-0.702842766617084,-0.359600750132276,-0.103330530851366,-0.285935458023539,NONE,-0.0895919598967582,Normal,0.44693779307133,1,4,2,3,4,3,0,3,3,7,4,1,2,3,3,1,0,1,-0.250997476711292,0,200710
2415,90,RL,0.365436003180649,-0.265053018392922,Pave,NONE,Lvl,Inside,Gtl,NAmes,Norm,Norm,Duplex,1Story,5,5,1958,Wd Sdng,Wd Sdng,Stone,0.886928082240991,CBlock,0,0,1560,1560,GasA,0.268289832918241,SBrkr,-0.785025043886639,0.11708364453079,0,0,0.781365814350925,-0.756321032880405,1.38565545042224,4.45593111885755,0.98684936683629,-0.924311211315714,Detchd,0.194915533760756,0.0523781530315144,-0.740760408320604,-0.702842766617084,-0.359600750132276,-0.103330530851366,-0.285935458023539,NONE,-0.0895919598967582,Normal,0.44693779307133,1,2,2,2,2,3,0,3,3,7,1,1,2,3,3,1,0,1,-0.250997476711292,0,200704
2416,20,RL,0.0667136381510165,0.0991530677957237,Pave,NONE,Lvl,Inside,Gtl,NAmes,Norm,Norm,1Fam,1Story,6,6,1952,Wd Sdng,Wd Sdng,None,-0.567015949674981,CBlock,441,0,507,948,GasA,0.268289832918241,SBrkr,-0.785025043886639,-1.09248772829539,0,0,-1.02736282330994,-0.756321032880405,-1.04580127322219,-0.207698474525451,-0.925062116656053,-0.924311211315714,Detchd,0.181570613690368,-0.291011288625803,-0.740760408320604,0.00759561418321662,-0.359600750132276,-0.103330530851366,-0.285935458023539,NONE,-0.0895919598967582,Normal,0.44693779307133,1,2,2,2,2,3,0,3,3,7,5,1,0,3,3,1,0,1,-0.250997476711292,0,200707
2417,20,RL,0.305691530174723,-0.282299546151158,Pave,NONE,Lvl,Inside,Gtl,NAmes,Norm,Norm,1Fam,1Story,6,7,1953,Wd Sdng,Wd Sdng,None,-0.567015949674981,CBlock,85,955,0,1040,GasA,0.268289832918241,FuseF,-0.785025043886639,-0.910656737609104,0,1,-1.02736282330994,-0.756321032880405,0.169927088600022,-0.207698474525451,-0.287758288825272,-0.924311211315714,Attchd,0.183794767035433,-0.833937838273184,-0.740760408320604,-0.702842766617084,-0.359600750132276,-0.103330530851366,-0.285935458023539,MnPrv,-0.0895919598967582,Normal,0.44693779307133,1,2,2,2,2,3,0,3,3,7,3,5,2,3,3,1,0,3,-0.250997476711292,0,200709
2418,20,RL,0.395308239683612,-0.206465549096559,Pave,NONE,Lvl,Corner,Gtl,NAmes,Norm,Norm,1Fam,1Story,5,8,1956,VinylSd,VinylSd,None,-0.567015949674981,CBlock,114,691,120,925,GasA,0.268289832918241,SBrkr,-0.785025043886639,-1.13794547596697,1,0,-1.02736282330994,-0.756321032880405,0.169927088600022,-0.207698474525451,-0.925062116656053,-0.924311211315714,Detchd,0.190467227070627,-1.02419415054278,0.460773939786803,-0.702842766617084,-0.359600750132276,-0.103330530851366,-0.285935458023539,NONE,-0.0895919598967582,Normal,0.44693779307133,1,3,2,2,3,3,0,3,3,7,3,5,2,3,3,1,0,1,-0.250997476711292,0,200709
2419,50,RL,-0.0826475443637997,-0.382735207802066,Pave,NONE,Lvl,Inside,Gtl,NAmes,Norm,Norm,1Fam,1.5Fin,4,4,1955,MetalSd,MetalSd,None,-0.567015949674981,PConc,150,0,1040,1190,GasA,0.268289832918241,SBrkr,0.381487598755511,0.0775551682946399,1,0,-1.02736282330994,-0.756321032880405,1.38565545042224,-0.207698474525451,0.349545539005509,-0.924311211315714,Detchd,0.292778280943602,-0.560154364519377,-0.740760408320604,-0.702842766617084,-0.359600750132276,-0.103330530851366,-0.285935458023539,NONE,-0.0895919598967582,Normal,0.44693779307133,1,2,2,3,1,3,0,3,3,7,3,1,2,3,3,1,0,1,-0.250997476711292,0,200711
2420,20,RL,0.365436003180649,-0.224219327671214,Pave,NONE,Lvl,Corner,Gtl,NAmes,Norm,Norm,1Fam,1Story,5,5,1955,MetalSd,MetalSd,None,-0.567015949674981,CBlock,793,0,130,923,GasA,0.268289832918241,SBrkr,-0.785025043886639,-1.13794547596697,1,0,-1.02736282330994,-0.756321032880405,0.169927088600022,-0.207698474525451,-0.925062116656053,2.17157453260921,Attchd,0.188243073725562,-0.383819245830484,-0.100469078079157,-0.702842766617084,-0.359600750132276,-0.103330530851366,-0.285935458023539,GdWo,-0.0895919598967582,Normal,0.44693779307133,1,3,2,2,2,3,3,3,3,7,4,1,2,3,3,1,0,1,-0.250997476711292,0,200706
2421,20,RL,0.514797185695465,-0.0806673466247148,Pave,NONE,Lvl,Inside,Gtl,NAmes,Norm,Norm,1Fam,1Story,4,6,1953,VinylSd,VinylSd,None,-0.567015949674981,CBlock,595,354,156,1105,GasA,0.268289832918241,SBrkr,-0.785025043886639,0.289032516158041,1,0,-1.02736282330994,-0.756321032880405,0.169927088600022,-0.207698474525451,-0.287758288825272,0.623631660646747,Attchd,0.183794767035433,-0.894263010456227,1.03782662012786,-0.702842766617084,-0.359600750132276,-0.103330530851366,-0.285935458023539,GdPrv,-0.0895919598967582,Normal,0.44693779307133,1,2,2,3,2,3,2,3,3,6,4,3,2,3,3,1,0,3,-0.250997476711292,0,200705
2422,20,RL,-1.72562055202678,0.71203886673365,Pave,NONE,Lvl,Inside,Gtl,OldTown,Artery,Norm,1Fam,1Story,5,5,1952,Wd Sdng,Wd Sdng,None,-0.567015949674981,CBlock,292,0,632,924,GasA,0.268289832918241,SBrkr,-0.785025043886639,-1.13992189977877,0,0,-1.02736282330994,-0.756321032880405,-1.04580127322219,-0.207698474525451,-0.287758288825272,-0.924311211315714,Detchd,0.181570613690368,-0.244607310023463,-0.740760408320604,4.09261630378495,-0.359600750132276,-0.103330530851366,-0.285935458023539,MnPrv,0.615496118341154,Normal,-2.23744784062252,1,2,2,2,2,3,0,3,3,7,3,1,2,3,3,1,0,1,-0.250997476711292,0,200709
2423,50,RL,0.0667136381510165,0.510026229094892,Pave,NONE,Lvl,Inside,Gtl,OldTown,Artery,Norm,1Fam,1.5Fin,4,7,1890,VinylSd,VinylSd,None,-0.567015949674981,CBlock,0,0,925,925,GasA,0.268289832918241,SBrkr,0.484140711308021,0.0854608635418698,0,0,0.781365814350925,-0.756321032880405,0.169927088600022,-0.207698474525451,0.349545539005509,-0.924311211315714,NONE,-4.15997671587587,-2.19357441132175,1.08525560755315,-0.702842766617084,-0.359600750132276,-0.103330530851366,-0.285935458023539,NONE,-0.0895919598967582,Normal,0.44693779307133,1,3,3,3,2,3,0,0,0,7,1,1,0,3,3,1,0,0,-0.799602219893816,0,200707
2424,50,RL,-1.72562055202678,0.244860864812003,Pave,NONE,Lvl,Inside,Gtl,NAmes,Norm,Norm,1Fam,1.5Fin,5,6,1953,MetalSd,MetalSd,None,-0.567015949674981,CBlock,198,0,1018,1216,GasA,0.268289832918241,SBrkr,-0.785025043886639,0.449122844914448,1,0,-1.02736282330994,-0.756321032880405,0.169927088600022,-0.207698474525451,0.349545539005509,0.623631660646747,Attchd,0.183794767035433,-0.47198680517493,0.840205839189143,-0.702842766617084,-0.359600750132276,-0.103330530851366,-0.285935458023539,GdWo,-0.0895919598967582,Normal,-2.23744784062252,1,2,2,4,2,2,4,3,3,7,2,1,2,3,2,1,0,1,-0.250997476711292,0,200709
2425,70,RL,1.64994217280807,1.40925511390119,Pave,NONE,Lvl,Inside,Gtl,NAmes,Norm,Norm,1Fam,2Story,5,4,1935,Wd Sdng,MetalSd,None,-0.567015949674981,BrkTil,0,0,666,666,GasA,0.268289832918241,SBrkr,3.36309391334885,3.13310638134902,0,0,2.59009445201179,1.23259887250509,1.38565545042224,-0.207698474525451,1.62415319466707,-0.924311211315714,BuiltIn,0.303899047668925,3.37490302095908,-0.740760408320604,2.37572355018422,4.15519562793003,-0.103330530851366,2.49111342453054,NONE,-0.0895919598967582,Family,0.44693779307133,1,2,2,3,3,2,0,3,3,6,1,1,2,3,3,1,0,1,-0.250997476711292,0,200703
2426,50,RL,0.0667136381510165,0.0146958068620058,Pave,NONE,Lvl,Corner,Gtl,OldTown,Norm,Norm,1Fam,1.5Fin,4,7,1925,MetalSd,MetalSd,None,-0.567015949674981,CBlock,1030,66,55,1151,GasA,0.268289832918241,SBrkr,0.232173980497316,-0.4343385989635,1,0,0.781365814350925,-0.756321032880405,-2.26152963504441,-0.207698474525451,-0.287758288825272,-0.924311211315714,Detchd,0.23939860066205,0.497856347613981,-0.740760408320604,-0.702842766617084,-0.359600750132276,-0.103330530851366,-0.285935458023539,NONE,-0.0895919598967582,Abnorml,0.44693779307133,1,2,2,4,2,3,0,3,3,4,5,2,2,3,3,2,0,1,-0.250997476711292,0,200711
2427,70,RL,0.0667136381510165,0.0801311621800214,Pave,Grvl,Lvl,Inside,Gtl,OldTown,Norm,Norm,1Fam,2Story,5,9,1895,Wd Sdng,HdBoard,None,-0.567015949674981,CBlock,0,0,736,736,GasA,0.268289832918241,SBrkr,1.04173375449097,0.0656966254237949,0,0,-1.02736282330994,1.23259887250509,0.169927088600022,-0.207698474525451,-0.287758288825272,-0.924311211315714,NONE,-4.15997671587587,-2.19357441132175,-0.740760408320604,0.954846788583617,-0.359600750132276,-0.103330530851366,-0.285935458023539,NONE,-0.0895919598967582,Normal,0.44693779307133,1,3,2,4,3,3,0,0,0,7,1,1,0,3,3,3,0,0,0.297607266471232,0,200710
2428,80,RL,1.0524974427488,-0.00990585773430246,Pave,NONE,Lvl,Inside,Gtl,NAmes,Norm,Norm,1Fam,SLvl,7,5,1963,Plywood,Plywood,BrkFace,1.46850569500738,CBlock,242,483,0,725,GasA,0.268289832918241,SBrkr,0.65211853184849,0.296938211405271,0,1,0.781365814350925,-0.756321032880405,1.38565545042224,-0.207698474525451,-0.287758288825272,2.17157453260921,BuiltIn,0.20603630048608,-0.912824601897163,2.89546196095181,-0.0220059850167959,-0.359600750132276,-0.103330530851366,2.65132778313943,MnPrv,-0.0895919598967582,Normal,0.44693779307133,1,2,2,2,2,3,3,3,3,7,3,5,2,3,2,3,0,1,-0.250997476711292,0,200702
2429,20,RL,0.514797185695465,-0.18617551643981,Pave,NONE,Lvl,Inside,Gtl,NAmes,Norm,Norm,1Fam,1Story,5,7,1961,HdBoard,HdBoard,BrkFace,-0.27063505086134,CBlock,192,0,728,920,GasA,0.268289832918241,SBrkr,-0.785025043886639,-1.21107315700384,0,1,-1.02736282330994,-0.756321032880405,0.169927088600022,-0.207698474525451,-0.925062116656053,-0.924311211315714,Attchd,0.20158799379595,-1.07987892486559,-0.740760408320604,-0.702842766617084,-0.359600750132276,-0.103330530851366,-0.285935458023539,NONE,-0.0895919598967582,Abnorml,0.44693779307133,1,2,2,3,2,3,0,3,3,7,5,1,2,3,2,1,0,1,-0.250997476711292,0,200705
2430,20,RL,0.245947057168796,-0.236900598081682,Pave,NONE,Lvl,Inside,Gtl,NAmes,Norm,Norm,1Fam,1Story,6,6,1968,Wd Sdng,Wd Sdng,BrkFace,-0.0860960006566206,CBlock,952,0,0,952,GasA,0.268289832918241,SBrkr,-0.785025043886639,-1.08458203304816,1,0,-1.02736282330994,-0.756321032880405,0.169927088600022,-0.207698474525451,-0.925062116656053,-0.924311211315714,Attchd,0.217157067211403,-0.857139827574354,-0.740760408320604,-0.702842766617084,-0.359600750132276,-0.103330530851366,-0.285935458023539,NONE,-0.0895919598967582,Normal,0.44693779307133,1,2,2,3,2,3,0,3,3,7,3,1,2,3,2,2,0,1,-0.250997476711292,0,200711
2431,20,RL,0.0667136381510165,-0.376394572596832,Pave,NONE,Lvl,Inside,Gtl,NAmes,Norm,Norm,1Fam,1Story,5,3,1950,WdShing,Wd Shng,None,-0.567015949674981,CBlock,432,0,432,864,GasA,0.268289832918241,FuseA,-0.785025043886639,-0.519324822871222,0,0,-1.02736282330994,1.23259887250509,0.169927088600022,-0.207698474525451,-0.287758288825272,0.623631660646747,Attchd,0.177122307000239,-0.536952375218207,-0.740760408320604,1.82809396498399,-0.359600750132276,-0.103330530851366,-0.285935458023539,NONE,-0.0895919598967582,Normal,0.44693779307133,1,2,2,1,2,3,3,3,3,5,2,1,2,3,3,1,0,1,-0.250997476711292,0,200703
2432,20,RL,-1.72562055202678,-0.338350761365428,Pave,NONE,Lvl,Inside,Gtl,NAmes,Norm,Norm,1Fam,1Story,5,7,1959,BrkFace,BrkFace,None,-0.567015949674981,CBlock,574,0,466,1040,GasA,0.268289832918241,SBrkr,-0.785025043886639,-0.910656737609104,1,0,-1.02736282330994,-0.756321032880405,0.169927088600022,-0.207698474525451,-0.287758288825272,-0.924311211315714,Attchd,0.197139687105821,-0.866420623294823,-0.740760408320604,-0.702842766617084,-0.359600750132276,-0.103330530851366,-0.285935458023539,NONE,-0.0895919598967582,Normal,-2.23744784062252,1,2,2,4,3,3,0,3,3,7,6,1,2,3,3,1,0,2,-0.250997476711292,0,200710
2433,20,RL,0.365436003180649,-0.361811111624794,Pave,NONE,Lvl,Inside,Gtl,NAmes,Norm,Norm,1Fam,1Story,5,6,1958,BrkFace,BrkFace,None,-0.567015949674981,CBlock,625,0,545,1170,GasA,0.268289832918241,SBrkr,-0.785025043886639,-0.653721642074131,0,1,-1.02736282330994,-0.756321032880405,0.169927088600022,-0.207698474525451,-0.287758288825272,0.623631660646747,Attchd,0.194915533760756,-0.625119934562653,-0.740760408320604,-0.702842766617084,-0.359600750132276,-0.103330530851366,3.71942350719869,NONE,-0.0895919598967582,Normal,0.44693779307133,1,2,2,2,2,3,3,3,3,7,3,1,2,3,3,1,0,2,-0.250997476711292,0,200706
2434,20,RL,0.365436003180649,-0.287245241611241,Pave,NONE,Lvl,Inside,Gtl,NAmes,Norm,Norm,1Fam,1Story,5,5,1960,BrkFace,BrkFace,None,-0.567015949674981,CBlock,739,0,503,1242,GasA,0.268289832918241,FuseA,-0.785025043886639,-0.511419127623992,1,0,-1.02736282330994,1.23259887250509,0.169927088600022,-0.207698474525451,-0.287758288825272,-0.924311211315714,Attchd,0.199363840450886,-0.69008550460593,-0.740760408320604,-0.702842766617084,-0.359600750132276,-0.103330530851366,-0.285935458023539,NONE,-0.0895919598967582,Family,0.44693779307133,1,2,2,3,2,3,0,3,3,7,3,1,2,3,3,1,0,2,-0.250997476711292,0,200708
2435,20,RL,0.664158368210282,-0.274944409313087,Pave,NONE,Lvl,Inside,Gtl,NAmes,Norm,Norm,1Fam,1Story,5,5,1960,BrkFace,BrkFace,None,-0.567015949674981,CBlock,1098,154,125,1377,GasA,0.268289832918241,SBrkr,-0.785025043886639,-0.244601913029981,1,0,-1.02736282330994,-0.756321032880405,0.169927088600022,-0.207698474525451,-0.287758288825272,2.17157453260921,Attchd,0.210484607176209,-0.564794762379611,-0.740760408320604,-0.702842766617084,-0.359600750132276,-0.103330530851366,-0.285935458023539,MnPrv,-0.0895919598967582,Normal,0.44693779307133,1,2,2,2,2,3,3,3,3,7,4,3,2,3,3,1,0,1,-0.250997476711292,0,200703
2436,20,RL,0.365436003180649,-0.401757113417768,Pave,NONE,Lvl,Corner,Gtl,NAmes,Feedr,Norm,1Fam,1Story,5,6,1961,BrkFace,Wd Sdng,None,-0.567015949674981,Slab,0,0,0,0,GasA,0.268289832918241,SBrkr,-0.785025043886639,-1.13794547596697,0,0,-1.02736282330994,-0.756321032880405,0.169927088600022,-0.207698474525451,0.349545539005509,-0.924311211315714,Attchd,0.20158799379595,-0.801455053251546,-0.740760408320604,-0.702842766617084,-0.359600750132276,-0.103330530851366,-0.285935458023539,NONE,-0.0895919598967582,Normal,0.44693779307133,0,2,2,3,2,0,0,3,3,7,0,0,2,3,3,0,0,3,-4.91413779376274,0,200710
2437,20,RL,0.0667136381510165,-0.452482195059641,Pave,NONE,Lvl,Inside,Gtl,NAmes,PosN,Norm,1Fam,1Story,5,5,1962,Wd Sdng,Wd Sdng,None,-0.567015949674981,CBlock,110,442,312,864,GasA,0.268289832918241,SBrkr,-0.785025043886639,-1.25850732848722,0,0,-1.02736282330994,-0.756321032880405,-1.04580127322219,-0.207698474525451,-0.925062116656053,-0.924311211315714,Detchd,0.203812147141015,-0.82929744041295,-0.282280196542777,-0.702842766617084,-0.359600750132276,-0.103330530851366,-0.285935458023539,NONE,-0.0895919598967582,Normal,0.44693779307133,1,2,2,3,2,3,0,3,3,7,5,4,2,3,3,1,0,1,-0.250997476711292,0,200704
2438,85,RL,0.245947057168796,-0.432192162402892,Pave,NONE,Lvl,Inside,Gtl,NAmes,Norm,Norm,1Fam,SFoyer,5,5,1962,HdBoard,HdBoard,None,-0.567015949674981,CBlock,734,0,162,896,GasA,0.268289832918241,SBrkr,-0.785025043886639,-1.11620481403708,1,0,-1.02736282330994,-0.756321032880405,0.169927088600022,-0.207698474525451,-0.287758288825272,0.623631660646747,Attchd,0.203812147141015,-0.857139827574354,-0.551044458619434,0.62922919738348,2.13132138948831,-0.103330530851366,-0.285935458023539,NONE,-0.0895919598967582,Normal,0.44693779307133,1,2,2,2,2,3,1,3,3,7,5,1,2,3,3,3,0,2,-0.250997476711292,0,200702
2439,30,RM,0.0667136381510165,-0.404546992908071,Pave,NONE,Bnk,Inside,Gtl,OldTown,Artery,Norm,1Fam,1Story,5,7,1926,MetalSd,MetalSd,None,-0.567015949674981,BrkTil,0,0,850,850,GasA,0.268289832918241,SBrkr,-0.785025043886639,-1.0687706425537,0,0,-1.02736282330994,-0.756321032880405,-1.04580127322219,-0.207698474525451,-0.925062116656053,-0.924311211315714,Detchd,0.246071060697244,0.479294756173045,-0.740760408320604,-0.702842766617084,1.44631780109265,-0.103330530851366,-0.285935458023539,NONE,-0.0895919598967582,Normal,0.44693779307133,1,3,3,2,2,3,0,3,3,7,1,1,2,3,3,1,0,2,-0.250997476711292,0,200707
2440,50,RM,-0.232008726878616,-0.52856981752245,Pave,Grvl,Lvl,Inside,Gtl,OldTown,Norm,Norm,1Fam,1.5Fin,6,6,1927,MetalSd,MetalSd,None,-0.567015949674981,BrkTil,276,0,569,845,GasA,0.268289832918241,SBrkr,0.21817582878561,-0.404692241786387,0,0,-1.02736282330994,-0.756321032880405,0.169927088600022,-0.207698474525451,-0.287758288825272,-0.924311211315714,Detchd,0.243846907352179,0.479294756173045,-0.740760408320604,-0.702842766617084,2.36484534007774,-0.103330530851366,-0.285935458023539,NONE,-0.0895919598967582,Normal,0.44693779307133,1,2,2,2,2,3,0,3,3,7,3,1,2,3,3,1,0,1,-0.250997476711292,0,200710
2441,30,RM,-0.0527753078608365,-0.721325127761566,Pave,NONE,Lvl,Corner,Gtl,OldTown,Artery,Norm,1Fam,1Story,5,5,1922,AsbShng,AsbShng,None,-0.567015949674981,PConc,782,0,240,1022,GasA,-3.72731232161413,FuseF,-0.785025043886639,-0.946232366221639,1,0,-1.02736282330994,-0.756321032880405,-1.04580127322219,-0.207698474525451,-1.56236594448683,0.623631660646747,Detchd,0.114846013338428,-1.33974120503869,-0.740760408320604,1.10285478458368,-0.0482354826797031,-0.103330530851366,-0.285935458023539,MnPrv,-0.0895919598967582,Normal,0.44693779307133,1,2,2,2,1,2,4,3,2,7,2,1,0,3,3,1,0,1,-0.799602219893816,0,200705
2442,30,RM,-0.0527753078608365,-0.889605586108478,Pave,Grvl,Lvl,Inside,Gtl,OldTown,Norm,Norm,1Fam,1Story,5,6,1920,MetalSd,MetalSd,None,-0.567015949674981,BrkTil,0,0,967,967,GasA,0.268289832918241,SBrkr,-0.785025043886639,-1.05493567587105,0,0,-1.02736282330994,-0.756321032880405,-1.04580127322219,-0.207698474525451,-0.925062116656053,0.623631660646747,Detchd,0.110397706648299,-1.35830279647963,-0.740760408320604,-0.702842766617084,0.0451740975560688,-0.103330530851366,-0.285935458023539,NONE,-0.0895919598967582,Normal,0.44693779307133,1,2,2,3,2,3,4,2,3,7,1,1,0,3,3,1,0,1,-0.250997476711292,0,200710
2443,30,RM,0.0667136381510165,-0.376394572596832,Pave,NONE,Lvl,Inside,Gtl,OldTown,Norm,Norm,1Fam,1Story,5,8,1940,VinylSd,VinylSd,Stone,0.993177838419466,CBlock,0,0,808,808,GasA,0.268289832918241,SBrkr,-0.785025043886639,-0.847411175631265,0,0,-1.02736282330994,-0.756321032880405,-1.04580127322219,-0.207698474525451,-0.925062116656053,2.17157453260921,Detchd,0.154880773549592,-0.434863622293058,-0.740760408320604,-0.702842766617084,-0.359600750132276,-0.103330530851366,-0.285935458023539,NONE,-0.0895919598967582,Normal,0.44693779307133,1,2,2,4,2,3,4,3,3,7,1,1,2,3,3,1,0,1,-0.250997476711292,0,200708
2444,50,RM,1.85904782832881,-0.148131705208405,Pave,NONE,Lvl,Corner,Gtl,OldTown,Norm,Norm,1Fam,1.5Fin,5,8,1900,Stucco,Stucco,None,-0.567015949674981,BrkTil,130,0,550,680,GasA,0.268289832918241,SBrkr,0.367489447043806,-0.645815946826901,0,0,-1.02736282330994,-0.756321032880405,-1.04580127322219,-0.207698474525451,-0.287758288825272,0.623631660646747,Detchd,0.288329974253473,0.479294756173045,0.176200015235049,-0.318021977016921,0.26312978477287,-0.103330530851366,-0.285935458023539,MnPrv,-0.0895919598967582,Normal,0.44693779307133,1,2,2,4,3,2,4,3,3,7,4,1,2,3,3,1,0,1,-0.250997476711292,0,200709
2445,50,RM,-0.232008726878616,-0.538080770330301,Pave,NONE,Lvl,Inside,Gtl,OldTown,Norm,Norm,1Fam,1.5Fin,4,6,1900,MetalSd,MetalSd,None,-0.567015949674981,BrkTil,122,448,0,570,GasA,-3.72731232161413,SBrkr,0.101524564521395,-0.711037932616548,0,0,-1.02736282330994,-0.756321032880405,0.169927088600022,-0.207698474525451,-0.287758288825272,-0.924311211315714,Detchd,0.132639240098946,-1.02419415054278,-0.740760408320604,-0.702842766617084,1.13495253364007,-0.103330530851366,-0.285935458023539,NONE,-0.0895919598967582,Normal,0.44693779307133,1,2,2,3,2,3,0,2,2,7,2,3,2,3,3,1,0,1,-0.799602219893816,0,200708
2446,70,RM,-0.0229030713578732,-0.0670983872855138,Pave,NONE,Lvl,Inside,Gtl,OldTown,Artery,Norm,1Fam,2Story,4,8,1900,MetalSd,MetalSd,None,-0.567015949674981,PConc,0,0,1075,1075,GasA,0.268289832918241,SBrkr,0.712777189265882,0.587472511740972,0,0,0.781365814350925,1.23259887250509,1.38565545042224,-0.207698474525451,0.349545539005509,-0.924311211315714,Detchd,0.143760006824269,-0.606558343121717,-0.740760408320604,-0.702842766617084,2.13132138948831,-0.103330530851366,-0.285935458023539,MnPrv,-0.0895919598967582,Normal,0.44693779307133,1,2,2,4,2,3,0,3,3,7,1,1,0,3,3,1,0,1,-0.250997476711292,0,200708
2447,70,RM,-1.72562055202678,0.0214168801795539,Pave,Pave,Lvl,Inside,Gtl,OldTown,Norm,Norm,1Fam,2Story,8,9,1910,VinylSd,VinylSd,None,-0.567015949674981,BrkTil,0,0,725,725,GasA,-3.72731232161413,SBrkr,1.22837577731371,0.536085492633977,0,0,0.781365814350925,1.23259887250509,0.169927088600022,-0.207698474525451,0.349545539005509,-0.924311211315714,Detchd,0.270536747492955,1.59299024262921,-0.740760408320604,-0.702842766617084,-0.359600750132276,-0.103330530851366,-0.285935458023539,MnPrv,-0.0895919598967582,Normal,-2.23744784062252,1,3,3,4,3,3,0,3,3,7,1,1,2,3,2,1,0,1,-0.250997476711292,0,200708
2448,70,RM,-0.142392017369726,-0.0386923415660652,Pave,Pave,Lvl,Inside,Gtl,OldTown,Norm,Norm,1Fam,2Story,6,6,1927,Wd Sdng,Wd Sdng,None,-0.567015949674981,BrkTil,196,210,322,728,GasA,0.268289832918241,SBrkr,0.913417363800332,0.279150397099004,0,1,-1.02736282330994,1.23259887250509,1.38565545042224,-0.207698474525451,1.62415319466707,0.623631660646747,Detchd,0.125966780063752,-0.458065611594228,-0.740760408320604,-0.702842766617084,-0.359600750132276,-0.103330530851366,-0.285935458023539,NONE,-0.0895919598967582,Abnorml,0.44693779307133,1,2,2,2,2,3,4,3,3,7,2,3,2,3,3,1,0,1,-0.250997476711292,0,200706
2449,70,RM,-0.680092274423065,-0.70978517168804,Pave,Grvl,Lvl,Inside,Gtl,OldTown,Norm,Norm,1Fam,2Story,5,7,1910,MetalSd,MetalSd,None,-0.567015949674981,BrkTil,168,0,448,616,GasA,0.268289832918241,SBrkr,0.65211853184849,-0.531183365742067,0,0,-1.02736282330994,-0.756321032880405,0.169927088600022,-0.207698474525451,-0.287758288825272,-0.924311211315714,Detchd,0.110397706648299,0.0338165615905783,1.47259233819304,-0.702842766617084,1.86666091215362,-0.103330530851366,-0.285935458023539,NONE,-0.0895919598967582,Normal,0.44693779307133,1,2,2,4,2,3,0,2,2,7,4,1,2,3,3,1,0,1,-0.250997476711292,0,200709
2450,50,RM,-0.0527753078608365,-0.224472953079424,Pave,Grvl,Lvl,Inside,Gtl,OldTown,Norm,Norm,1Fam,1.5Fin,6,8,1910,Wd Sdng,Wd Sdng,None,-0.567015949674981,CBlock,259,0,667,926,GasA,0.268289832918241,SBrkr,0.752438619115715,0.294961787593464,0,0,0.781365814350925,-0.756321032880405,0.169927088600022,-0.207698474525451,-0.287758288825272,-0.924311211315714,Detchd,0.241622754007115,-0.02186821273223,0.271057990085634,0.821639592183561,-0.359600750132276,-0.103330530851366,-0.285935458023539,NONE,-0.0895919598967582,Normal,0.44693779307133,1,2,2,2,2,4,0,3,3,7,4,1,0,3,3,1,0,1,0.297607266471232,0,200703
2451,70,RM,0.0667136381510165,-0.832920307373686,Pave,Grvl,Lvl,Inside,Gtl,OldTown,Norm,Norm,1Fam,2Story,5,7,1930,VinylSd,VinylSd,None,-0.567015949674981,BrkTil,316,0,371,687,GasA,0.268289832918241,SBrkr,0.780434922539127,-0.282153965454323,0,0,-1.02736282330994,1.23259887250509,0.169927088600022,-0.207698474525451,-0.287758288825272,0.623631660646747,Detchd,0.297226587633731,-0.634400730283121,-0.740760408320604,-0.229217179416884,-0.359600750132276,-0.103330530851366,-0.285935458023539,MnPrv,-0.0895919598967582,Partial,0.44693779307133,1,3,2,3,3,2,4,3,3,7,3,1,2,3,3,1,0,1,-0.250997476711292,0,200710
2452,75,RM,0.514797185695465,0.422525463262662,Pave,Grvl,Lvl,Corner,Gtl,OldTown,Norm,Norm,1Fam,2.5Unf,7,8,1879,Wd Sdng,Wd Sdng,None,-0.567015949674981,PConc,0,0,819,819,GasA,0.268289832918241,FuseA,1.87928983190803,1.88400653228668,0,0,0.781365814350925,-0.756321032880405,0.169927088600022,-0.207698474525451,0.98684936683629,0.623631660646747,Attchd,0.177122307000239,0.479294756173045,-0.740760408320604,1.48767557418384,1.97563875576202,-0.103330530851366,-0.285935458023539,MnPrv,-0.0895919598967582,Normal,0.44693779307133,1,3,2,2,2,3,4,3,3,7,1,1,0,3,3,1,0,1,-0.250997476711292,0,200705
2453,20,RM,-0.172264253872689,-0.195559656543556,Pave,NONE,Lvl,Inside,Gtl,OldTown,Norm,Norm,1Fam,1Story,4,6,1956,MetalSd,MetalSd,None,-0.561423857244535,CBlock,0,0,0,0,GasA,0.268289832918241,SBrkr,-0.785025043886639,-1.05295925205924,0,0,-1.02736282330994,-0.756321032880405,-1.04580127322219,-0.207698474525451,-0.925062116656053,-0.924311211315714,Attchd,0.190467227070627,-0.657602719584291,-0.740760408320604,-0.702842766617084,-0.359600750132276,-0.103330530851366,-0.285935458023539,NONE,-0.0895919598967582,Normal,0.44693779307133,0,2,2,3,2,0,0,2,3,7,0,0,2,3,3,0,0,1,-4.91413779376274,0,200708
2454,80,RM,0.544669422198429,0.206943866284703,Pave,NONE,Lvl,Inside,Gtl,OldTown,Norm,Norm,1Fam,SLvl,4,7,1949,Stucco,Wd Sdng,None,-0.567015949674981,Slab,0,0,0,0,GasA,0.268289832918241,SBrkr,-0.785025043886639,-0.234719793970943,0,0,0.781365814350925,-0.756321032880405,-2.26152963504441,-0.207698474525451,-0.287758288825272,0.623631660646747,Attchd,0.192691380415692,-0.411661632991888,-0.740760408320604,-0.110810782616833,-0.359600750132276,-0.103330530851366,-0.285935458023539,NONE,-0.0895919598967582,Normal,0.44693779307133,0,2,2,4,2,0,3,3,3,4,0,0,2,3,3,0,0,2,-4.91413779376274,0,200708
2455,40,RL,-0.0826475443637997,-0.420271768217052,Pave,NONE,Bnk,Inside,Mod,BrkSide,Norm,Norm,1Fam,1Story,5,7,1925,MetalSd,MetalSd,None,-0.567015949674981,PConc,317,227,212,756,GasA,-3.72731232161413,FuseA,-0.4490694028057,-0.871128261372955,1,0,-1.02736282330994,-0.756321032880405,-2.26152963504441,-0.207698474525451,-0.287758288825272,0.623631660646747,Detchd,0.219381220556468,-0.764331870369674,-0.740760408320604,0.259209207383323,-0.359600750132276,-0.103330530851366,2.38430385212462,NONE,-0.0895919598967582,Normal,0.44693779307133,1,3,2,2,2,3,4,2,3,4,2,3,2,3,3,1,0,1,-0.250997476711292,0,200711
2456,50,RM,-0.0826475443637997,-0.189472646746532,Pave,NONE,HLS,Inside,Gtl,BrkSide,RRNn,Artery,1Fam,1.5Fin,5,6,1950,MetalSd,MetalSd,None,-0.567015949674981,CBlock,910,0,0,910,GasA,0.268289832918241,SBrkr,0.439813230887619,-0.129969331945146,1,0,-1.02736282330994,-0.756321032880405,0.169927088600022,-0.207698474525451,-0.287758288825272,-0.924311211315714,Detchd,0.177122307000239,-0.764331870369674,-0.740760408320604,-0.214416379816877,-0.359600750132276,-0.103330530851366,-0.285935458023539,NONE,-0.0895919598967582,Normal,0.44693779307133,1,2,2,2,2,3,0,3,3,7,3,1,2,3,3,1,0,1,-0.799602219893816,0,200706
2457,50,RM,-0.232008726878616,-0.512718229509365,Pave,NONE,Lvl,Inside,Gtl,BrkSide,Norm,Norm,1Fam,1.5Fin,5,7,1939,MetalSd,MetalSd,None,-0.567015949674981,CBlock,306,0,422,728,GasA,0.268289832918241,SBrkr,0.488806761878589,-0.448173565646152,0,0,0.781365814350925,-0.756321032880405,0.169927088600022,-0.207698474525451,-0.287758288825272,-0.924311211315714,Detchd,0.152656620204528,-1.15412529062933,-0.740760408320604,-0.702842766617084,2.62950581741242,-0.103330530851366,-0.285935458023539,NONE,-0.0895919598967582,Normal,0.44693779307133,1,3,2,4,2,3,0,2,3,7,3,1,2,3,3,1,0,1,-0.250997476711292,0,200706
2458,70,RM,-0.232008726878616,-0.52856981752245,Pave,NONE,Lvl,Inside,Gtl,BrkSide,Norm,Norm,1Fam,2Story,6,6,1939,MetalSd,VinylSd,None,-0.567015949674981,CBlock,276,0,324,600,GasA,0.268289832918241,SBrkr,0.670782734130765,-0.531183365742067,0,0,-1.02736282330994,1.23259887250509,0.169927088600022,-0.207698474525451,-0.287758288825272,2.17157453260921,Attchd,0.152656620204528,-1.18660807565097,-0.740760408320604,-0.702842766617084,-0.359600750132276,-0.103330530851366,-0.285935458023539,GdWo,-0.0895919598967582,Normal,0.44693779307133,1,2,2,4,2,3,3,3,3,7,3,1,2,3,3,2,0,1,-0.250997476711292,0,200705
2459,45,RM,-0.202136490375653,-0.513352293029888,Pave,NONE,Lvl,Inside,Gtl,BrkSide,Norm,Norm,1Fam,1.5Unf,5,7,1939,AsbShng,AsbShng,None,-0.567015949674981,BrkTil,0,0,884,884,GasA,0.268289832918241,SBrkr,-0.785025043886639,-1.21897885225107,0,0,-1.02736282330994,-0.756321032880405,-1.04580127322219,-0.207698474525451,-0.925062116656053,-0.924311211315714,Detchd,0.152656620204528,-1.07987892486559,-0.740760408320604,-0.702842766617084,1.75768306854522,-0.103330530851366,-0.285935458023539,MnPrv,-0.0895919598967582,Normal,0.44693779307133,1,2,3,4,2,3,0,3,3,7,1,1,2,3,3,1,0,1,-0.250997476711292,0,200710
2460,50,RM,-1.72562055202678,-0.498134768537326,Pave,NONE,Lvl,Inside,Gtl,BrkSide,Norm,Norm,1Fam,1.5Fin,6,5,1938,VinylSd,VinylSd,None,-0.567015949674981,BrkTil,52,0,809,861,GasA,0.268289832918241,SBrkr,0.493472812449158,-0.181356351052141,1,0,-1.02736282330994,1.23259887250509,0.169927088600022,-0.207698474525451,-0.287758288825272,0.623631660646747,Detchd,0.217157067211403,0.256555658881811,1.03782662012786,-0.702842766617084,0.948133373168531,-0.103330530851366,-0.285935458023539,NONE,-0.0895919598967582,Normal,-2.23744784062252,1,2,2,3,2,3,4,3,3,7,2,1,2,3,3,1,0,1,-0.250997476711292,0,200706
2461,50,RM,-0.172264253872689,-0.498134768537326,Pave,NONE,Lvl,Inside,Gtl,BrkSide,Norm,Norm,1Fam,1.5Fin,5,8,1939,Wd Sdng,Wd Sdng,None,-0.567015949674981,BrkTil,48,0,624,672,GasA,0.268289832918241,SBrkr,0.20184465178862,-0.353305222679393,1,0,-1.02736282330994,-0.756321032880405,1.38565545042224,-0.207698474525451,0.349545539005509,-0.924311211315714,Detchd,0.152656620204528,-0.894263010456227,-0.740760408320604,-0.702842766617084,-0.359600750132276,-0.103330530851366,-0.285935458023539,MnPrv,-0.0895919598967582,Normal,0.44693779307133,1,3,2,4,2,3,0,3,3,7,3,1,2,3,3,1,0,1,-0.250997476711292,0,200710
2462,50,RM,-0.172264253872689,-0.498134768537326,Pave,NONE,Lvl,Inside,Gtl,BrkSide,Norm,Norm,1Fam,1.5Fin,5,7,1930,Wd Sdng,Wd Sdng,None,-0.567015949674981,BrkTil,0,0,966,966,GasA,0.268289832918241,SBrkr,0.176181373650493,-0.147757146251414,0,0,-1.02736282330994,-0.756321032880405,0.169927088600022,-0.207698474525451,-0.287758288825272,0.623631660646747,Detchd,0.132639240098946,-1.12628290346793,0.634680227012876,-0.702842766617084,1.13495253364007,-0.103330530851366,-0.285935458023539,GdPrv,-0.0895919598967582,Normal,0.44693779307133,1,2,2,4,2,3,4,2,3,7,1,1,2,3,3,1,0,1,-0.250997476711292,0,200710
2463,50,RM,-0.202136490375653,-0.513352293029888,Pave,NONE,Lvl,Inside,Gtl,BrkSide,Norm,Norm,1Fam,1.5Fin,5,6,1926,Wd Sdng,Wd Sdng,None,-0.567015949674981,BrkTil,351,0,405,756,GasA,0.268289832918241,FuseA,0.0968585139508267,-0.4343385989635,1,0,-1.02736282330994,-0.756321032880405,-1.04580127322219,-0.207698474525451,-0.287758288825272,-0.924311211315714,Detchd,0.123742626718687,-0.434863622293058,-0.543139627381886,-0.702842766617084,-0.359600750132276,-0.103330530851366,-0.285935458023539,NONE,-0.0895919598967582,Normal,0.44693779307133,1,2,2,3,3,3,0,3,3,7,5,1,2,3,3,1,0,1,-0.250997476711292,0,200711
2464,70,RM,-0.321625436387506,-0.306013521818734,Pave,NONE,Lvl,Inside,Gtl,OldTown,Norm,Norm,1Fam,2Story,6,8,1918,Wd Sdng,Wd Sdng,None,-0.567015949674981,CBlock,0,0,1100,1100,GasA,0.268289832918241,FuseA,1.93061638818429,1.50848600804326,0,0,0.781365814350925,1.23259887250509,1.38565545042224,-0.207698474525451,0.98684936683629,-0.924311211315714,Detchd,0.177122307000239,-0.300292084346272,-0.740760408320604,1.54687877258387,-0.359600750132276,-0.103330530851366,-0.285935458023539,MnPrv,-0.0895919598967582,Normal,0.44693779307133,1,3,2,4,2,3,0,3,3,7,1,1,2,3,3,1,0,1,-0.250997476711292,0,200708
2465,50,RL,0.0667136381510165,-0.167153610824108,Pave,Pave,Bnk,Inside,Gtl,BrkSide,Norm,Norm,1Fam,1.5Fin,6,7,1920,Wd Sdng,Wd Shng,None,-0.567015949674981,PConc,0,0,768,768,GasA,0.268289832918241,SBrkr,0.670782734130765,-0.246578336841788,0,0,-1.02736282330994,-0.756321032880405,0.169927088600022,-0.207698474525451,0.349545539005509,-0.924311211315714,Detchd,0.237174447316985,0.479294756173045,-0.740760408320604,0.0964004117832542,1.88222917552625,-0.103330530851366,-0.285935458023539,NONE,-0.0895919598967582,Normal,0.44693779307133,1,3,2,4,3,3,0,3,3,7,1,1,1,3,3,1,0,1,-0.250997476711292,0,200705
2466,50,RL,0.0667136381510165,-0.205197422055512,Pave,NONE,Lvl,Inside,Gtl,BrkSide,RRAn,Norm,1Fam,1.5Fin,5,5,1926,HdBoard,HdBoard,None,-0.567015949674981,PConc,0,0,750,750,GasA,0.268289832918241,SBrkr,0.0455319576745721,-0.365163765550238,0,0,-1.02736282330994,-0.756321032880405,1.38565545042224,-0.207698474525451,0.349545539005509,-0.924311211315714,Detchd,0.210484607176209,0.479294756173045,-0.740760408320604,-0.702842766617084,-0.359600750132276,-0.103330530851366,-0.285935458023539,NONE,-0.0895919598967582,Family,0.44693779307133,1,2,2,2,2,3,0,3,3,7,1,1,2,3,3,1,0,1,-0.799602219893816,0,200702
2467,70,RM,-1.72562055202678,-0.566613628753854,Pave,NONE,Lvl,Corner,Gtl,OldTown,Feedr,Norm,1Fam,2Story,7,6,1929,Wd Sdng,Wd Shng,None,-0.567015949674981,BrkTil,336,0,336,672,GasA,-3.72731232161413,FuseA,0.782767947824411,-0.309823898819628,1,0,-1.02736282330994,1.23259887250509,0.169927088600022,-0.207698474525451,-0.287758288825272,0.623631660646747,Attchd,0.241622754007115,-0.0775529870550383,-0.740760408320604,-0.702842766617084,0.730177685951729,-0.103330530851366,-0.285935458023539,GdPrv,-0.0895919598967582,Normal,-2.23744784062252,1,2,2,3,3,3,4,3,3,7,3,1,2,3,2,1,0,1,-0.250997476711292,0,200712
2468,45,RM,-0.530731091908249,-0.569149882835948,Pave,Grvl,Lvl,Inside,Gtl,OldTown,Norm,Norm,1Fam,1.5Fin,5,4,1901,AsbShng,AsbShng,None,-0.567015949674981,CBlock,0,0,592,592,GasA,-3.72731232161413,FuseA,-0.225098975418407,-0.647792370638708,0,0,0.781365814350925,-0.756321032880405,0.169927088600022,-0.207698474525451,0.349545539005509,-0.924311211315714,Detchd,0.110397706648299,-1.07987892486559,-0.740760408320604,-0.332822776616927,0.83915552956013,-0.103330530851366,-0.285935458023539,MnPrv,-0.0895919598967582,AdjLand,0.44693779307133,1,2,2,2,2,3,0,3,2,7,1,1,2,3,3,1,0,1,-0.250997476711292,0,200712
2469,50,RM,-0.530731091908249,-0.569149882835948,Pave,Grvl,Lvl,Inside,Gtl,OldTown,Norm,Norm,1Fam,1.5Fin,5,3,1901,AsbShng,AsbShng,None,-0.567015949674981,CBlock,0,0,969,969,GasA,-3.72731232161413,FuseA,-0.213433848991985,-0.566758994354601,0,0,-1.02736282330994,-0.756321032880405,-1.04580127322219,-0.207698474525451,-0.287758288825272,-0.924311211315714,Detchd,0.110397706648299,-1.1912484735112,-0.740760408320604,-0.702842766617084,0.83915552956013,-0.103330530851366,-0.285935458023539,MnPrv,-0.0895919598967582,AdjLand,0.44693779307133,1,2,2,2,2,3,0,3,3,7,1,1,0,3,3,1,0,1,-0.250997476711292,0,200712
2470,80,RM,1.85904782832881,0.384481652031257,Pave,NONE,Lvl,Corner,Gtl,IDOTRR,Norm,Norm,1Fam,SLvl,6,6,1963,HdBoard,HdBoard,BrkFace,0.741533679049394,CBlock,375,0,366,741,GasA,0.268289832918241,SBrkr,1.07439610848495,1.56777872239749,0,0,2.59009445201179,-0.756321032880405,2.60138381224446,-0.207698474525451,1.62415319466707,0.623631660646747,Attchd,0.20603630048608,0.859807380712235,-0.740760408320604,0.925245189383605,-0.359600750132276,-0.103330530851366,-0.285935458023539,NONE,-0.0895919598967582,Normal,0.44693779307133,1,2,2,1,2,3,4,3,3,7,4,1,2,3,3,1,0,1,-0.250997476711292,0,200707
2471,60,RM,0.0667136381510165,-0.0492177960067537,Pave,Grvl,Lvl,Inside,Gtl,IDOTRR,Norm,Norm,1Fam,2Story,7,9,1950,VinylSd,VinylSd,None,-0.567015949674981,CBlock,354,398,224,976,GasA,0.268289832918241,SBrkr,1.49200763455084,0.891841778759325,0,0,-1.02736282330994,1.23259887250509,1.38565545042224,-0.207698474525451,0.98684936683629,2.17157453260921,Detchd,0.177122307000239,-0.80609545111178,1.51211649438078,-0.702842766617084,-0.359600750132276,-0.103330530851366,3.55920914858981,NONE,-0.0895919598967582,Normal,0.44693779307133,1,4,2,4,3,3,3,3,3,7,2,3,2,3,3,1,0,3,-0.250997476711292,0,200707
2472,50,RM,0.0667136381510165,0.0192610642097743,Pave,Grvl,Lvl,Inside,Gtl,IDOTRR,Norm,Norm,1Fam,1.5Fin,6,5,1915,MetalSd,MetalSd,None,-0.567015949674981,CBlock,375,0,763,1138,GasA,0.268289832918241,SBrkr,1.6459873033796,1.34246640785143,0,0,-1.02736282330994,1.23259887250509,0.169927088600022,-0.207698474525451,0.349545539005509,0.623631660646747,Detchd,0.301674894323861,1.14751204804674,-0.740760408320604,-0.702842766617084,2.28700402321459,-0.103330530851366,-0.285935458023539,NONE,-0.0895919598967582,Normal,0.44693779307133,1,2,2,3,2,2,4,3,3,7,2,1,0,3,3,1,0,1,-0.250997476711292,0,200708
2473,190,RM,-0.172264253872689,-0.740347033377268,Pave,Grvl,Lvl,Inside,Gtl,IDOTRR,Norm,Norm,2fmCon,1.5Fin,4,6,1958,MetalSd,MetalSd,None,-0.567015949674981,BrkTil,681,127,0,808,GasA,0.268289832918241,SBrkr,0.327828017193973,-0.367140189362045,1,0,0.781365814350925,-0.756321032880405,0.169927088600022,-0.207698474525451,-0.925062116656053,-0.924311211315714,Detchd,0.194915533760756,-0.170360944259719,-0.740760408320604,-0.702842766617084,-0.359600750132276,-0.103330530851366,-0.285935458023539,NONE,-0.0895919598967582,Abnorml,0.44693779307133,1,2,2,2,2,3,0,3,3,7,3,5,2,3,3,1,0,2,-0.799602219893816,0,200705
2474,50,RM,0.0667136381510165,0.0192610642097743,Pave,Grvl,Lvl,Corner,Gtl,IDOTRR,Artery,Norm,1Fam,1.5Fin,4,1,1910,Wd Sdng,Wd Sdng,None,-0.567015949674981,CBlock,0,0,771,771,GasA,0.268289832918241,SBrkr,0.390819699896649,-0.0331245651665795,0,0,0.781365814350925,-0.756321032880405,0.169927088600022,-0.207698474525451,-0.287758288825272,-0.924311211315714,Detchd,0.0881561731976523,-0.968509376219971,-0.630092770994922,2.42012594898424,-0.359600750132276,-0.103330530851366,1.20939855565943,NONE,-0.0895919598967582,Abnorml,0.44693779307133,1,1,1,1,2,2,0,3,2,7,1,1,0,3,3,1,0,1,-0.250997476711292,0,200712
2475,70,RL,1.47070875379029,0.344916088350597,Pave,NONE,Bnk,Inside,Gtl,Sawyer,Feedr,Norm,1Fam,2Story,7,8,1937,Wd Sdng,Wd Sdng,None,-0.567015949674981,CBlock,288,0,717,1005,GasA,0.268289832918241,SBrkr,1.55966536782408,1.51441527947868,1,0,-1.02736282330994,1.23259887250509,0.169927088600022,-0.207698474525451,0.349545539005509,2.17157453260921,Attchd,0.148208313514398,0.117343723074791,3.37765666644229,-0.702842766617084,-0.359600750132276,-0.103330530851366,-0.285935458023539,NONE,-0.0895919598967582,Normal,0.44693779307133,1,3,2,2,2,3,4,3,3,7,5,1,2,3,3,1,0,3,-0.250997476711292,0,200707
2476,190,RL,0.0368414016480533,-0.720817876945147,Pave,NONE,Lvl,Corner,Gtl,SWISU,Norm,Norm,2fmCon,1.5Fin,5,6,1942,Plywood,Plywood,None,-0.567015949674981,CBlock,485,0,187,672,GasA,-3.72731232161413,SBrkr,0.390819699896649,-0.432362175151692,1,0,-1.02736282330994,-0.756321032880405,-1.04580127322219,-0.207698474525451,-1.56236594448683,-0.924311211315714,Detchd,0.159329080239722,-1.07987892486559,-0.740760408320604,0.599627598183467,-0.359600750132276,-0.103330530851366,-0.285935458023539,MnPrv,-0.0895919598967582,Normal,0.44693779307133,1,2,2,2,2,3,0,3,3,7,5,1,2,3,2,1,0,1,-0.250997476711292,0,200710
2477,190,RL,0.514797185695465,0.135294688465558,Pave,NONE,Lvl,Inside,Gtl,Sawyer,Norm,Norm,2fmCon,SFoyer,5,5,1963,HdBoard,HdBoard,None,-0.567015949674981,CBlock,925,0,0,925,GasA,0.268289832918241,SBrkr,-0.785025043886639,-0.991690113893211,1,0,-1.02736282330994,-0.756321032880405,0.169927088600022,-0.207698474525451,-0.287758288825272,-0.924311211315714,Detchd,0.20603630048608,-0.764331870369674,-0.424567158818655,1.90209796298402,-0.359600750132276,-0.103330530851366,-0.285935458023539,MnPrv,-0.0895919598967582,Normal,0.44693779307133,1,2,2,2,2,3,0,3,3,7,5,1,2,3,3,3,0,1,0.297607266471232,0,200706
2478,85,RL,0.514797185695465,0.135294688465558,Pave,NONE,Lvl,Inside,Gtl,Sawyer,Norm,Norm,1Fam,SFoyer,5,5,1964,HdBoard,HdBoard,BrkFace,-0.399253176761599,CBlock,785,0,635,1420,GasA,0.268289832918241,SBrkr,-0.785025043886639,-0.0963701271444191,1,0,-1.02736282330994,-0.756321032880405,-1.04580127322219,-0.207698474525451,-0.287758288825272,0.623631660646747,Detchd,0.208260453831144,0.460733164732109,-0.0135159344661205,-0.702842766617084,1.01040642665905,-0.103330530851366,-0.285935458023539,NONE,-0.0895919598967582,Normal,0.44693779307133,1,2,2,3,2,3,3,3,3,5,4,1,2,3,3,3,0,1,0.297607266471232,0,200703
2479,20,RL,0.126458111156943,0.523848813842302,Pave,NONE,Lvl,Inside,Gtl,Sawyer,Feedr,Norm,1Fam,1Story,4,3,1964,HdBoard,HdBoard,None,-0.567015949674981,CBlock,513,144,348,1005,GasA,0.268289832918241,SBrkr,-0.785025043886639,-0.979831571022366,1,0,-1.02736282330994,-0.756321032880405,0.169927088600022,-0.207698474525451,-0.925062116656053,-0.924311211315714,Detchd,0.208260453831144,-0.151799352818783,-0.740760408320604,-0.702842766617084,-0.359600750132276,-0.103330530851366,-0.285935458023539,MnPrv,-0.0895919598967582,Normal,0.44693779307133,1,2,2,2,2,3,0,3,3,7,3,2,0,3,3,1,0,1,-0.250997476711292,0,200710
2480,80,RL,0.216074820665833,0.5048269082266,Pave,NONE,Lvl,Inside,Gtl,Sawyer,Norm,Norm,1Fam,SLvl,5,8,1964,HdBoard,HdBoard,BrkFace,-0.287411328152678,CBlock,68,722,190,980,GasA,0.268289832918241,SBrkr,-0.785025043886639,-0.950185213845254,0,1,0.781365814350925,-0.756321032880405,0.169927088600022,-0.207698474525451,-0.925062116656053,0.623631660646747,Detchd,0.221605373901533,0.256555658881811,-0.740760408320604,-0.702842766617084,-0.359600750132276,-0.103330530851366,-0.285935458023539,NONE,-0.0895919598967582,Normal,0.44693779307133,1,3,3,2,2,3,1,3,3,7,2,4,2,3,2,4,0,1,-0.250997476711292,0,200708
2481,20,RL,-1.72562055202678,0.191345903679827,Pave,NONE,Lvl,Inside,Gtl,Sawyer,Norm,Norm,1Fam,1Story,5,4,1966,HdBoard,HdBoard,BrkFace,1.90468890458217,CBlock,249,761,30,1040,GasA,0.268289832918241,SBrkr,-0.785025043886639,-0.910656737609104,1,0,-1.02736282330994,-0.756321032880405,0.169927088600022,-0.207698474525451,-0.287758288825272,-0.924311211315714,Attchd,0.212708760521274,-0.968509376219971,-0.740760408320604,0.62922919738348,-0.359600750132276,-0.103330530851366,-0.285935458023539,MnPrv,-0.0895919598967582,Normal,-2.23744784062252,1,2,2,2,2,3,0,3,3,7,3,4,2,3,2,3,0,2,-0.250997476711292,0,200705
2482,190,RL,0.365436003180649,-0.221049010068597,Pave,NONE,Lvl,FR3,Gtl,Sawyer,Feedr,Norm,2fmCon,1Story,5,6,1971,HdBoard,HdBoard,None,-0.567015949674981,CBlock,748,0,20,768,GasA,0.268289832918241,SBrkr,-0.785025043886639,-1.25060163323999,1,0,-1.02736282330994,-0.756321032880405,-1.04580127322219,-0.207698474525451,-0.287758288825272,-0.924311211315714,Detchd,0.263864287457761,0.479294756173045,0.350106302461121,-0.702842766617084,-0.359600750132276,-0.103330530851366,-0.285935458023539,GdPrv,-0.0895919598967582,Normal,0.44693779307133,1,2,2,3,2,3,0,3,3,7,6,1,2,3,3,3,0,1,0.297607266471232,0,200708
2483,20,RL,0.843391787228061,-0.190613961083474,Pave,NONE,Lvl,Inside,Gtl,Sawyer,Norm,Norm,1Fam,1Story,5,5,1968,HdBoard,HdBoard,BrkFace,-0.0693197233652825,CBlock,168,288,420,876,GasA,0.268289832918241,SBrkr,-0.785025043886639,-1.19328534269758,0,0,-1.02736282330994,-0.756321032880405,0.169927088600022,-0.207698474525451,-0.925062116656053,-0.924311211315714,Attchd,0.217157067211403,-0.968509376219971,-0.740760408320604,-0.702842766617084,-0.359600750132276,-0.103330530851366,-0.285935458023539,NONE,-0.0895919598967582,Normal,0.44693779307133,1,2,2,2,2,3,0,3,3,7,3,4,2,3,2,2,0,2,-0.250997476711292,0,200701
2484,20,RL,-1.72562055202678,-0.224472953079424,Pave,NONE,Lvl,Inside,Gtl,Sawyer,Norm,Norm,1Fam,1Story,5,5,1967,MetalSd,MetalSd,BrkFace,1.23922990535909,CBlock,114,529,300,943,GasA,0.268289832918241,SBrkr,-0.785025043886639,-1.10236984735443,1,0,-1.02736282330994,-0.756321032880405,-1.04580127322219,-0.207698474525451,-0.925062116656053,-0.924311211315714,Detchd,0.226053680591662,0.256555658881811,0.302677315035829,-0.702842766617084,-0.359600750132276,-0.103330530851366,-0.285935458023539,NONE,-0.0895919598967582,Normal,-2.23744784062252,1,3,2,2,2,3,0,3,3,7,2,4,2,3,2,1,0,1,-0.250997476711292,0,200709
2485,20,RL,-1.72562055202678,-0.253513062319396,Pave,NONE,Lvl,Corner,Gtl,Sawyer,Feedr,Norm,1Fam,1Story,5,7,1966,Plywood,Plywood,None,-0.567015949674981,CBlock,216,435,261,912,GasA,0.268289832918241,SBrkr,-0.785025043886639,-1.16363898552046,1,0,-1.02736282330994,-0.756321032880405,0.169927088600022,-0.207698474525451,-0.287758288825272,-0.924311211315714,Detchd,0.212708760521274,-0.731849085348036,0.871825164139338,-0.702842766617084,-0.359600750132276,-0.103330530851366,-0.285935458023539,MnPrv,-0.0895919598967582,Normal,-2.23744784062252,1,3,2,4,3,3,0,3,3,7,3,5,2,3,3,1,0,1,-0.250997476711292,0,200710
2486,20,RL,0.694030604713245,0.508124038533322,Pave,NONE,Bnk,Inside,Mod,Sawyer,PosA,Norm,1Fam,1Story,5,5,1956,BrkFace,BrkFace,None,-0.567015949674981,CBlock,386,522,332,1240,GasA,0.268289832918241,SBrkr,-0.785025043886639,-0.248554760653596,1,0,-1.02736282330994,-0.756321032880405,0.169927088600022,-0.207698474525451,-0.287758288825272,0.623631660646747,Attchd,0.190467227070627,-0.694725902466164,-0.740760408320604,-0.702842766617084,-0.359600750132276,-0.103330530851366,-0.285935458023539,NONE,-0.0895919598967582,Normal,0.44693779307133,1,2,2,3,2,3,4,3,3,7,3,5,2,3,3,1,0,1,-0.250997476711292,0,200704
2487,60,RL,1.23173086176658,0.838344320021912,Pave,NONE,Lvl,Inside,Gtl,Sawyer,Feedr,Norm,1Fam,2Story,5,4,1920,Wd Sdng,Wd Sdng,BrkFace,1.42376895556381,CBlock,267,0,404,671,GasA,0.268289832918241,SBrkr,1.7509734412174,2.27929129464818,0,0,2.59009445201179,-0.756321032880405,1.38565545042224,-0.207698474525451,2.89876085032863,0.623631660646747,Attchd,0.16822569361998,0.766999423507554,0.271057990085634,7.73361300538649,-0.359600750132276,-0.103330530851366,-0.285935458023539,NONE,0.791768137900632,Normal,0.44693779307133,1,1,2,1,2,3,4,3,3,4,4,1,2,3,3,1,0,1,0.297607266471232,0,200708
2488,50,RL,0.365436003180649,-0.406829621581956,Pave,NONE,Lvl,Inside,Gtl,Sawyer,Norm,Norm,1Fam,1.5Fin,7,8,1940,Wd Sdng,Wd Sdng,None,-0.567015949674981,BrkTil,258,0,422,680,GasA,0.268289832918241,FuseA,0.390819699896649,-0.392833698915542,0,0,-1.02736282330994,1.23259887250509,-1.04580127322219,-0.207698474525451,-0.287758288825272,2.17157453260921,Attchd,0.154880773549592,-1.15412529062933,-0.740760408320604,-0.702842766617084,-0.359600750132276,-0.103330530851366,1.95706556250091,MnPrv,-0.0895919598967582,Normal,0.44693779307133,1,2,2,4,3,3,4,3,3,7,5,1,2,3,3,1,0,1,-0.250997476711292,0,200710
2489,20,RL,0.992752969742877,0.153048467040213,Pave,NONE,Lvl,Inside,Gtl,Sawyer,Norm,Norm,1Fam,1Story,6,5,1954,VinylSd,VinylSd,None,-0.567015949674981,CBlock,736,0,231,967,GasA,0.268289832918241,SBrkr,-0.785025043886639,-0.398762970350965,0,0,-1.02736282330994,-0.756321032880405,0.169927088600022,-0.207698474525451,-0.287758288825272,0.623631660646747,Attchd,0.186018920380498,0.0987821316338546,-0.100469078079157,-0.702842766617084,3.99951299420375,-0.103330530851366,-0.285935458023539,NONE,-0.0895919598967582,Normal,0.44693779307133,1,2,2,2,3,3,3,3,3,7,3,1,2,3,3,1,0,1,-0.250997476711292,0,200702
2490,20,RL,0.813519550725098,0.456764893370926,Pave,NONE,Lvl,Corner,Gtl,Sawyer,Feedr,Norm,1Fam,1Story,5,6,1958,Plywood,Plywood,BrkFace,1.33429547667668,CBlock,190,873,95,1158,GasA,0.268289832918241,SBrkr,-0.785025043886639,-0.641863099203286,1,0,-1.02736282330994,-0.756321032880405,0.169927088600022,-0.207698474525451,-0.287758288825272,2.17157453260921,Attchd,0.194915533760756,-0.787533859670844,-0.740760408320604,-0.702842766617084,-0.359600750132276,-0.103330530851366,-0.285935458023539,NONE,-0.0895919598967582,Normal,0.44693779307133,1,2,2,2,2,3,4,3,3,7,3,4,2,3,3,2,0,1,-0.250997476711292,0,200702
2491,20,RL,-1.72562055202678,-0.148131705208405,Pave,NONE,Lvl,Inside,Gtl,Sawyer,Norm,Norm,1Fam,1Story,4,7,1945,Wd Sdng,Wd Sdng,None,-0.567015949674981,Slab,0,0,0,0,GasA,-3.72731232161413,FuseA,-0.785025043886639,-0.993666537705019,0,0,-1.02736282330994,-0.756321032880405,0.169927088600022,-0.207698474525451,-0.925062116656053,-0.924311211315714,2Types,0.181570613690368,-0.0589913956141022,-0.740760408320604,-0.702842766617084,1.81995612203574,-0.103330530851366,-0.285935458023539,NONE,-0.0895919598967582,Normal,-2.23744784062252,0,2,1,2,2,0,0,2,3,5,0,0,2,3,3,0,0,1,-4.91413779376274,0,200708
2492,20,RL,-1.72562055202678,0.115004655808809,Pave,NONE,Lvl,Corner,Gtl,ClearCr,Norm,Norm,1Fam,1Story,6,5,1984,Wd Sdng,Wd Sdng,BrkFace,0.193508620865682,PConc,299,891,0,1190,GasA,0.268289832918241,SBrkr,-0.785025043886639,0.0419795396821051,0,0,0.781365814350925,-0.756321032880405,0.169927088600022,-0.207698474525451,0.349545539005509,0.623631660646747,Attchd,0.252743520732438,0.367925207527428,-0.740760408320604,0.436818802583398,-0.359600750132276,-0.103330530851366,2.7047325693424,GdPrv,-0.0895919598967582,Normal,-2.23744784062252,1,2,2,4,2,3,3,3,3,7,4,2,2,3,3,1,0,3,0.297607266471232,0,200705
2493,20,RL,-1.72562055202678,0.93497560054968,Pave,NONE,Lvl,Corner,Gtl,Edwards,Norm,Norm,1Fam,1Story,5,7,1948,Wd Sdng,Wd Sdng,None,-0.567015949674981,CBlock,300,0,109,409,GasA,0.268289832918241,SBrkr,-0.785025043886639,-0.34737595124397,0,0,0.781365814350925,-0.756321032880405,0.169927088600022,-0.207698474525451,-0.287758288825272,0.623631660646747,Detchd,0.279433360873214,0.479294756173045,-0.740760408320604,-0.0812091834168209,-0.359600750132276,-0.103330530851366,-0.285935458023539,NONE,-0.0895919598967582,Normal,-2.23744784062252,1,3,2,4,3,4,3,3,3,7,4,1,2,3,2,2,0,1,-0.250997476711292,0,200710
2494,20,RL,-1.72562055202678,1.58818783939289,Pave,NONE,Lvl,Inside,Gtl,Edwards,Norm,Norm,1Fam,1Story,5,5,1953,MetalSd,MetalSd,None,-0.567015949674981,CBlock,587,0,486,1073,GasA,0.268289832918241,SBrkr,-0.785025043886639,0.255433311357314,0,0,0.781365814350925,-0.756321032880405,0.169927088600022,-0.207698474525451,-0.287758288825272,0.623631660646747,Detchd,0.183794767035433,0.818043799970128,-0.740760408320604,0.244408407783317,-0.359600750132276,-0.103330530851366,-0.285935458023539,NONE,-0.0895919598967582,Normal,-2.23744784062252,1,2,2,2,2,3,3,3,3,4,3,1,1,3,2,1,0,1,-0.250997476711292,0,200706
2495,20,RL,0.783647314222135,0.96883459254563,Pave,NONE,Lvl,Inside,Gtl,Edwards,Feedr,Norm,1Fam,1Story,4,5,1946,Wd Sdng,Wd Sdng,None,-0.567015949674981,CBlock,0,0,484,484,GasA,-3.72731232161413,SBrkr,-0.785025043886639,-0.511419127623992,0,0,-1.02736282330994,-0.756321032880405,-1.04580127322219,-0.207698474525451,-1.56236594448683,-0.924311211315714,Attchd,0.16822569361998,-0.634400730283121,-0.740760408320604,-0.702842766617084,-0.359600750132276,-0.103330530851366,-0.285935458023539,NONE,-0.0895919598967582,Normal,0.44693779307133,1,2,2,2,2,3,0,3,3,4,1,1,0,3,3,1,0,1,-0.250997476711292,0,200710
2496,20,RL,1.32134757127547,0.317397731559881,Pave,NONE,Lvl,Corner,Gtl,ClearCr,Norm,Norm,1Fam,1Story,6,7,1954,MetalSd,MetalSd,Stone,1.11061177945883,CBlock,353,0,935,1288,GasA,0.268289832918241,SBrkr,-0.785025043886639,1.82076097030884,0,0,2.59009445201179,-0.756321032880405,1.38565545042224,-0.207698474525451,-0.287758288825272,2.17157453260921,Attchd,0.186018920380498,0.251915261021577,-0.740760408320604,0.229607608183311,-0.359600750132276,-0.103330530851366,2.27749427971869,NONE,-0.0895919598967582,Normal,0.44693779307133,1,3,2,4,3,2,4,3,3,5,2,1,2,3,2,1,0,3,0.297607266471232,0,200710
2497,50,RL,0.365436003180649,0.0436091033978731,Pave,NONE,Lvl,Inside,Gtl,Edwards,Norm,Norm,1Fam,1.5Fin,6,6,1954,Wd Sdng,Wd Sdng,None,-0.567015949674981,CBlock,491,0,497,988,GasA,0.268289832918241,SBrkr,0.703445088124745,0.247527616110084,0,0,-1.02736282330994,1.23259887250509,0.169927088600022,-0.207698474525451,-0.287758288825272,-0.924311211315714,Attchd,0.186018920380498,-0.652962321724057,2.15240782462223,-0.702842766617084,-0.359600750132276,-0.103330530851366,-0.285935458023539,NONE,-0.0895919598967582,Normal,0.44693779307133,1,2,2,4,3,3,0,3,3,7,4,1,2,3,3,1,0,1,-0.250997476711292,0,200708
2498,20,RL,0.0667136381510165,-0.604657439985259,Pave,NONE,HLS,Inside,Gtl,SWISU,Norm,Norm,1Fam,1Story,5,5,1958,MetalSd,MetalSd,None,-0.567015949674981,CBlock,453,0,411,864,GasA,0.268289832918241,SBrkr,-0.785025043886639,-1.25850732848722,0,1,-1.02736282330994,-0.756321032880405,0.169927088600022,-0.207698474525451,-0.287758288825272,-0.924311211315714,Attchd,0.194915533760756,-0.342055665088378,-0.740760408320604,-0.702842766617084,-0.359600750132276,-0.103330530851366,-0.285935458023539,NONE,-0.0895919598967582,Normal,0.44693779307133,1,2,2,2,2,3,0,3,3,7,3,1,2,3,3,1,0,1,-0.250997476711292,0,200708
2499,30,RL,-1.72562055202678,0.170802245614869,Pave,NONE,Lvl,CulDSac,Gtl,Edwards,Norm,Norm,1Fam,1Story,4,5,1958,HdBoard,HdBoard,None,-0.567015949674981,Slab,0,0,0,0,GasA,-3.72731232161413,SBrkr,-0.785025043886639,-1.10236984735443,0,0,-1.02736282330994,-0.756321032880405,0.169927088600022,-0.207698474525451,-0.925062116656053,-0.924311211315714,Detchd,0.194915533760756,-0.764331870369674,-0.740760408320604,-0.702842766617084,0.574495052225443,-0.103330530851366,-0.285935458023539,NONE,-0.0895919598967582,Normal,-2.23744784062252,0,2,2,2,3,0,0,3,3,5,0,0,0,3,2,0,0,1,-4.91413779376274,0,200711
2500,120,RL,-0.560603328411212,-0.798807689969526,Pave,NONE,Lvl,Inside,Mod,Edwards,Norm,Norm,TwnhsE,1Story,5,6,1984,Wd Sdng,Wd Sdng,BrkFace,0.26620582246148,CBlock,283,755,0,1038,GasA,0.268289832918241,SBrkr,-0.785025043886639,-0.914609585232719,0,0,0.781365814350925,-0.756321032880405,-1.04580127322219,-0.207698474525451,-0.925062116656053,-0.924311211315714,Attchd,0.252743520732438,-0.968509376219971,-0.740760408320604,0.851241191383573,-0.359600750132276,-0.103330530851366,-0.285935458023539,NONE,-0.0895919598967582,Normal,0.44693779307133,1,4,3,3,2,3,0,3,3,7,2,6,2,3,3,1,0,2,-0.250997476711292,0,200710
2501,20,RL,0.00696916514509001,-0.112624148059095,Pave,NONE,Lvl,Inside,Gtl,Edwards,Norm,Norm,1Fam,1Story,5,6,1951,Wd Sdng,Wd Sdng,None,-0.567015949674981,CBlock,557,0,785,1342,GasA,0.268289832918241,SBrkr,-0.785025043886639,-0.313776746443243,1,0,-1.02736282330994,-0.756321032880405,1.38565545042224,-0.207698474525451,0.349545539005509,-0.924311211315714,Detchd,0.179346460345304,-1.00563255910184,-0.740760408320604,-0.702842766617084,-0.359600750132276,-0.103330530851366,-0.285935458023539,NONE,-0.0895919598967582,Normal,0.44693779307133,1,2,2,4,2,3,0,3,3,7,5,1,2,3,3,1,0,1,-0.799602219893816,0,200707
2502,50,RL,0.0667136381510165,0.118174973411426,Pave,NONE,Lvl,Inside,Gtl,Edwards,Norm,Norm,1Fam,1.5Fin,5,6,1951,Wd Sdng,Wd Sdng,None,-0.567015949674981,PConc,1080,0,0,1080,GasA,-3.72731232161413,SBrkr,0.148185070227081,-0.0410302604138094,1,0,-1.02736282330994,-0.756321032880405,1.38565545042224,-0.207698474525451,0.349545539005509,0.623631660646747,Attchd,0.179346460345304,-1.01955375268255,-0.740760408320604,-0.702842766617084,0.699041159206472,-0.103330530851366,-0.285935458023539,NONE,-0.0895919598967582,Normal,0.44693779307133,1,2,2,2,2,3,4,3,3,7,2,1,2,3,3,2,0,1,-0.250997476711292,0,200710
2503,50,RL,-0.232008726878616,-0.332010126160194,Pave,NONE,Lvl,Inside,Gtl,Edwards,Norm,Norm,1Fam,1.5Fin,4,5,1920,MetalSd,MetalSd,None,-0.567015949674981,BrkTil,0,0,951,951,GasW,-3.72731232161413,SBrkr,0.0921924633802581,-0.274248270207093,0,0,0.781365814350925,-0.756321032880405,1.38565545042224,-0.207698474525451,0.349545539005509,-0.924311211315714,Detchd,0.110397706648299,-0.894263010456227,-0.740760408320604,-0.702842766617084,-0.359600750132276,-0.103330530851366,-0.285935458023539,MnPrv,-0.0895919598967582,Normal,0.44693779307133,1,1,1,1,2,2,0,2,3,7,1,1,1,3,3,1,0,1,-0.250997476711292,0,200706
2504,50,RL,1.3810920442814,1.74391384003344,Pave,NONE,Lvl,Inside,Gtl,SawyerW,Feedr,Norm,1Fam,1.5Fin,6,5,1984,Wd Sdng,Wd Sdng,None,-0.567015949674981,CBlock,0,0,1105,1105,GasA,0.268289832918241,SBrkr,0.887754085662205,0.634906683224352,0,0,0.781365814350925,-0.756321032880405,1.38565545042224,-0.207698474525451,0.349545539005509,0.623631660646747,Attchd,0.252743520732438,0.196230486698769,-0.740760408320604,2.18331315538414,15.3954817829679,-0.103330530851366,-0.285935458023539,NONE,-0.0895919598967582,Normal,0.44693779307133,1,2,2,4,3,3,1,3,3,5,1,1,1,3,3,1,0,1,-0.250997476711292,0,200707
2505,60,RL,0.514797185695465,-0.107932078007221,Pave,NONE,Lvl,Inside,Gtl,SawyerW,Norm,Norm,1Fam,2Story,7,5,1994,VinylSd,VinylSd,None,-0.567015949674981,PConc,497,0,282,779,GasA,0.268289832918241,SBrkr,1.38235544614248,0.90370032163017,1,0,0.781365814350925,1.23259887250509,0.169927088600022,-0.207698474525451,0.349545539005509,0.623631660646747,Attchd,0.274985054183085,0.121984120935025,0.85601550166424,0.673631596183498,-0.359600750132276,-0.103330530851366,-0.285935458023539,NONE,-0.0895919598967582,Normal,0.44693779307133,1,3,3,4,3,4,3,3,3,7,6,1,2,3,3,1,0,2,0.297607266471232,0,200710
2506,20,RL,0.395308239683612,-0.125559043877772,Pave,NONE,Lvl,Inside,Gtl,CollgCr,Norm,Norm,1Fam,1Story,8,5,2007,VinylSd,VinylSd,Stone,1.14416433404151,PConc,0,0,1643,1643,GasA,0.268289832918241,SBrkr,-0.785025043886639,0.296938211405271,0,0,0.781365814350925,-0.756321032880405,0.169927088600022,-0.207698474525451,0.349545539005509,0.623631660646747,Attchd,0.303899047668925,1.84357172708185,0.871825164139338,0.244408407783317,-0.359600750132276,-0.103330530851366,-0.285935458023539,NONE,-0.0895919598967582,Partial,0.44693779307133,1,2,3,4,3,3,4,3,3,7,1,1,2,3,3,3,0,3,0.297607266471232,0,200712
2507,20,RL,1.0524974427488,0.039677909570628,Pave,NONE,Lvl,Inside,Gtl,CollgCr,Norm,Norm,1Fam,1Story,8,5,2006,CemntBd,CmentBd,None,-0.567015949674981,PConc,0,0,2140,2140,GasA,0.268289832918241,SBrkr,-0.785025043886639,1.26340945537913,0,0,0.781365814350925,1.23259887250509,0.169927088600022,-0.207698474525451,0.98684936683629,-0.924311211315714,Attchd,0.301674894323861,1.95494127572746,0.334296639986024,-0.229217179416884,-0.359600750132276,-0.103330530851366,-0.285935458023539,NONE,-0.0895919598967582,Partial,0.44693779307133,1,2,3,4,3,3,0,3,3,7,1,1,2,3,2,3,0,3,0.297607266471232,0,200709
2508,20,RL,0.245947057168796,0.00848198436087636,Pave,NONE,Lvl,Inside,Gtl,CollgCr,Norm,Norm,1Fam,1Story,8,5,2007,VinylSd,VinylSd,Stone,1.14416433404151,PConc,0,0,1643,1643,GasA,0.268289832918241,SBrkr,-0.785025043886639,0.296938211405271,0,0,0.781365814350925,-0.756321032880405,0.169927088600022,-0.207698474525451,0.349545539005509,0.623631660646747,Attchd,0.303899047668925,1.84357172708185,0.776967189288753,0.244408407783317,-0.359600750132276,-0.103330530851366,-0.285935458023539,NONE,-0.0895919598967582,Partial,0.44693779307133,1,2,3,4,3,3,4,3,3,7,1,1,2,3,2,3,0,2,0.297607266471232,0,200712
2509,20,RL,0.514797185695465,0.200603231079469,Pave,NONE,Lvl,Inside,Gtl,CollgCr,Norm,Norm,1Fam,1Story,7,5,2005,VinylSd,VinylSd,BrkFace,0.573770906136013,PConc,20,0,1526,1546,GasA,0.268289832918241,SBrkr,-0.785025043886639,0.0894137111654848,0,0,0.781365814350925,-0.756321032880405,0.169927088600022,-0.207698474525451,0.349545539005509,-0.924311211315714,Attchd,0.299450740978796,1.50018228542453,0.397535289886414,-0.0812091834168209,-0.359600750132276,-0.103330530851366,-0.285935458023539,NONE,-0.0895919598967582,Normal,0.44693779307133,1,2,3,4,3,3,0,3,3,7,6,1,2,3,2,2,0,2,0.297607266471232,0,200709
2510,20,RL,0.455052712689539,-0.178566754193529,Pave,NONE,Lvl,Inside,Gtl,CollgCr,Norm,Norm,1Fam,1Story,8,5,2006,VinylSd,VinylSd,BrkFace,0.171140251143897,PConc,36,0,1453,1489,GasA,0.268289832918241,SBrkr,-0.785025043886639,-0.00150178417765967,0,0,0.781365814350925,-0.756321032880405,0.169927088600022,-0.207698474525451,0.349545539005509,0.623631660646747,Attchd,0.299450740978796,0.934053746475979,0.397535289886414,-0.140412381816846,-0.359600750132276,-0.103330530851366,-0.285935458023539,NONE,-0.0895919598967582,Normal,0.44693779307133,1,2,3,4,3,3,4,3,3,7,6,1,2,3,3,1,0,2,0.297607266471232,0,200709
2511,20,RL,0.18620258416287,-0.371068439024435,Pave,NONE,Lvl,Inside,Gtl,CollgCr,Norm,Norm,1Fam,1Story,7,5,2005,VinylSd,VinylSd,None,-0.567015949674981,PConc,0,0,1270,1270,GasA,0.268289832918241,SBrkr,-0.785025043886639,-0.456079260893382,0,0,0.781365814350925,-0.756321032880405,-1.04580127322219,-0.207698474525451,-0.287758288825272,-0.924311211315714,Attchd,0.299450740978796,0.237994067440875,-0.740760408320604,0.718033994983517,-0.359600750132276,-0.103330530851366,-0.285935458023539,NONE,-0.0895919598967582,Normal,0.44693779307133,1,2,3,4,3,3,0,3,3,7,1,1,2,3,3,1,0,2,0.297607266471232,0,200710
2512,60,RL,0.604413895204355,-0.108058890711326,Pave,NONE,Lvl,Inside,Gtl,CollgCr,Norm,Norm,1Fam,2Story,7,5,2005,VinylSd,VinylSd,None,-0.567015949674981,PConc,0,0,879,879,GasA,0.268289832918241,SBrkr,1.35202611743378,0.581543240305549,0,0,0.781365814350925,1.23259887250509,0.169927088600022,-0.207698474525451,0.349545539005509,-0.924311211315714,Attchd,0.299450740978796,0.488575551893513,0.555631914637388,0.940045988983611,-0.359600750132276,-0.103330530851366,-0.285935458023539,NONE,-0.0895919598967582,Normal,0.44693779307133,1,2,3,4,3,3,0,3,3,7,1,1,2,3,3,4,0,2,0.297607266471232,0,200702
2513,60,RL,-1.72562055202678,-0.162968791588653,Pave,NONE,Lvl,Inside,Gtl,SawyerW,Norm,Norm,1Fam,2Story,7,5,1988,HdBoard,HdBoard,BrkFace,1.4461373252856,PConc,608,321,0,929,GasA,0.268289832918241,SBrkr,1.37768939557191,0.735704297626533,1,0,0.781365814350925,1.23259887250509,0.169927088600022,-0.207698474525451,0.349545539005509,0.623631660646747,Attchd,0.261640134112697,0.678831864163108,0.112961365334659,0.00759561418321662,-0.359600750132276,-0.103330530851366,2.27749427971869,GdPrv,-0.0895919598967582,Normal,-2.23744784062252,1,2,3,4,3,3,3,3,3,7,6,2,2,3,2,1,0,2,0.297607266471232,0,200708
2514,20,RL,2.90457610593253,1.25492405300579,Pave,NONE,Low,Inside,Sev,ClearCr,Norm,Norm,1Fam,1Story,8,6,1976,Wd Sdng,Wd Sdng,None,-0.567015949674981,CBlock,51,915,0,966,GasA,0.268289832918241,SBrkr,-0.785025043886639,0.47876920209156,2,0,-2.8360914609708,1.23259887250509,-3.47725799686663,-0.207698474525451,-0.925062116656053,2.17157453260921,Attchd,0.234950293971921,0.261196056742045,4.36576057113588,-0.702842766617084,-0.359600750132276,-0.103330530851366,-0.285935458023539,NONE,-0.0895919598967582,Normal,0.44693779307133,1,2,3,4,3,4,2,3,3,7,2,6,2,3,2,4,0,3,0.297607266471232,0,200708
2515,20,RL,-1.72562055202678,0.513450172105718,Pave,NONE,Lvl,CulDSac,Gtl,CollgCr,Norm,Norm,1Fam,1Story,5,5,1994,VinylSd,VinylSd,None,-0.567015949674981,PConc,550,0,472,1022,GasA,0.268289832918241,SBrkr,-0.785025043886639,-0.946232366221639,0,1,-1.02736282330994,-0.756321032880405,0.169927088600022,-0.207698474525451,-0.287758288825272,-0.924311211315714,Detchd,0.277209207528149,1.27280279027306,-0.740760408320604,-0.702842766617084,-0.359600750132276,-0.103330530851366,-0.285935458023539,NONE,-0.0895919598967582,Normal,-2.23744784062252,1,2,2,3,2,3,0,3,3,7,5,1,2,3,1,1,0,1,0.297607266471232,0,200711
2516,60,RL,-0.0229030713578732,-0.0186559343175255,Pave,NONE,Lvl,Inside,Gtl,CollgCr,Norm,Norm,1Fam,2Story,6,6,1997,VinylSd,VinylSd,None,-0.567015949674981,PConc,539,0,96,635,GasA,0.268289832918241,SBrkr,0.759437694971568,-0.380975156044697,1,0,0.781365814350925,1.23259887250509,0.169927088600022,-0.207698474525451,-0.287758288825272,-0.924311211315714,Attchd,0.281657514218279,0.112703325214557,0.381725627411316,0.0964004117832542,-0.359600750132276,-0.103330530851366,-0.285935458023539,NONE,-0.0895919598967582,Normal,0.44693779307133,1,3,2,4,3,3,0,3,3,7,6,1,2,3,2,1,0,2,0.297607266471232,0,200708
2517,20,RL,0.0667136381510165,-0.220668571956283,Pave,NONE,Lvl,Inside,Gtl,CollgCr,Norm,Norm,1Fam,1Story,5,7,1994,VinylSd,VinylSd,None,-0.567015949674981,PConc,420,0,570,990,GasA,0.268289832918241,SBrkr,-0.785025043886639,-1.00947792819948,1,0,-1.02736282330994,-0.756321032880405,0.169927088600022,-0.207698474525451,-0.925062116656053,-0.924311211315714,Detchd,0.277209207528149,-0.411661632991888,1.28287638849187,-0.702842766617084,-0.359600750132276,-0.103330530851366,-0.285935458023539,NONE,-0.0895919598967582,Normal,0.44693779307133,1,3,2,4,2,4,0,3,3,7,6,1,2,3,1,1,0,1,0.297607266471232,0,200710
2518,20,RL,0.365436003180649,0.810699150527092,Pave,NONE,Low,Inside,Mod,CollgCr,Norm,Norm,1Fam,1Story,5,5,1996,VinylSd,VinylSd,None,-0.567015949674981,PConc,549,0,548,1097,GasA,0.268289832918241,SBrkr,-0.785025043886639,-0.798000580336077,1,0,-1.02736282330994,1.23259887250509,0.169927088600022,-0.207698474525451,-0.287758288825272,-0.924311211315714,Attchd,0.279433360873214,-1.07059812914512,1.67811795036931,-0.702842766617084,-0.359600750132276,-0.103330530851366,-0.285935458023539,GdPrv,-0.0895919598967582,Normal,0.44693779307133,1,2,2,4,2,3,0,3,3,7,5,1,2,3,1,1,0,1,0.297607266471232,0,200710
2519,60,RL,-0.321625436387506,0.0826674162621151,Pave,NONE,Lvl,CulDSac,Gtl,CollgCr,Norm,Norm,1Fam,2Story,7,5,1999,VinylSd,VinylSd,None,-0.567015949674981,PConc,342,0,646,988,GasA,0.268289832918241,SBrkr,1.27970233358997,0.735704297626533,0,0,0.781365814350925,1.23259887250509,0.169927088600022,-0.207698474525451,0.349545539005509,0.623631660646747,Attchd,0.286105820908408,0.576743111237959,0.85601550166424,1.11765558418369,-0.359600750132276,-0.103330530851366,-0.285935458023539,NONE,-0.0895919598967582,Normal,0.44693779307133,1,2,3,4,3,3,3,3,3,7,6,1,2,3,1,4,0,2,0.297607266471232,0,200706
2520,60,RL,-0.441114382399359,0.276944478950487,Pave,NONE,Lvl,CulDSac,Gtl,CollgCr,Norm,Norm,1Fam,2Story,7,5,1998,VinylSd,VinylSd,BrkFace,1.05469085515437,PConc,638,0,215,853,GasA,0.268289832918241,SBrkr,1.31469771286923,0.498533440209635,1,0,0.781365814350925,1.23259887250509,0.169927088600022,-0.207698474525451,0.349545539005509,0.623631660646747,Attchd,0.283881667563343,0.284398046043216,-0.740760408320604,0.392416403783379,-0.359600750132276,-0.103330530851366,-0.285935458023539,NONE,-0.0895919598967582,Normal,0.44693779307133,1,2,3,4,2,3,2,3,3,7,6,1,2,3,1,1,0,2,0.297607266471232,0,200706
2521,60,RL,0.305691530174723,-0.0792724068795633,Pave,NONE,Lvl,Inside,Gtl,CollgCr,Norm,Norm,1Fam,2Story,7,5,2001,VinylSd,VinylSd,None,-0.567015949674981,PConc,0,0,845,845,GasA,0.268289832918241,SBrkr,1.1863813221786,0.374018740065763,0,0,0.781365814350925,1.23259887250509,0.169927088600022,-0.207698474525451,0.349545539005509,-0.924311211315714,Attchd,0.290554127598537,0.205511282419237,-0.740760408320604,0.821639592183561,-0.359600750132276,-0.103330530851366,-0.285935458023539,NONE,-0.0895919598967582,Normal,0.44693779307133,1,2,3,4,3,3,0,3,3,7,1,1,2,3,2,1,0,2,0.297607266471232,0,200705
2522,60,RL,-1.72562055202678,-0.17019711572262,Pave,NONE,Lvl,Inside,Gtl,CollgCr,Norm,Norm,1Fam,2Story,7,5,2000,VinylSd,VinylSd,BrkFace,0.23824536030925,PConc,841,0,144,985,GasA,0.268289832918241,SBrkr,1.21437762560201,0.674435159460501,1,0,0.781365814350925,1.23259887250509,0.169927088600022,-0.207698474525451,0.349545539005509,0.623631660646747,Attchd,0.288329974253473,0.0616589487519824,0.784872020526302,0.718033994983517,-0.359600750132276,-0.103330530851366,-0.285935458023539,NONE,-0.0895919598967582,Normal,-2.23744784062252,1,2,3,4,3,3,3,3,3,7,6,1,2,3,3,1,0,3,0.297607266471232,0,200710
2523,20,RL,1.17198638876066,0.206943866284703,Pave,NONE,Bnk,Inside,Gtl,CollgCr,Norm,Norm,1Fam,1Story,5,5,1974,HdBoard,HdBoard,None,-0.567015949674981,CBlock,663,0,201,864,GasA,0.268289832918241,SBrkr,-0.785025043886639,-1.199214614133,0,0,-1.02736282330994,-0.756321032880405,0.169927088600022,-0.207698474525451,-0.925062116656053,-0.924311211315714,Attchd,0.230501987281791,-0.151799352818783,-0.740760408320604,-0.702842766617084,-0.359600750132276,-0.103330530851366,-0.285935458023539,NONE,-0.0895919598967582,Family,0.44693779307133,1,2,2,2,2,3,0,3,3,7,4,1,2,3,2,3,0,1,0.297607266471232,0,200711
2524,80,RL,0.0368414016480533,-0.191248024603997,Pave,NONE,Lvl,Inside,Gtl,CollgCr,Norm,Norm,1Fam,SLvl,5,5,1976,VinylSd,VinylSd,BrkFace,0.0648904949654226,CBlock,502,0,513,1015,GasA,0.268289832918241,SBrkr,-0.785025043886639,-0.940303094786217,0,0,0.781365814350925,-0.756321032880405,0.169927088600022,-0.207698474525451,-0.287758288825272,0.623631660646747,Detchd,0.241622754007115,-0.476627203035164,0.263153158848085,-0.702842766617084,-0.359600750132276,-0.103330530851366,-0.285935458023539,NONE,-0.0895919598967582,Normal,0.44693779307133,1,3,2,2,2,3,2,3,3,7,6,1,2,3,2,3,0,1,0.297607266471232,0,200710
2525,80,RL,0.425180476186576,-0.0568265582530346,Pave,NONE,Lvl,Inside,Gtl,CollgCr,Norm,Norm,1Fam,SLvl,5,7,1977,Plywood,VinylSd,BrkFace,-0.281819235722232,CBlock,755,0,240,995,GasA,0.268289832918241,SBrkr,-0.785025043886639,-0.971925875775136,0,0,0.781365814350925,-0.756321032880405,0.169927088600022,-0.207698474525451,-0.287758288825272,0.623631660646747,Detchd,0.237174447316985,0.479294756173045,-0.740760408320604,-0.702842766617084,-0.359600750132276,-0.103330530851366,-0.285935458023539,MnPrv,-0.0895919598967582,Normal,0.44693779307133,1,2,2,2,2,0,2,3,3,7,5,1,2,3,3,3,0,1,-0.250997476711292,0,200709
2526,20,RL,-0.381369909393432,-0.15041433388229,Pave,NONE,Lvl,CulDSac,Gtl,CollgCr,Norm,Norm,1Fam,1Story,5,5,1977,CemntBd,CmentBd,None,-0.567015949674981,CBlock,539,0,501,1040,GasA,0.268289832918241,SBrkr,-0.785025043886639,-0.910656737609104,0,0,-1.02736282330994,1.23259887250509,0.169927088600022,-0.207698474525451,-0.925062116656053,-0.924311211315714,Detchd,0.237174447316985,1.2774431881333,-0.740760408320604,-0.702842766617084,-0.359600750132276,-0.103330530851366,-0.285935458023539,MnPrv,-0.0895919598967582,Normal,0.44693779307133,1,2,2,2,2,3,0,3,3,7,5,1,2,3,2,3,0,1,0.297607266471232,0,200701
2527,20,RL,-0.560603328411212,0.77760103475577,Pave,NONE,Lvl,CulDSac,Gtl,CollgCr,Norm,Norm,1Fam,1Story,5,4,1977,HdBoard,HdBoard,None,-0.567015949674981,CBlock,60,417,399,876,GasA,0.268289832918241,SBrkr,-0.785025043886639,-1.1735211045795,1,0,-1.02736282330994,-0.756321032880405,0.169927088600022,-0.207698474525451,-0.925062116656053,-0.924311211315714,Attchd,0.237174447316985,-0.764331870369674,-0.740760408320604,-0.702842766617084,-0.359600750132276,-0.103330530851366,-0.285935458023539,MnPrv,-0.0895919598967582,Normal,0.44693779307133,1,2,2,2,2,3,0,3,3,7,3,4,2,3,2,3,0,2,0.297607266471232,0,200701
2528,20,RL,0.514797185695465,-0.0625331299377453,Pave,NONE,Lvl,Corner,Gtl,CollgCr,Norm,Norm,1Fam,1Story,5,6,1975,HdBoard,HdBoard,None,-0.567015949674981,CBlock,330,432,102,864,GasA,0.268289832918241,SBrkr,-0.785025043886639,-1.22886097131011,0,0,-1.02736282330994,-0.756321032880405,0.169927088600022,-0.207698474525451,-0.925062116656053,-0.924311211315714,Attchd,0.232726140626856,-0.151799352818783,-0.740760408320604,0.481221201383417,-0.359600750132276,-0.103330530851366,-0.285935458023539,NONE,-0.0895919598967582,Normal,0.44693779307133,1,2,2,2,2,3,0,3,3,7,4,3,2,3,3,1,0,1,-0.250997476711292,0,200712
2529,20,RL,0.0667136381510165,-0.376394572596832,Pave,NONE,Lvl,Inside,Gtl,CollgCr,Norm,Norm,1Fam,1Story,5,5,1972,VinylSd,VinylSd,None,-0.567015949674981,CBlock,671,0,193,864,GasA,0.268289832918241,SBrkr,-0.785025043886639,-1.25850732848722,1,0,-1.02736282330994,-0.756321032880405,0.169927088600022,-0.207698474525451,-0.925062116656053,-0.924311211315714,Detchd,0.237174447316985,0.479294756173045,0.48448843349945,-0.702842766617084,-0.359600750132276,-0.103330530851366,-0.285935458023539,NONE,-0.0895919598967582,Normal,0.44693779307133,1,2,2,3,4,3,0,4,5,7,5,1,2,3,3,1,0,3,-0.250997476711292,0,200712
2530,20,RL,0.0667136381510165,-0.376394572596832,Pave,NONE,Lvl,Inside,Gtl,CollgCr,Norm,Norm,1Fam,1Story,4,8,1972,Plywood,Plywood,None,-0.567015949674981,CBlock,385,0,0,385,GasA,0.268289832918241,SBrkr,-0.785025043886639,-1.23676666655734,0,0,-1.02736282330994,-0.756321032880405,0.169927088600022,-0.207698474525451,-0.925062116656053,-0.924311211315714,Detchd,0.232726140626856,1.18463523092862,2.04174018729655,-0.702842766617084,-0.359600750132276,-0.103330530851366,-0.285935458023539,NONE,-0.0895919598967582,Normal,0.44693779307133,1,3,2,3,3,3,0,3,3,7,3,1,2,3,3,1,0,1,-0.250997476711292,0,200702
2531,20,RL,-1.72562055202678,0.150385400254015,Pave,NONE,Lvl,Inside,Gtl,CollgCr,Norm,Norm,1Fam,1Story,7,5,2000,VinylSd,VinylSd,None,-0.567015949674981,PConc,1412,0,261,1673,GasA,0.268289832918241,SBrkr,-0.785025043886639,0.340419535265036,1,0,0.781365814350925,-0.756321032880405,0.169927088600022,-0.207698474525451,0.349545539005509,0.623631660646747,Attchd,0.288329974253473,0.511777541194683,1.67811795036931,0.969647588183624,-0.359600750132276,-0.103330530851366,1.77904960849103,NONE,-0.0895919598967582,Normal,-2.23744784062252,1,2,3,4,3,3,3,3,3,7,6,1,2,3,3,4,0,2,-0.250997476711292,0,200701
2532,60,RL,0.365436003180649,-0.17996169393868,Pave,NONE,Lvl,Inside,Gtl,CollgCr,Norm,Norm,1Fam,2Story,7,5,2003,VinylSd,VinylSd,None,-0.567015949674981,PConc,654,0,325,979,GasA,0.268289832918241,SBrkr,1.4080187242806,0.852313302523175,1,0,0.781365814350925,1.23259887250509,0.169927088600022,-0.207698474525451,0.349545539005509,0.623631660646747,Attchd,0.295002434288667,0.637068283421001,-0.740760408320604,1.07325318538367,-0.359600750132276,-0.103330530851366,-0.285935458023539,NONE,-0.0895919598967582,Normal,0.44693779307133,1,2,3,4,3,3,4,3,3,7,6,1,2,3,3,1,0,2,0.297607266471232,0,200709
2533,60,RL,0.216074820665833,-0.254908002064547,Pave,NONE,Lvl,Inside,Gtl,CollgCr,Norm,Norm,1Fam,2Story,7,5,2002,VinylSd,VinylSd,BrkFace,0.629691830440473,PConc,0,0,860,860,GasA,0.268289832918241,SBrkr,1.24237392902542,0.451099268726255,0,0,0.781365814350925,1.23259887250509,0.169927088600022,-0.207698474525451,0.349545539005509,-0.924311211315714,Attchd,0.292778280943602,0.321521228925088,2.31050444937321,0.229607608183311,-0.359600750132276,-0.103330530851366,-0.285935458023539,NONE,-0.0895919598967582,Normal,0.44693779307133,1,2,3,4,3,3,0,3,3,7,1,1,2,3,3,1,0,3,0.297607266471232,0,200711
2534,20,RL,0.455052712689539,0.223049079705998,Pave,NONE,Lvl,Inside,Gtl,CollgCr,Norm,Norm,1Fam,1Story,8,5,1994,HdBoard,HdBoard,BrkFace,2.33528002172652,PConc,408,465,683,1556,GasA,0.268289832918241,SBrkr,-0.785025043886639,0.180329206508629,0,0,0.781365814350925,-0.756321032880405,0.169927088600022,-0.207698474525451,0.349545539005509,0.623631660646747,Attchd,0.274985054183085,0.0523781530315144,0.207819340185244,-0.184814780616865,-0.359600750132276,-0.103330530851366,-0.285935458023539,NONE,-0.0895919598967582,Normal,0.44693779307133,1,2,3,4,3,3,3,3,3,7,4,6,2,3,3,4,0,3,0.297607266471232,0,200709
2535,60,RL,-1.72562055202678,0.324626055693847,Pave,NONE,Lvl,Inside,Gtl,CollgCr,Norm,Norm,1Fam,2Story,8,5,2001,VinylSd,VinylSd,BrkFace,0.864559712519207,PConc,1198,0,333,1531,GasA,0.268289832918241,SBrkr,1.33336191515151,1.85436017510957,1,0,0.781365814350925,1.23259887250509,1.38565545042224,-0.207698474525451,0.349545539005509,0.623631660646747,Attchd,0.290554127598537,0.4050483904093,0.713728539388363,1.08805398498367,-0.359600750132276,-0.103330530851366,-0.285935458023539,NONE,-0.0895919598967582,Normal,-2.23744784062252,1,2,3,4,3,3,3,3,3,7,6,1,2,3,3,2,0,3,0.297607266471232,0,200701
2536,60,RL,-1.72562055202678,0.650154267130565,Pave,NONE,Lvl,Corner,Gtl,CollgCr,Norm,Norm,1Fam,2Story,7,5,1996,VinylSd,VinylSd,BrkFace,0.853375527658315,PConc,762,0,98,860,GasA,0.268289832918241,SBrkr,1.03473467863512,0.970898731231625,1,0,0.781365814350925,1.23259887250509,0.169927088600022,-0.207698474525451,0.349545539005509,2.17157453260921,Attchd,0.279433360873214,0.627787487700533,1.03782662012786,-0.229217179416884,-0.359600750132276,-0.103330530851366,-0.285935458023539,NONE,-0.0895919598967582,Normal,-2.23744784062252,1,2,3,4,3,3,3,3,3,5,6,1,2,3,0,2,0,2,0.297607266471232,0,200709
2537,20,RL,0.455052712689539,0.89515641146081,Pave,NONE,Lvl,CulDSac,Mod,CollgCr,Norm,Norm,1Fam,1Story,8,5,1999,VinylSd,VinylSd,BrkFace,0.316534654335495,PConc,915,0,426,1341,GasA,0.268289832918241,SBrkr,-0.785025043886639,-0.31575317025505,1,0,-1.02736282330994,1.23259887250509,-2.26152963504441,-0.207698474525451,-0.925062116656053,0.623631660646747,Attchd,0.286105820908408,0.0430973573110463,1.15639908869109,0.540424399783442,-0.359600750132276,-0.103330530851366,-0.285935458023539,NONE,-0.0895919598967582,Normal,0.44693779307133,1,2,3,4,3,3,3,3,3,7,6,1,2,3,1,4,0,2,0.297607266471232,0,200701
2538,60,RL,0.365436003180649,-0.256556567217908,Pave,NONE,Lvl,Inside,Gtl,CollgCr,Norm,Norm,1Fam,2Story,7,5,2007,VinylSd,VinylSd,None,-0.567015949674981,PConc,0,0,738,738,GasA,0.268289832918241,SBrkr,0.936747616653175,-0.0489359556610394,0,0,0.781365814350925,1.23259887250509,0.169927088600022,-0.207698474525451,0.349545539005509,-0.924311211315714,Attchd,0.303899047668925,0.367925207527428,-0.740760408320604,-0.184814780616865,-0.359600750132276,-0.103330530851366,-0.285935458023539,NONE,-0.0895919598967582,Partial,0.44693779307133,1,2,3,4,3,3,0,3,3,7,1,1,2,3,2,1,0,2,0.297607266471232,0,200709
2539,20,RL,0.216074820665833,-0.177425439856587,Pave,NONE,Lvl,FR2,Gtl,CollgCr,Norm,Norm,1Fam,1Story,7,5,2005,VinylSd,VinylSd,None,-0.567015949674981,PConc,709,0,460,1169,GasA,0.268289832918241,SBrkr,-0.785025043886639,-0.614193165837981,1,0,0.781365814350925,-0.756321032880405,-1.04580127322219,-0.207698474525451,-0.925062116656053,-0.924311211315714,Attchd,0.299450740978796,0.488575551893513,0.0497227154342694,-0.0960099830168272,-0.359600750132276,-0.103330530851366,-0.285935458023539,NONE,-0.0895919598967582,Normal,0.44693779307133,1,2,3,4,3,3,0,3,3,7,6,1,2,3,3,3,0,2,0.297607266471232,0,200702
2540,20,RL,0.18620258416287,-0.232588966142123,Pave,NONE,Lvl,Inside,Gtl,CollgCr,Norm,Norm,1Fam,1Story,6,5,2006,VinylSd,VinylSd,None,-0.567015949674981,PConc,0,0,1330,1330,GasA,0.268289832918241,SBrkr,-0.785025043886639,-0.337493832184933,0,0,0.781365814350925,-0.756321032880405,0.169927088600022,-0.207698474525451,-0.287758288825272,0.623631660646747,Attchd,0.301674894323861,-0.165720546399485,-0.740760408320604,-0.36242437581694,-0.359600750132276,-0.103330530851366,-0.285935458023539,NONE,-0.0895919598967582,Partial,0.44693779307133,1,2,3,4,3,3,4,3,3,7,1,1,2,3,3,1,0,3,0.297607266471232,0,200710
2541,60,RL,0.18620258416287,-0.232715778846228,Pave,NONE,Lvl,Inside,Gtl,CollgCr,Norm,Norm,1Fam,2Story,7,5,2006,VinylSd,VinylSd,None,-0.567015949674981,PConc,0,0,738,738,GasA,0.268289832918241,SBrkr,0.97174299593244,-0.0192895984839271,0,0,0.781365814350925,1.23259887250509,0.169927088600022,-0.207698474525451,0.349545539005509,0.623631660646747,Attchd,0.301674894323861,0.0523781530315144,0.0497227154342694,-0.258818778616896,-0.359600750132276,-0.103330530851366,-0.285935458023539,NONE,-0.0895919598967582,Normal,0.44693779307133,1,2,3,3,3,3,4,3,3,7,1,1,2,3,3,1,0,2,0.297607266471232,0,200708
2542,60,RL,0.18620258416287,-0.142425133523695,Pave,NONE,Lvl,Inside,Gtl,CollgCr,Norm,Norm,1Fam,2Story,5,5,2005,VinylSd,VinylSd,None,-0.567015949674981,PConc,0,0,768,768,GasA,0.268289832918241,SBrkr,1.0067383752117,0.0696494730474099,0,0,0.781365814350925,1.23259887250509,0.169927088600022,-0.207698474525451,-0.287758288825272,-0.924311211315714,Attchd,0.299450740978796,-0.337415267228144,-0.740760408320604,-0.110810782616833,-0.359600750132276,-0.103330530851366,-0.285935458023539,NONE,-0.0895919598967582,Normal,0.44693779307133,1,2,3,4,3,3,0,3,3,7,1,1,2,3,2,2,0,3,0.297607266471232,0,200709
2543,85,RL,0.514797185695465,-0.0435112243220431,Pave,NONE,Low,Inside,Gtl,Edwards,Norm,Norm,1Fam,SFoyer,5,5,1967,HdBoard,HdBoard,BrkFace,0.338903024057279,CBlock,936,0,0,936,GasA,0.268289832918241,SBrkr,-0.785025043886639,-1.11620481403708,1,0,-1.02736282330994,-0.756321032880405,-1.04580127322219,-0.207698474525451,-1.56236594448683,0.623631660646747,Attchd,0.214932913866338,-0.411661632991888,2.46069624288663,-0.702842766617084,-0.359600750132276,-0.103330530851366,-0.285935458023539,NONE,0.703632128120893,Abnorml,0.44693779307133,1,2,2,3,2,3,2,3,3,7,5,1,2,3,3,4,0,1,0.297607266471232,0,200711
2544,20,RL,0.275819293671759,-0.235886096448845,Pave,NONE,Lvl,Inside,Gtl,Edwards,Norm,Norm,1Fam,1Story,4,6,1963,VinylSd,VinylSd,Stone,-0.45517410106606,CBlock,132,841,115,1088,GasA,0.268289832918241,SBrkr,-0.785025043886639,-0.815788394642345,0,0,-1.02736282330994,-0.756321032880405,-1.04580127322219,-0.207698474525451,-1.56236594448683,-0.924311211315714,Detchd,0.292778280943602,0.219432475999939,-0.740760408320604,-0.702842766617084,-0.359600750132276,-0.103330530851366,-0.285935458023539,NONE,-0.0895919598967582,Normal,0.44693779307133,1,3,2,2,2,3,0,3,3,7,4,2,1,3,3,1,0,1,-0.250997476711292,0,200709
2545,50,RL,0.484924949192502,0.775952469602409,Pave,NONE,Lvl,Inside,Gtl,Edwards,Norm,Norm,1Fam,1.5Fin,5,6,1925,VinylSd,VinylSd,None,-0.567015949674981,CBlock,130,105,666,901,GasA,0.268289832918241,SBrkr,0.264836334491296,-0.295988932136975,1,0,-1.02736282330994,-0.756321032880405,0.169927088600022,-0.207698474525451,0.349545539005509,0.623631660646747,Detchd,0.232726140626856,0.479294756173045,-0.740760408320604,-0.702842766617084,0.309834574890756,-0.103330530851366,1.49422408207523,NONE,-0.0895919598967582,Normal,0.44693779307133,1,3,2,2,2,3,4,3,3,7,5,4,0,3,3,1,0,1,-0.250997476711292,0,200710
2546,20,RL,0.664158368210282,-0.244509360327963,Pave,NONE,Lvl,Inside,Gtl,Edwards,Norm,Norm,1Fam,1Story,6,6,1960,HdBoard,HdBoard,Stone,0.540218351553337,CBlock,0,0,1179,1179,GasA,0.268289832918241,SBrkr,-0.785025043886639,-0.635933827767863,0,0,-1.02736282330994,-0.756321032880405,-1.04580127322219,-0.207698474525451,-0.925062116656053,-0.924311211315714,Attchd,0.199363840450886,0.69275305774381,-0.740760408320604,-0.702842766617084,-0.359600750132276,-0.103330530851366,-0.285935458023539,GdPrv,-0.0895919598967582,Normal,0.44693779307133,1,2,2,3,2,3,0,3,3,5,1,1,1,3,3,1,0,3,-0.250997476711292,0,200709
2547,80,RL,0.216074820665833,-0.492428196852616,Pave,NONE,Lvl,Inside,Gtl,Edwards,Norm,Norm,1Fam,SLvl,6,6,1976,HdBoard,Plywood,None,-0.567015949674981,CBlock,504,0,456,960,GasA,0.268289832918241,SBrkr,-0.785025043886639,-0.902751042361874,1,0,-1.02736282330994,-0.756321032880405,0.169927088600022,-0.207698474525451,0.349545539005509,0.623631660646747,Detchd,0.234950293971921,0.256555658881811,1.06154111384051,-0.702842766617084,-0.359600750132276,-0.103330530851366,-0.285935458023539,NONE,-0.0895919598967582,Normal,0.44693779307133,1,1,2,2,2,3,2,3,2,7,6,1,2,3,3,3,0,1,-0.250997476711292,0,200707
2548,90,RL,-1.72562055202678,-0.0777506544303071,Pave,NONE,Lvl,CulDSac,Gtl,Edwards,Norm,Norm,Duplex,2Story,5,6,1979,Plywood,Plywood,None,-0.567015949674981,Slab,0,0,0,0,GasA,0.268289832918241,SBrkr,1.85829260434047,1.44721686987723,0,0,0.781365814350925,1.23259887250509,2.60138381224446,4.45593111885755,2.89876085032863,-0.924311211315714,Attchd,0.241622754007115,0.493215949753747,-0.740760408320604,-0.702842766617084,-0.359600750132276,-0.103330530851366,-0.285935458023539,NONE,-0.0895919598967582,Normal,-2.23744784062252,0,2,2,2,2,0,0,3,4,7,0,0,2,3,2,0,0,3,-4.91413779376274,0,200705
2549,60,RL,0.0667136381510165,-0.398840421223361,Pave,NONE,Lvl,Inside,Gtl,Edwards,Norm,Norm,1Fam,2Story,5,5,2005,VinylSd,VinylSd,None,-0.567015949674981,PConc,611,0,123,734,GasA,0.268289832918241,SBrkr,0.78743399839498,-0.183332774863949,1,0,0.781365814350925,1.23259887250509,0.169927088600022,-0.207698474525451,-0.287758288825272,-0.924311211315714,BuiltIn,0.299450740978796,0.0755801423326845,-0.740760408320604,0.555225199383448,-0.359600750132276,-0.103330530851366,-0.285935458023539,NONE,-0.0895919598967582,Normal,0.44693779307133,1,2,2,3,2,4,0,3,3,7,6,1,2,3,3,1,0,3,0.297607266471232,0,200708
2550,20,RL,2.09802572035252,3.6930251021224,Pave,NONE,Bnk,Inside,Gtl,Edwards,Norm,Norm,1Fam,1Story,10,5,2008,CemntBd,CmentBd,Stone,6.27770518519098,PConc,4010,0,1085,5095,GasA,0.268289832918241,SBrkr,-0.785025043886639,7.10374181927026,1,1,0.781365814350925,1.23259887250509,-1.04580127322219,-0.207698474525451,5.44797616165175,2.17157453260921,Attchd,0.30612320101399,3.16144471938831,3.575277447381,6.46074423978595,-0.359600750132276,-0.103330530851366,-0.285935458023539,NONE,29.8766513652145,Partial,0.44693779307133,1,2,4,4,4,3,4,3,3,7,6,1,2,3,2,4,0,3,1.66911912442754,0,200702
2551,180,RM,-0.680092274423065,-0.823409354565835,Pave,NONE,Lvl,Inside,Gtl,Edwards,Norm,Norm,TwnhsE,SFoyer,6,5,2005,VinylSd,VinylSd,Stone,-0.142016924961081,PConc,467,0,80,547,GasA,0.268289832918241,SBrkr,-0.785025043886639,-0.847411175631265,1,0,-1.02736282330994,-0.756321032880405,-1.04580127322219,-0.207698474525451,-0.925062116656053,-0.924311211315714,Basment,0.299450740978796,0.242634465301109,-0.740760408320604,-0.0516075842168084,-0.359600750132276,-0.103330530851366,-0.285935458023539,NONE,-0.0895919598967582,Normal,0.44693779307133,1,2,2,4,3,3,0,3,3,7,6,1,2,3,3,4,0,3,0.297607266471232,0,200708
2552,20,RL,0.18620258416287,-0.477844735880577,Pave,NONE,Lvl,Inside,Gtl,Edwards,Norm,Norm,1Fam,1Story,5,7,1959,WdShing,Wd Shng,None,-0.567015949674981,CBlock,77,831,52,960,GasA,0.268289832918241,SBrkr,-0.785025043886639,-1.0687706425537,1,0,-1.02736282330994,-0.756321032880405,-1.04580127322219,-0.207698474525451,-1.56236594448683,-0.924311211315714,Detchd,0.197139687105821,-0.374538450110016,0.397535289886414,-0.702842766617084,0.185288467909727,-0.103330530851366,-0.285935458023539,NONE,-0.0895919598967582,Normal,0.44693779307133,1,2,2,4,1,3,0,3,3,7,3,5,2,3,3,3,0,1,-0.250997476711292,0,200704
2553,90,RL,0.484924949192502,-0.416721012502121,Pave,NONE,Lvl,Corner,Gtl,Edwards,Norm,Norm,Duplex,1Story,4,3,1955,AsbShng,Plywood,BrkCmn,0.148771881422113,PConc,0,0,0,0,GasA,-3.72731232161413,SBrkr,-0.785025043886639,-0.689297270686666,0,0,0.781365814350925,-0.756321032880405,-1.04580127322219,4.45593111885755,-0.287758288825272,-0.924311211315714,NONE,-4.15997671587587,-2.19357441132175,-0.740760408320604,-0.702842766617084,-0.359600750132276,-0.103330530851366,-0.285935458023539,NONE,-0.0895919598967582,Normal,0.44693779307133,0,2,2,2,1,0,0,0,0,7,0,0,0,3,3,0,0,0,-4.91413779376274,0,200712
2554,90,RL,-0.172264253872689,-0.180976195571518,Pave,NONE,Lvl,Inside,Gtl,Edwards,Norm,Norm,Duplex,1Story,5,6,1946,Plywood,Plywood,None,-0.567015949674981,CBlock,0,0,1195,1195,GasA,-3.72731232161413,SBrkr,-0.785025043886639,-0.604311046778944,0,0,0.781365814350925,-0.756321032880405,1.38565545042224,4.45593111885755,0.98684936683629,-0.924311211315714,NONE,-4.15997671587587,-2.19357441132175,0.192009677710147,-0.702842766617084,-0.359600750132276,-0.103330530851366,-0.285935458023539,GdWo,-0.0895919598967582,Abnorml,0.44693779307133,1,2,2,2,2,3,0,0,0,7,1,1,0,3,3,1,0,0,-0.250997476711292,0,200710
2555,40,RL,0.126458111156943,-0.0159928675313272,Pave,NONE,Bnk,Corner,Gtl,Edwards,Norm,Norm,1Fam,1.5Fin,6,8,1920,Wd Sdng,Wd Sdng,None,-0.567015949674981,BrkTil,144,278,238,660,GasA,0.268289832918241,SBrkr,-0.493396883226101,-1.25653090467541,1,0,-1.02736282330994,-0.756321032880405,-1.04580127322219,-0.207698474525451,-1.56236594448683,0.623631660646747,Detchd,0.110397706648299,-1.1912484735112,-0.740760408320604,-0.702842766617084,0.948133373168531,-0.103330530851366,-0.285935458023539,NONE,-0.0895919598967582,Normal,0.44693779307133,1,2,2,2,2,3,4,3,3,7,2,5,2,3,3,1,0,1,-0.250997476711292,0,200711
2556,20,RL,0.0667136381510165,-0.253132624207082,Pave,NONE,Lvl,Inside,Gtl,Edwards,Norm,Norm,1Fam,1Story,4,5,1955,MetalSd,MetalSd,None,-0.567015949674981,CBlock,544,0,224,768,GasA,0.268289832918241,SBrkr,-0.785025043886639,-1.44824401442074,0,0,-1.02736282330994,-0.756321032880405,-1.04580127322219,-0.207698474525451,-1.56236594448683,0.623631660646747,Detchd,0.197139687105821,-0.546233170938675,-0.740760408320604,-0.702842766617084,2.69177887090294,-0.103330530851366,-0.285935458023539,MnPrv,-0.0895919598967582,Normal,0.44693779307133,1,2,2,2,2,3,2,3,3,7,4,1,2,3,3,1,0,1,-0.250997476711292,0,200710
2557,20,RL,0.0667136381510165,-0.253132624207082,Pave,NONE,HLS,Inside,Gtl,Edwards,Norm,Norm,1Fam,1Story,4,5,1955,WdShing,Plywood,None,-0.567015949674981,CBlock,682,0,182,864,GasA,0.268289832918241,SBrkr,-0.785025043886639,-1.25850732848722,1,0,-1.02736282330994,-0.756321032880405,0.169927088600022,-0.207698474525451,-0.925062116656053,-0.924311211315714,Detchd,0.279433360873214,0.256555658881811,0.808586514238948,-0.702842766617084,-0.359600750132276,-0.103330530851366,-0.285935458023539,NONE,-0.0895919598967582,Family,0.44693779307133,1,2,2,2,2,3,0,3,3,7,5,1,0,3,3,1,0,1,-0.250997476711292,0,200702
2558,90,RL,0.0667136381510165,0.0915443055494428,Pave,NONE,Lvl,Inside,Gtl,SWISU,Norm,Norm,Duplex,2Story,5,6,1923,Wd Sdng,Plywood,None,-0.567015949674981,PConc,371,0,925,1296,Grav,-3.72731232161413,FuseA,2.23857572584182,2.15675301831612,2,0,0.781365814350925,-0.756321032880405,3.81711217406667,4.45593111885755,3.53606467815941,-0.924311211315714,NONE,-4.15997671587587,-2.19357441132175,-0.740760408320604,10.2793505365876,3.3767824592986,-0.103330530851366,-0.285935458023539,NONE,2.57564097584255,AdjLand,0.44693779307133,1,2,2,1,2,3,0,0,0,5,3,1,2,3,3,2,0,0,-0.250997476711292,0,200701
2559,30,RL,-0.112519780866763,-0.373477880402424,Pave,NONE,Lvl,Inside,Gtl,Crawfor,Norm,Norm,1Fam,1Story,5,5,1926,Stucco,Plywood,None,-0.567015949674981,PConc,319,0,971,1290,GasA,0.268289832918241,SBrkr,-0.785025043886639,-0.155662841498644,0,0,-1.02736282330994,-0.756321032880405,0.169927088600022,-0.207698474525451,-0.287758288825272,-0.924311211315714,Detchd,0.228277833936727,-0.560154364519377,-0.740760408320604,-0.702842766617084,0.636768105715958,-0.103330530851366,-0.285935458023539,MnPrv,-0.0895919598967582,Normal,0.44693779307133,1,2,2,2,2,3,0,3,3,7,4,1,2,3,3,2,0,1,-0.250997476711292,0,200707
2560,50,RL,-0.202136490375653,-0.424456587452506,Pave,NONE,HLS,Inside,Gtl,Crawfor,Norm,Norm,1Fam,1.5Fin,6,7,1921,Wd Sdng,Wd Sdng,None,-0.567015949674981,BrkTil,113,0,538,651,GasA,0.268289832918241,SBrkr,0.472475584881599,-0.400739394162772,0,0,0.781365814350925,-0.756321032880405,-1.04580127322219,-0.207698474525451,0.98684936683629,0.623631660646747,Detchd,0.274985054183085,-1.07987892486559,0.966683138989922,-0.702842766617084,2.25586749646934,-0.103330530851366,-0.285935458023539,NONE,-0.0895919598967582,Normal,0.44693779307133,1,2,2,3,2,3,4,3,3,7,4,1,1,3,3,1,0,1,-0.250997476711292,0,200711
2561,70,RL,0.156330347659906,-0.782195225731813,Pave,NONE,Lvl,Inside,Gtl,Crawfor,Norm,Norm,1Fam,2Story,7,8,1930,Wd Sdng,Wd Sdng,None,-0.567015949674981,BrkTil,246,0,285,531,GasA,0.268289832918241,SBrkr,0.453811382599325,-0.79602415652427,1,0,-1.02736282330994,-0.756321032880405,-1.04580127322219,-0.207698474525451,-0.925062116656053,0.623631660646747,Detchd,0.132639240098946,-1.1912484735112,-0.740760408320604,-0.702842766617084,-0.359600750132276,-0.103330530851366,-0.285935458023539,MnPrv,-0.0895919598967582,Normal,0.44693779307133,1,2,2,2,2,3,4,3,3,7,6,1,2,3,3,1,0,1,0.297607266471232,0,200709
2562,70,RL,-0.142392017369726,-0.437264670567079,Pave,NONE,Lvl,Inside,Gtl,Crawfor,Norm,Norm,1Fam,2Story,6,7,1921,VinylSd,VinylSd,None,-0.567015949674981,BrkTil,0,0,585,585,GasA,-3.72731232161413,SBrkr,0.579794748004677,-0.127992908133339,0,0,-1.02736282330994,-0.756321032880405,0.169927088600022,-0.207698474525451,0.349545539005509,0.623631660646747,Detchd,0.270536747492955,-1.1355636991884,0.713728539388363,-0.702842766617084,-0.359600750132276,-0.103330530851366,-0.285935458023539,NONE,-0.0895919598967582,Normal,0.44693779307133,1,2,2,2,2,3,4,3,3,7,1,1,2,3,3,1,0,1,-0.250997476711292,0,200707
2563,70,RL,-0.142392017369726,-0.382101144281543,Pave,NONE,Lvl,Inside,Gtl,Crawfor,Norm,Norm,1Fam,2Story,6,8,1926,Wd Sdng,Wd Sdng,None,-0.567015949674981,BrkTil,0,0,686,686,GasA,0.268289832918241,SBrkr,1.02306955220869,-0.0785823128381517,0,0,-1.02736282330994,-0.756321032880405,0.169927088600022,-0.207698474525451,-0.287758288825272,0.623631660646747,Detchd,0.123742626718687,-1.1494848927691,-0.740760408320604,-0.702842766617084,1.44631780109265,-0.103330530851366,-0.285935458023539,MnPrv,-0.0895919598967582,Normal,0.44693779307133,1,2,2,2,2,3,4,3,3,7,1,1,0,3,3,1,0,1,-0.250997476711292,0,200710
2564,70,RL,0.0667136381510165,-0.372590191473692,Pave,NONE,Lvl,Inside,Gtl,Crawfor,Norm,Norm,1Fam,2.5Unf,7,7,1927,VinylSd,VinylSd,None,-0.567015949674981,BrkTil,0,0,851,851,GasA,0.268289832918241,SBrkr,1.2003794738903,0.429358606796373,0,0,0.781365814350925,1.23259887250509,1.38565545042224,-0.207698474525451,0.98684936683629,0.623631660646747,Detchd,0.125966780063752,-0.968509376219971,1.55954548180608,-0.702842766617084,0.574495052225443,-0.103330530851366,2.43770863832758,GdPrv,-0.0895919598967582,Normal,0.44693779307133,1,2,2,3,3,3,3,3,3,7,1,1,2,3,3,1,0,1,-0.250997476711292,0,200702
2565,20,RL,2.03828124734659,0.372814883253626,Pave,NONE,HLS,Inside,Gtl,Crawfor,Norm,Norm,1Fam,1Story,5,5,1951,Wd Sdng,Wd Sdng,None,-0.567015949674981,CBlock,0,0,0,0,GasA,0.268289832918241,SBrkr,-0.785025043886639,-0.543041908612911,0,0,-1.02736282330994,1.23259887250509,-1.04580127322219,-0.207698474525451,0.349545539005509,0.623631660646747,Attchd,0.179346460345304,-0.337415267228144,0.634680227012876,-0.347623576216934,1.50859085458316,-0.103330530851366,3.77282829340166,NONE,-0.0895919598967582,Normal,0.44693779307133,0,2,2,1,2,0,4,3,3,6,0,0,2,3,1,0,0,3,-4.91413779376274,0,200709
2566,50,RL,1.56032546329918,-0.299038823092976,Pave,NONE,HLS,Inside,Gtl,Crawfor,Norm,Norm,1Fam,1.5Fin,4,6,1930,AsbShng,CmentBd,None,-0.567015949674981,BrkTil,189,0,741,930,GasA,0.268289832918241,SBrkr,0.439813230887619,0.50248628783325,0,0,0.781365814350925,-0.756321032880405,1.38565545042224,-0.207698474525451,0.349545539005509,0.623631660646747,Detchd,0.132639240098946,-1.12164250560769,-0.740760408320604,-0.110810782616833,-0.359600750132276,-0.103330530851366,-0.285935458023539,NONE,-0.0895919598967582,Normal,0.44693779307133,1,3,2,4,3,4,3,2,3,7,6,1,2,3,2,1,0,1,-0.250997476711292,0,200703
2567,190,RL,0.634286131707318,-0.500544209915315,Pave,NONE,Lvl,Inside,Gtl,Crawfor,Norm,Norm,2fmCon,1.5Fin,5,5,1941,VinylSd,VinylSd,None,-0.567015949674981,CBlock,533,0,195,728,GasA,0.268289832918241,SBrkr,0.60312500085752,-0.288083236889745,0,0,0.781365814350925,-0.756321032880405,0.169927088600022,-0.207698474525451,-0.925062116656053,-0.924311211315714,Detchd,0.212708760521274,0.256555658881811,-0.740760408320604,-0.702842766617084,-0.359600750132276,-0.103330530851366,2.27749427971869,MnPrv,-0.0895919598967582,Normal,0.44693779307133,1,2,2,4,2,2,0,3,3,7,2,1,2,3,2,1,0,1,-0.250997476711292,0,200702
2568,20,RL,-1.72562055202678,1.94237572195727,Pave,NONE,Lvl,CulDSac,Gtl,Crawfor,Norm,Norm,1Fam,1Story,6,4,1960,Wd Sdng,MetalSd,BrkFace,1.7984391484037,CBlock,540,1020,0,1560,GasA,0.268289832918241,SBrkr,-0.785025043886639,0.11708364453079,0,0,-1.02736282330994,1.23259887250509,0.169927088600022,-0.207698474525451,-0.287758288825272,3.71951740457167,Attchd,0.199363840450886,0.497856347613981,-0.740760408320604,0.407217203383386,8.73226505948286,-0.103330530851366,-0.285935458023539,NONE,-0.0895919598967582,Normal,-2.23744784062252,1,1,2,2,2,4,3,3,3,7,2,3,2,3,2,2,0,2,-0.250997476711292,0,200708
2569,20,RL,-1.72562055202678,1.44704529972438,Pave,NONE,Lvl,CulDSac,Gtl,Crawfor,Norm,Norm,1Fam,1Story,6,6,1968,HdBoard,BrkFace,None,-0.567015949674981,PConc,813,0,675,1488,GasA,0.268289832918241,SBrkr,-0.785025043886639,-0.0252188699193495,0,1,0.781365814350925,-0.756321032880405,0.169927088600022,-0.207698474525451,0.349545539005509,2.17157453260921,Attchd,0.217157067211403,0.367925207527428,-0.740760408320604,-0.702842766617084,3.00314413835551,-0.103330530851366,-0.285935458023539,NONE,-0.0895919598967582,Normal,-2.23744784062252,1,2,2,4,2,3,4,3,3,7,4,1,2,3,2,1,0,2,0.297607266471232,0,200712
2570,160,RM,-1.00868687595566,-1.063465803436,Pave,NONE,Lvl,Inside,Gtl,Blueste,Norm,Norm,Twnhs,2Story,6,6,1980,MetalSd,MetalSd,None,-0.567015949674981,CBlock,330,0,186,516,GasA,0.268289832918241,SBrkr,0.41881600332006,-0.900774618550067,0,0,-1.02736282330994,-0.756321032880405,-1.04580127322219,-0.207698474525451,-0.925062116656053,0.623631660646747,Detchd,0.243846907352179,-0.0497105998936342,0.682109214438168,-0.702842766617084,-0.359600750132276,-0.103330530851366,-0.285935458023539,MnPrv,-0.0895919598967582,Normal,0.44693779307133,1,3,2,3,2,3,3,3,3,7,6,1,2,3,3,1,0,1,0.297607266471232,0,200704
2571,20,RL,-1.72562055202678,0.976823792904225,Pave,NONE,Lvl,Inside,Gtl,Crawfor,Norm,Norm,1Fam,1Story,4,5,1995,VinylSd,VinylSd,None,-0.567015949674981,PConc,0,0,1680,1680,GasA,0.268289832918241,SBrkr,-0.785025043886639,0.354254501947688,0,0,0.781365814350925,-0.756321032880405,1.38565545042224,-0.207698474525451,0.349545539005509,-0.924311211315714,Attchd,0.279433360873214,0.720595444905214,0.460773939786803,-0.702842766617084,-0.359600750132276,-0.103330530851366,-0.285935458023539,NONE,-0.0895919598967582,Normal,-2.23744784062252,1,2,2,3,3,3,0,3,3,7,1,1,2,3,1,1,0,1,0.297607266471232,0,200709
2572,120,RM,-0.680092274423065,-0.793988807213548,Pave,NONE,Bnk,Inside,Mod,Blueste,Norm,Norm,TwnhsE,1Story,8,5,1988,HdBoard,HdBoard,None,-0.567015949674981,CBlock,577,0,427,1004,GasA,0.268289832918241,SBrkr,-0.785025043886639,-0.950185213845254,1,0,-1.02736282330994,-0.756321032880405,-2.26152963504441,-0.207698474525451,-1.56236594448683,-0.924311211315714,Attchd,0.261640134112697,0.168388099537365,0.326391808748475,-0.702842766617084,-0.359600750132276,-0.103330530851366,-0.285935458023539,NONE,-0.0895919598967582,Normal,0.44693779307133,1,2,2,3,2,3,0,3,3,7,6,1,2,3,2,4,0,1,0.297607266471232,0,200706
2573,20,RL,-1.72562055202678,1.33468924388764,Pave,NONE,Bnk,Corner,Gtl,Crawfor,Norm,Norm,1Fam,1Story,7,5,1971,Plywood,Plywood,BrkFace,3.07902831497584,CBlock,434,0,1262,1696,GasA,0.268289832918241,SBrkr,-0.785025043886639,0.385877282936608,0,0,0.781365814350925,-0.756321032880405,0.169927088600022,-0.207698474525451,0.349545539005509,2.17157453260921,Attchd,0.223829527246597,0.706674251324512,-0.740760408320604,1.45807397498383,-0.359600750132276,-0.103330530851366,-0.285935458023539,GdWo,-0.0895919598967582,Normal,-2.23744784062252,1,2,2,4,2,3,3,3,3,7,3,1,2,3,2,1,0,3,0.297607266471232,0,200705
2574,20,RL,0.365436003180649,0.998762390714334,Pave,NONE,HLS,CulDSac,Gtl,Crawfor,Norm,Norm,1Fam,1Story,8,5,1986,WdShing,Plywood,None,-0.567015949674981,CBlock,0,0,279,279,GasA,0.268289832918241,SBrkr,-0.785025043886639,2.42159380909832,0,0,0.781365814350925,1.23259887250509,-1.04580127322219,-0.207698474525451,-0.287758288825272,0.623631660646747,Attchd,0.257191827422567,1.01294051009996,0.966683138989922,0.244408407783317,2.27143575984197,-0.103330530851366,-0.285935458023539,NONE,-0.0895919598967582,Normal,0.44693779307133,1,2,3,3,3,3,4,4,4,7,1,1,2,3,2,1,4,3,0.297607266471232,0,200711
2575,50,RM,-0.232008726878616,-0.401757113417768,Pave,NONE,Lvl,Corner,Gtl,IDOTRR,Norm,Norm,1Fam,1.5Fin,6,7,1940,Wd Sdng,Wd Sdng,None,-0.567015949674981,BrkTil,375,0,345,720,GasA,0.268289832918241,FuseA,0.36982247232909,-0.564782570542794,0,0,-1.02736282330994,-0.756321032880405,0.169927088600022,-0.207698474525451,-0.287758288825272,-0.924311211315714,Detchd,0.210484607176209,1.14751204804674,-0.740760408320604,-0.702842766617084,0.107447151046583,-0.103330530851366,-0.285935458023539,MnPrv,-0.0895919598967582,Normal,0.44693779307133,1,2,2,3,3,3,0,3,3,7,5,1,2,3,3,1,0,3,-0.250997476711292,0,200708
2576,50,RM,-0.232008726878616,-0.36523505463562,Pave,NONE,Lvl,Inside,Gtl,IDOTRR,Artery,Norm,1Fam,1.5Fin,5,7,1925,VinylSd,VinylSd,None,-0.567015949674981,BrkTil,0,0,936,936,GasA,0.268289832918241,SBrkr,0.766436770827421,0.198117020814897,0,0,0.781365814350925,-0.756321032880405,0.169927088600022,-0.207698474525451,-0.287758288825272,-0.924311211315714,NONE,-4.15997671587587,-2.19357441132175,-0.740760408320604,-0.702842766617084,-0.359600750132276,6.8852740296679,-0.285935458023539,NONE,-0.0895919598967582,Normal,0.44693779307133,1,3,3,4,2,1,0,0,0,7,1,1,0,3,3,1,0,0,-0.250997476711292,0,200712
2577,70,RM,-0.232008726878616,-0.140522942962124,Pave,NONE,Lvl,Inside,Gtl,IDOTRR,Norm,Norm,1Fam,2Story,5,6,1923,Wd Sdng,Plywood,None,-0.567015949674981,BrkTil,548,0,311,859,GasA,0.268289832918241,SBrkr,1.28203535887525,0.646765226095196,0,0,0.781365814350925,-0.756321032880405,0.169927088600022,-0.207698474525451,-0.287758288825272,-0.924311211315714,Detchd,-4.15997671587587,-2.19357441132175,0.634680227012876,-0.702842766617084,2.940871084865,-0.103330530851366,-0.285935458023539,MnPrv,-0.0895919598967582,Alloca,0.44693779307133,1,2,2,4,3,3,0,0,0,7,5,1,2,3,3,1,0,0,0.297607266471232,0,200706
2578,30,RM,-0.351497672890469,-0.823789792678149,Pave,NONE,Lvl,Inside,Gtl,IDOTRR,Artery,Norm,1Fam,1Story,5,7,1922,Stucco,Stucco,None,-0.567015949674981,BrkTil,0,0,816,816,GasA,0.268289832918241,SBrkr,-0.785025043886639,-1.35337567145398,0,0,-1.02736282330994,-0.756321032880405,-1.04580127322219,-0.207698474525451,-0.925062116656053,-0.924311211315714,Detchd,0.114846013338428,-1.72953462529835,-0.740760408320604,-0.702842766617084,1.13495253364007,-0.103330530851366,-0.285935458023539,NONE,-0.0895919598967582,Normal,0.44693779307133,1,2,2,4,2,3,0,2,2,7,1,1,0,3,3,1,0,1,-0.250997476711292,0,200712
2579,50,RM,0.18620258416287,0.113990154175971,Pave,NONE,Lvl,Corner,Gtl,IDOTRR,Norm,Norm,1Fam,1.5Fin,2,4,1939,MetalSd,MetalSd,None,-0.567015949674981,BrkTil,0,0,0,0,GasA,0.268289832918241,SBrkr,-0.785025043886639,-1.29605938091156,0,0,-1.02736282330994,-0.756321032880405,-2.26152963504441,-0.207698474525451,-1.56236594448683,-0.924311211315714,Detchd,0.177122307000239,-1.00563255910184,-0.361328508918265,-0.702842766617084,-0.359600750132276,-0.103330530851366,-0.285935458023539,NONE,-0.0895919598967582,Normal,0.44693779307133,0,2,2,4,2,0,0,3,2,2,0,0,0,3,3,0,0,1,-4.91413779376274,0,200706
2580,190,C (all),0.514797185695465,-0.243241233286916,Pave,NONE,Lvl,Inside,Gtl,IDOTRR,Feedr,Norm,2fmCon,2Story,5,6,1895,VinylSd,VinylSd,None,-0.567015949674981,CBlock,0,0,957,957,GasA,-3.72731232161413,SBrkr,1.44768015413044,0.968922307419817,0,0,0.781365814350925,-0.756321032880405,1.38565545042224,4.45593111885755,1.62415319466707,-0.924311211315714,NONE,-4.15997671587587,-2.19357441132175,-0.740760408320604,-0.702842766617084,1.71097827842733,-0.103330530851366,-0.285935458023539,NONE,-0.0895919598967582,Normal,0.44693779307133,1,3,2,1,2,3,0,0,0,7,1,1,0,3,3,1,0,0,-0.250997476711292,0,200709
2581,20,C (all),0.216074820665833,-0.456920639703305,Pave,NONE,Lvl,Corner,Gtl,IDOTRR,Norm,Norm,1Fam,1Story,4,6,1957,MetalSd,MetalSd,None,-0.567015949674981,CBlock,967,0,106,1073,GasA,0.268289832918241,FuseA,-0.785025043886639,-0.845434751819457,1,0,-1.02736282330994,-0.756321032880405,0.169927088600022,-0.207698474525451,-0.287758288825272,-0.924311211315714,Detchd,0.254967674077503,1.14751204804674,-0.740760408320604,5.8687122557857,-0.359600750132276,-0.103330530851366,-0.285935458023539,NONE,-0.0895919598967582,Abnorml,0.44693779307133,1,2,2,3,2,3,0,3,3,7,6,1,2,3,3,1,0,1,-0.250997476711292,0,200711
2582,30,C (all),0.0667136381510165,-0.520961055276169,Pave,NONE,Lvl,Inside,Gtl,IDOTRR,Norm,Norm,1Fam,1Story,5,9,1930,MetalSd,MetalSd,None,-0.567015949674981,BrkTil,737,0,100,837,GasA,0.268289832918241,SBrkr,-0.785025043886639,-0.987737266269596,0,0,-1.02736282330994,-0.756321032880405,-1.04580127322219,-0.207698474525451,-0.925062116656053,-0.924311211315714,Detchd,0.132639240098946,-1.1912484735112,0.476583602261901,-0.702842766617084,0.294266311518127,3.31155578849328,-0.285935458023539,NONE,-0.0895919598967582,Normal,0.44693779307133,1,2,3,4,3,3,0,3,1,7,5,1,0,3,3,1,0,1,-0.250997476711292,0,200703
2583,120,RM,0.0368414016480533,-0.583352905695672,Pave,NONE,HLS,Inside,Mod,Crawfor,Norm,Norm,TwnhsE,1Story,8,5,2006,CemntBd,CmentBd,Stone,2.078043769926,PConc,1573,0,0,1573,GasA,0.268289832918241,SBrkr,-0.785025043886639,0.245551192298276,1,1,0.781365814350925,-0.756321032880405,-1.04580127322219,-0.207698474525451,-0.925062116656053,0.623631660646747,Attchd,0.301674894323861,0.103422529494089,0.23153383389789,-0.702842766617084,-0.359600750132276,-0.103330530851366,2.43770863832758,NONE,-0.0895919598967582,Partial,0.44693779307133,1,2,3,3,3,3,4,3,3,7,6,1,2,3,2,4,0,3,0.297607266471232,0,200702
2584,85,RL,-1.72562055202678,0.251328312721341,Pave,NONE,Bnk,CulDSac,Gtl,Mitchel,Norm,Norm,1Fam,SFoyer,6,6,1979,HdBoard,Wd Shng,None,-0.567015949674981,CBlock,1001,0,0,1001,GasA,0.268289832918241,SBrkr,-0.785025043886639,-0.398762970350965,1,0,0.781365814350925,-0.756321032880405,-1.04580127322219,-0.207698474525451,-0.925062116656053,0.623631660646747,BuiltIn,0.241622754007115,0.0616589487519824,-0.0767545843665104,-0.702842766617084,3.09655371859128,-0.103330530851366,-0.285935458023539,MnPrv,-0.0895919598967582,Normal,-2.23744784062252,1,2,2,2,3,3,1,3,3,7,6,1,2,3,2,3,0,2,0.297607266471232,0,200701
2585,20,RL,0.664158368210282,-0.0213190011037238,Pave,NONE,Lvl,Inside,Gtl,Mitchel,Norm,Norm,1Fam,1Story,5,5,2002,VinylSd,VinylSd,BrkFace,0.361271393779063,PConc,585,0,856,1441,GasA,0.268289832918241,SBrkr,-0.785025043886639,-0.214955555852868,0,0,0.781365814350925,-0.756321032880405,0.169927088600022,-0.207698474525451,-0.287758288825272,0.623631660646747,Attchd,0.292778280943602,0.822684197830362,0.587251239587583,0.0223964137832229,-0.359600750132276,-0.103330530851366,-0.285935458023539,NONE,-0.0895919598967582,Normal,0.44693779307133,1,2,3,4,3,3,4,3,3,7,6,1,2,3,3,1,0,3,0.297607266471232,0,200704
2586,20,RL,-0.411242145896396,0.341872583452084,Pave,NONE,Lvl,CulDSac,Gtl,Mitchel,Norm,Norm,1Fam,1Story,7,5,2002,VinylSd,VinylSd,None,-0.567015949674981,PConc,1392,0,17,1409,GasA,0.268289832918241,SBrkr,-0.785025043886639,-0.181356351052141,1,0,-1.02736282330994,1.23259887250509,-2.26152963504441,-0.207698474525451,-1.56236594448683,0.623631660646747,Attchd,0.292778280943602,0.479294756173045,-0.740760408320604,1.42847237578382,-0.359600750132276,-0.103330530851366,2.29529587511968,NONE,-0.0895919598967582,Normal,0.44693779307133,1,2,3,4,3,3,4,3,3,7,6,1,2,3,2,1,0,2,0.297607266471232,0,200710
2587,20,RL,-1.72562055202678,-0.0304495157992609,Pave,NONE,Lvl,CulDSac,Gtl,Mitchel,Norm,Norm,1Fam,1Story,7,5,1991,HdBoard,HdBoard,None,-0.567015949674981,PConc,1239,0,215,1454,GasA,0.268289832918241,SBrkr,-0.785025043886639,-0.0449831080374244,1,0,0.781365814350925,-0.756321032880405,0.169927088600022,-0.207698474525451,-0.287758288825272,0.623631660646747,Attchd,0.268312594147891,0.154466905956663,0.160390352759952,-0.377225175416946,-0.359600750132276,-0.103330530851366,-0.285935458023539,NONE,-0.0895919598967582,Normal,-2.23744784062252,1,2,2,2,2,3,3,3,3,7,6,1,2,3,2,1,0,1,0.297607266471232,0,200708
2588,80,RL,-1.72562055202678,-0.179834881234576,Pave,NONE,Lvl,Inside,Gtl,Mitchel,Norm,Norm,1Fam,SLvl,7,6,1975,Plywood,Plywood,Stone,-0.287411328152678,CBlock,224,530,98,852,GasA,0.268289832918241,SBrkr,-0.785025043886639,-1.15178044264962,0,1,-1.02736282330994,-0.756321032880405,0.169927088600022,-4.87132806790845,-1.56236594448683,-0.924311211315714,Attchd,0.232726140626856,-0.523031181637505,0.776967189288753,0.540424399783442,-0.359600750132276,-0.103330530851366,-0.285935458023539,NONE,-0.0895919598967582,Normal,-2.23744784062252,1,2,2,2,2,3,0,3,3,7,3,6,2,3,2,3,0,1,-0.250997476711292,0,200706
2589,85,RL,0.723902841216208,-0.222951200630167,Pave,NONE,Lvl,Corner,Gtl,Mitchel,Norm,Norm,1Fam,SFoyer,6,6,1974,Plywood,Plywood,None,-0.567015949674981,CBlock,924,0,46,970,GasA,0.268289832918241,SBrkr,-0.785025043886639,-0.938326670974409,1,0,-1.02736282330994,-0.756321032880405,-1.04580127322219,-0.207698474525451,-0.925062116656053,0.623631660646747,Attchd,0.230501987281791,0.256555658881811,0.784872020526302,-0.702842766617084,-0.359600750132276,-0.103330530851366,-0.285935458023539,NONE,-0.0895919598967582,Normal,0.44693779307133,1,2,2,2,2,3,1,3,3,7,5,1,2,3,2,3,0,1,0.297607266471232,0,200707
2590,120,RL,-0.351497672890469,-0.77534733971016,Pave,NONE,Lvl,Inside,Gtl,Timber,Norm,Norm,TwnhsE,1Story,7,6,1987,VinylSd,VinylSd,BrkFace,1.40140058584203,BrkTil,949,0,552,1501,GasA,0.268289832918241,SBrkr,-0.785025043886639,0.000474639634147814,1,0,0.781365814350925,-0.756321032880405,-1.04580127322219,-0.207698474525451,-0.925062116656053,2.17157453260921,Attchd,0.259415980767632,0.182309293118067,1.15639908869109,-0.702842766617084,-0.359600750132276,-0.103330530851366,-0.285935458023539,NONE,-0.0895919598967582,Normal,0.44693779307133,1,2,3,4,3,3,3,3,3,7,6,1,2,3,2,3,0,3,0.297607266471232,0,200702
2591,20,RL,2.72534268691475,1.2414819063707,Pave,NONE,Lvl,Inside,Gtl,Timber,Norm,Norm,1Fam,1Story,6,8,1958,HdBoard,HdBoard,BrkFace,6.27770518519098,CBlock,0,0,585,585,GasA,0.268289832918241,SBrkr,-0.785025043886639,1.53813236522037,0,0,0.781365814350925,1.23259887250509,1.38565545042224,-0.207698474525451,0.349545539005509,0.623631660646747,Attchd,0.194915533760756,-0.0543509977538682,1.42516335076775,-0.702842766617084,-0.359600750132276,-0.103330530851366,2.17068470731276,GdPrv,-0.0895919598967582,Normal,0.44693779307133,1,3,2,3,3,3,4,3,3,7,1,1,2,3,3,1,0,2,-0.250997476711292,0,200710
2592,20,RL,0.275819293671759,-0.228277334202564,Pave,NONE,HLS,Inside,Gtl,Timber,Norm,Norm,1Fam,1Story,7,5,2006,VinylSd,VinylSd,None,-0.567015949674981,PConc,0,0,1689,1689,GasA,0.268289832918241,SBrkr,-0.785025043886639,0.372042316253956,0,0,0.781365814350925,-0.756321032880405,0.169927088600022,-0.207698474525451,0.349545539005509,-0.924311211315714,Attchd,0.303899047668925,-0.184282137840421,0.0497227154342694,-0.12561158221684,-0.359600750132276,-0.103330530851366,-0.285935458023539,NONE,-0.0895919598967582,Partial,0.44693779307133,1,2,3,4,3,3,0,3,3,7,1,1,2,3,2,1,0,3,0.297607266471232,0,200707
2593,20,RL,0.305691530174723,-0.237154223489892,Pave,NONE,HLS,Inside,Gtl,Timber,Norm,Norm,1Fam,1Story,8,5,2006,VinylSd,VinylSd,NONE,-0.567015949674981,PConc,583,0,963,1546,GasA,0.268289832918241,SBrkr,-0.785025043886639,0.12498933977802,0,0,0.781365814350925,-0.756321032880405,-1.04580127322219,-0.207698474525451,-0.287758288825272,0.623631660646747,Attchd,0.748729716681859,0.135905314515727,0.302677315035829,-0.702842766617084,-0.359600750132276,-0.103330530851366,-0.285935458023539,NONE,-0.0895919598967582,Partial,0.44693779307133,1,2,3,4,4,3,4,3,3,7,6,1,2,3,2,3,0,2,0.297607266471232,0,200712
2594,20,RL,-0.470986618902322,0.0206560039549258,Pave,NONE,Lvl,CulDSac,Gtl,Timber,Norm,Norm,1Fam,1Story,7,7,1985,Plywood,Plywood,None,-0.567015949674981,CBlock,215,80,970,1265,GasA,0.268289832918241,SBrkr,-0.785025043886639,-0.515371975247607,0,1,0.781365814350925,-0.756321032880405,0.169927088600022,-0.207698474525451,-0.287758288825272,-0.924311211315714,Attchd,0.254967674077503,0.256555658881811,1.0931604387907,-0.702842766617084,-0.359600750132276,-0.103330530851366,-0.285935458023539,NONE,-0.0895919598967582,Normal,0.44693779307133,1,2,2,3,3,3,0,3,3,7,5,4,2,3,3,1,0,1,0.297607266471232,0,200710
2595,20,RL,-1.72562055202678,-0.437518295975289,Pave,NONE,Lvl,Inside,Gtl,Timber,Norm,Norm,1Fam,1Story,8,5,2001,VinylSd,VinylSd,BrkFace,-0.0860960006566206,PConc,250,0,1017,1267,GasA,0.268289832918241,SBrkr,-0.785025043886639,-0.373069460797468,0,0,0.781365814350925,-0.756321032880405,-1.04580127322219,-0.207698474525451,-0.925062116656053,-0.924311211315714,Attchd,0.290554127598537,-0.00794701915152796,1.28287638849187,-0.288420377816909,-0.359600750132276,-0.103330530851366,-0.285935458023539,NONE,-0.0895919598967582,Normal,-2.23744784062252,1,2,3,4,3,3,0,3,3,7,6,1,2,3,2,2,0,1,1.66911912442754,0,200701
2596,20,RL,0.664158368210282,0.144171577752886,Pave,NONE,Lvl,Inside,Gtl,Timber,Norm,Norm,1Fam,1Story,8,5,2002,VinylSd,VinylSd,BrkFace,4.38757794370022,PConc,1329,0,593,1922,GasA,0.268289832918241,SBrkr,-0.785025043886639,0.8325490644051,1,0,0.781365814350925,-0.756321032880405,-1.04580127322219,-0.207698474525451,-0.287758288825272,0.623631660646747,Attchd,0.292778280943602,1.01758090796019,0.848110670426691,0.244408407783317,-0.359600750132276,-0.103330530851366,-0.285935458023539,NONE,-0.0895919598967582,Normal,0.44693779307133,1,2,3,4,3,3,5,3,3,7,6,1,2,3,3,3,0,3,0.297607266471232,0,200707
2597,20,RL,-1.72562055202678,-0.303223642328431,Pave,NONE,Lvl,Inside,Gtl,Timber,Norm,Norm,1Fam,1Story,6,5,1996,VinylSd,VinylSd,BrkFace,0.568178813705567,PConc,0,0,1491,1491,GasA,0.268289832918241,SBrkr,-0.785025043886639,-0.0192895984839271,0,0,0.781365814350925,-0.756321032880405,0.169927088600022,-0.207698474525451,0.349545539005509,0.623631660646747,Attchd,0.279433360873214,0.456092766871875,-0.740760408320604,-0.184814780616865,-0.359600750132276,-0.103330530851366,-0.285935458023539,NONE,-0.0895919598967582,Normal,-2.23744784062252,1,2,3,4,2,3,3,3,3,7,1,1,2,3,2,1,0,3,1.66911912442754,0,200703
2598,60,RL,-1.72562055202678,0.206943866284703,Pave,NONE,Lvl,Inside,Gtl,Timber,Norm,Norm,1Fam,2Story,7,5,2003,VinylSd,VinylSd,BrkFace,-0.0413592612130523,PConc,766,0,356,1122,GasA,0.268289832918241,SBrkr,2.34122883839432,1.94725209426452,1,0,2.59009445201179,1.23259887250509,2.60138381224446,-0.207698474525451,2.26145702249785,0.623631660646747,BuiltIn,0.295002434288667,-0.0961145784959744,0.389630458648865,-0.229217179416884,-0.359600750132276,-0.103330530851366,-0.285935458023539,NONE,-0.0895919598967582,Normal,-2.23744784062252,1,2,3,4,3,3,4,3,3,7,6,1,2,3,2,4,0,3,0.297607266471232,0,200710
2599,20,RL,0.813519550725098,0.312578848803903,Pave,NONE,HLS,Inside,Gtl,Timber,PosA,PosA,1Fam,1Story,10,5,2006,MetalSd,MetalSd,BrkFace,0.786270418492963,PConc,0,0,1824,1824,GasA,0.268289832918241,SBrkr,-0.785025043886639,0.638859530847967,0,0,0.781365814350925,-0.756321032880405,0.169927088600022,-0.207698474525451,0.98684936683629,0.623631660646747,Attchd,0.301674894323861,2.13127639441636,0.524012589687193,-0.170013981016859,-0.359600750132276,-0.103330530851366,1.63663684528313,NONE,-0.0895919598967582,Partial,0.44693779307133,1,2,4,4,4,3,4,3,3,7,1,1,2,3,2,4,0,3,1.66911912442754,0,200712
2600,20,RL,4.24882674856587,4.22690658640311,Pave,NONE,Lvl,Inside,Gtl,Mitchel,Artery,Norm,1Fam,1Story,3,5,1953,MetalSd,MetalSd,None,-0.567015949674981,CBlock,0,0,0,0,GasA,0.268289832918241,SBrkr,-0.785025043886639,1.05390853132754,0,0,-1.02736282330994,-0.756321032880405,-1.04580127322219,-0.207698474525451,1.62415319466707,-0.924311211315714,2Types,0.183794767035433,2.63707976118187,3.07727307941543,3.23416992698458,-0.359600750132276,-0.103330530851366,-0.285935458023539,GdPrv,-0.0895919598967582,Normal,0.44693779307133,0,2,2,4,2,0,0,3,3,6,0,0,0,3,3,0,0,2,-4.91413779376274,0,200709
2601,120,RM,0.126458111156943,-0.438532797608126,Pave,NONE,Lvl,FR3,Gtl,Mitchel,Norm,Norm,TwnhsE,SFoyer,6,5,1996,VinylSd,VinylSd,BrkFace,0.18232443600479,PConc,16,904,0,920,GasA,0.268289832918241,SBrkr,-0.785025043886639,-1.11620481403708,2,0,-2.8360914609708,1.23259887250509,-3.47725799686663,-0.207698474525451,-2.19966977231761,-0.924311211315714,Attchd,0.279433360873214,-0.0589913956141022,-0.740760408320604,-0.110810782616833,-0.359600750132276,-0.103330530851366,-0.285935458023539,NONE,-0.0895919598967582,Normal,0.44693779307133,1,2,2,4,2,3,0,3,3,7,3,6,2,3,2,3,0,3,1.66911912442754,0,200709
2602,160,RM,-1.09830358546455,-1.0987197351771,Pave,NONE,Lvl,Inside,Gtl,MeadowV,Norm,Norm,Twnhs,2Story,4,4,1972,CemntBd,CmentBd,None,-0.567015949674981,CBlock,252,0,294,546,GasA,0.268289832918241,SBrkr,0.488806761878589,-0.807882699395115,0,0,-1.02736282330994,1.23259887250509,0.169927088600022,-0.207698474525451,-0.925062116656053,-0.924311211315714,Attchd,0.226053680591662,-1.01955375268255,-0.740760408320604,-0.702842766617084,-0.359600750132276,-0.103330530851366,-0.285935458023539,NONE,-0.0895919598967582,Normal,0.44693779307133,1,2,2,2,2,3,0,3,3,7,4,1,2,3,3,1,0,1,-0.250997476711292,0,200708
2603,180,RM,-1.72562055202678,-1.09504216675806,Pave,NONE,Lvl,Inside,Gtl,MeadowV,Norm,Norm,Twnhs,SLvl,4,5,1970,CemntBd,CmentBd,None,-0.567015949674981,CBlock,503,0,27,530,GasA,0.268289832918241,SBrkr,0.292832637914708,-1.00552508057586,1,0,-1.02736282330994,-0.756321032880405,-1.04580127322219,-0.207698474525451,-1.56236594448683,-0.924311211315714,BuiltIn,0.221605373901533,-0.815376246832248,0.144580690284854,0.732834794583523,-0.359600750132276,-0.103330530851366,-0.285935458023539,NONE,-0.0895919598967582,Normal,-2.23744784062252,1,2,2,2,2,3,0,3,3,7,6,1,2,3,3,3,0,3,0.297607266471232,0,200710
2604,160,RM,-1.09830358546455,-1.09986104951404,Pave,NONE,Lvl,Inside,Gtl,MeadowV,Norm,Norm,TwnhsE,2Story,4,6,1970,CemntBd,CmentBd,BrkFace,0.489889519679322,CBlock,384,0,162,546,GasA,0.268289832918241,SBrkr,0.488806761878589,-0.807882699395115,0,0,-1.02736282330994,1.23259887250509,0.169927088600022,-0.207698474525451,-0.925062116656053,-0.924311211315714,NONE,-4.15997671587587,-2.19357441132175,-0.740760408320604,0.244408407783317,-0.359600750132276,-0.103330530851366,-0.285935458023539,NONE,-0.0895919598967582,Normal,0.44693779307133,1,2,2,4,2,3,0,0,0,7,5,1,2,3,3,1,0,0,-0.250997476711292,0,200708
2605,160,RM,-1.09830358546455,-1.04977003139269,Pave,NONE,Lvl,Inside,Gtl,MeadowV,Norm,Norm,Twnhs,2Story,4,3,1976,CemntBd,CmentBd,None,-0.567015949674981,CBlock,0,0,546,546,GasA,0.268289832918241,SBrkr,0.488806761878589,-0.807882699395115,0,0,-1.02736282330994,1.23259887250509,0.169927088600022,-0.207698474525451,-0.287758288825272,-0.924311211315714,Attchd,0.234950293971921,-0.866420623294823,-0.740760408320604,-0.702842766617084,-0.359600750132276,-0.103330530851366,-0.285935458023539,GdWo,-0.0895919598967582,Normal,0.44693779307133,1,2,2,4,2,3,0,3,3,7,1,1,2,3,3,1,0,1,-0.250997476711292,0,200707
2606,85,RL,0.425180476186576,-0.131772866378901,Pave,NONE,Lvl,Inside,Gtl,Mitchel,Norm,Norm,1Fam,SFoyer,5,5,1977,Plywood,Plywood,BrkFace,0.23824536030925,PConc,923,0,0,923,GasA,0.268289832918241,SBrkr,-0.785025043886639,-0.973902299586944,1,0,-1.02736282330994,-0.756321032880405,-2.26152963504441,-0.207698474525451,-1.56236594448683,0.623631660646747,Attchd,0.237174447316985,0.952615337916915,0.848110670426691,0.274010006983329,-0.359600750132276,-0.103330530851366,-0.285935458023539,MnPrv,-0.0895919598967582,Normal,0.44693779307133,1,2,2,2,3,3,2,3,3,7,6,1,2,3,3,3,0,3,0.297607266471232,0,200710
2607,80,RL,-1.72562055202678,0.734104277247864,Pave,NONE,Low,Corner,Mod,Mitchel,Norm,Norm,1Fam,SLvl,6,6,1977,HdBoard,Plywood,None,-0.567015949674981,PConc,1148,0,96,1244,GasA,0.268289832918241,SBrkr,-0.785025043886639,-0.286106813077938,2,0,0.781365814350925,-0.756321032880405,0.169927088600022,-0.207698474525451,-0.287758288825272,0.623631660646747,Attchd,0.237174447316985,0.256555658881811,10.5157192739488,-0.702842766617084,-0.359600750132276,-0.103330530851366,-0.285935458023539,MnPrv,-0.0895919598967582,Normal,-2.23744784062252,1,2,2,2,2,3,3,3,3,7,6,1,2,3,2,4,0,3,0.297607266471232,0,200712
2608,20,RL,0.0965858746539798,3.02003008143885,Pave,NONE,Lvl,Inside,Gtl,Mitchel,Norm,Norm,1Fam,1Story,5,6,1977,Plywood,Plywood,None,-0.567015949674981,PConc,1112,0,48,1160,GasA,0.268289832918241,SBrkr,-0.785025043886639,0.346348806700458,1,0,-1.02736282330994,1.23259887250509,0.169927088600022,-0.207698474525451,-0.287758288825272,2.17157453260921,Attchd,0.237174447316985,0.924772950755511,4.71357314558802,0.62922919738348,-0.359600750132276,-0.103330530851366,-0.285935458023539,GdPrv,-0.0895919598967582,Normal,0.44693779307133,1,1,2,2,3,3,3,3,3,4,5,1,1,3,2,2,0,2,-0.250997476711292,0,200708
2609,60,RL,0.305691530174723,-0.238675975939148,Pave,NONE,Lvl,Corner,Gtl,Mitchel,Norm,Norm,1Fam,2Story,5,7,1977,Plywood,Plywood,None,-0.567015949674981,PConc,531,0,185,716,GasA,0.268289832918241,SBrkr,0.885421060376921,-0.135898603380569,1,0,-1.02736282330994,1.23259887250509,0.169927088600022,-0.207698474525451,-0.287758288825272,0.623631660646747,Attchd,0.237174447316985,0.270476852462514,-0.740760408320604,1.31006597898377,-0.359600750132276,-0.103330530851366,3.98644743821351,GdPrv,-0.0895919598967582,Normal,0.44693779307133,1,2,2,4,2,3,4,3,3,7,3,1,2,3,2,1,0,3,0.297607266471232,0,200709
2610,85,RL,-0.232008726878616,-0.436884232454765,Pave,NONE,Lvl,Inside,Gtl,Mitchel,Norm,Norm,1Fam,SFoyer,5,7,1971,Wd Sdng,HdBoard,None,-0.567015949674981,CBlock,796,0,0,796,GasA,0.268289832918241,SBrkr,-0.785025043886639,-1.39290414769013,0,1,-1.02736282330994,-0.756321032880405,-1.04580127322219,-0.207698474525451,-0.925062116656053,-0.924311211315714,NONE,-4.15997671587587,-2.19357441132175,0.278962821323183,-0.702842766617084,-0.359600750132276,-0.103330530851366,-0.285935458023539,GdWo,-0.0895919598967582,Normal,0.44693779307133,1,2,2,2,2,3,0,0,0,7,6,1,2,3,3,3,0,0,0.297607266471232,0,200712
2611,20,RL,1.97853677434066,2.22288542343683,Pave,NONE,Lvl,Inside,Gtl,Mitchel,Norm,Norm,1Fam,1Story,4,3,1961,Plywood,Plywood,NONE,0.540218351553337,CBlock,811,0,585,1396,GasA,-3.72731232161413,SBrkr,-0.785025043886639,0.211951987497549,0,0,-1.02736282330994,-0.756321032880405,0.169927088600022,-0.207698474525451,-0.287758288825272,-0.924311211315714,Attchd,0.20158799379595,-0.133237761377847,0.460773939786803,-0.140412381816846,-0.359600750132276,-0.103330530851366,-0.285935458023539,NONE,-0.0895919598967582,Abnorml,0.44693779307133,1,2,2,2,2,3,0,3,2,7,4,1,2,3,3,1,0,1,-0.250997476711292,0,200703
2612,20,RL,-1.72562055202678,0.105493703000958,Pave,NONE,Lvl,Corner,Gtl,Mitchel,Norm,Norm,1Fam,1Story,5,6,1976,Plywood,Plywood,None,-0.567015949674981,PConc,1090,0,0,1090,GasA,0.268289832918241,SBrkr,-0.785025043886639,-0.637910251579671,1,0,-1.02736282330994,1.23259887250509,0.169927088600022,-0.207698474525451,-0.287758288825272,-0.924311211315714,Attchd,0.234950293971921,0.135905314515727,-0.740760408320604,-0.0516075842168084,-0.359600750132276,-0.103330530851366,1.28060493726338,MnPrv,-0.0895919598967582,Normal,-2.23744784062252,1,2,2,2,2,3,0,3,3,7,2,1,2,3,1,1,0,1,0.297607266471232,0,200709
2613,20,RL,0.216074820665833,0.184751643066384,Pave,NONE,Lvl,Inside,Gtl,Mitchel,Norm,Norm,1Fam,1Story,5,7,1983,HdBoard,HdBoard,None,-0.567015949674981,CBlock,596,0,220,816,GasA,0.268289832918241,SBrkr,-0.785025043886639,-1.35337567145398,1,0,-1.02736282330994,-0.756321032880405,-1.04580127322219,-0.207698474525451,-1.56236594448683,-0.924311211315714,Attchd,0.250519367387373,-0.968509376219971,1.86783390007048,-0.702842766617084,-0.359600750132276,-0.103330530851366,-0.285935458023539,MnPrv,-0.0895919598967582,Normal,0.44693779307133,1,2,2,2,2,3,0,3,3,7,5,1,2,3,2,1,0,3,0.297607266471232,0,200708
2614,20,RL,0.126458111156943,0.0353662776310689,Pave,NONE,Lvl,Inside,Gtl,Mitchel,Norm,Norm,1Fam,1Story,5,6,1984,Plywood,HdBoard,None,-0.567015949674981,CBlock,516,0,348,864,GasA,0.268289832918241,SBrkr,-0.785025043886639,-1.21304958081565,0,1,-1.02736282330994,-0.756321032880405,0.169927088600022,-0.207698474525451,-0.925062116656053,-0.924311211315714,Attchd,0.252743520732438,-0.857139827574354,0.365915964936219,-0.702842766617084,-0.359600750132276,-0.103330530851366,-0.285935458023539,NONE,-0.0895919598967582,Normal,0.44693779307133,1,2,2,2,2,3,0,3,3,7,5,1,2,3,3,1,0,2,-0.250997476711292,0,200704
2615,20,RL,-1.72562055202678,0.108917646011784,Pave,NONE,Lvl,Inside,Gtl,NAmes,Norm,Norm,1Fam,1Story,6,5,1954,Wd Sdng,Wd Sdng,Stone,-0.410437361622491,CBlock,468,539,171,1178,GasA,0.268289832918241,SBrkr,-0.785025043886639,-0.41062151322181,1,0,0.781365814350925,-0.756321032880405,-1.04580127322219,-0.207698474525451,-0.925062116656053,-0.924311211315714,Attchd,0.186018920380498,-0.0961145784959744,1.47259233819304,-0.702842766617084,-0.359600750132276,-0.103330530851366,-0.285935458023539,NONE,-0.0895919598967582,Normal,-2.23744784062252,1,2,2,3,2,3,0,3,3,7,4,3,2,3,2,1,0,2,-0.250997476711292,0,200608
2616,20,RL,0.813519550725098,0.0462721701840715,Pave,NONE,Lvl,Inside,Gtl,NAmes,Norm,Norm,1Fam,1Story,6,6,1956,VinylSd,VinylSd,BrkFace,0.797454603353855,CBlock,773,0,235,1008,GasA,0.268289832918241,SBrkr,-0.785025043886639,-0.942279518598024,1,0,-1.02736282330994,-0.756321032880405,-1.04580127322219,-0.207698474525451,-0.925062116656053,2.17157453260921,Attchd,0.190467227070627,-0.741129881068504,-0.740760408320604,-0.702842766617084,-0.359600750132276,-0.103330530851366,4.69851125425302,NONE,-0.0895919598967582,Normal,0.44693779307133,1,3,2,2,3,3,3,3,3,7,3,1,2,3,2,1,0,1,-0.250997476711292,0,200611
2617,20,RL,-1.72562055202678,0.202505421641039,Pave,NONE,Lvl,Corner,Gtl,NAmes,Norm,Norm,1Fam,1Story,5,5,1957,Wd Sdng,Wd Sdng,Stone,1.12179596431973,CBlock,1127,0,490,1617,GasA,0.268289832918241,SBrkr,-0.785025043886639,0.585496087929164,0,0,-1.02736282330994,1.23259887250509,0.169927088600022,-0.207698474525451,0.349545539005509,0.623631660646747,Attchd,0.192691380415692,2.27512872808361,-0.740760408320604,-0.702842766617084,-0.359600750132276,-0.103330530851366,-0.285935458023539,NONE,-0.0895919598967582,Normal,-2.23744784062252,1,2,2,1,2,3,3,3,3,7,3,1,2,3,2,2,0,1,-0.250997476711292,0,200609
2618,20,RL,-1.72562055202678,3.70494549630824,Pave,NONE,Low,CulDSac,Sev,NAmes,Norm,Norm,1Fam,1Story,6,6,1957,Wd Sdng,Wd Sdng,Stone,4.47705142258735,CBlock,1110,0,595,1705,GasA,0.268289832918241,SBrkr,-0.785025043886639,-0.218908403476483,1,0,-1.02736282330994,1.23259887250509,-2.26152963504441,-0.207698474525451,-1.56236594448683,2.17157453260921,Attchd,0.192691380415692,0.35864441180696,-0.740760408320604,2.0945083577841,-0.359600750132276,-0.103330530851366,-0.285935458023539,NONE,-0.0895919598967582,Abnorml,-2.23744784062252,1,2,2,4,4,3,4,3,3,6,5,1,2,3,2,4,0,1,0.297607266471232,0,200602
2619,20,RL,0.962880733239914,0.197686538885061,Pave,NONE,Lvl,Corner,Gtl,NAmes,Norm,Norm,1Fam,1Story,7,6,1969,HdBoard,HdBoard,BrkFace,1.8599521651386,CBlock,0,0,1851,1851,GasA,0.268289832918241,SBrkr,-0.785025043886639,0.692222973766769,0,0,0.781365814350925,-0.756321032880405,0.169927088600022,-0.207698474525451,0.98684936683629,0.623631660646747,Attchd,0.219381220556468,0.154466905956663,-0.740760408320604,1.45807397498383,-0.359600750132276,-0.103330530851366,-0.285935458023539,NONE,-0.0895919598967582,Normal,0.44693779307133,1,3,2,3,2,3,3,3,3,7,1,1,2,3,3,2,0,3,-0.250997476711292,0,200606
2620,60,RL,0.0667136381510165,-0.244762985736173,Pave,NONE,Lvl,Inside,Gtl,Gilbert,Norm,Norm,1Fam,2Story,6,5,1997,VinylSd,VinylSd,None,-0.567015949674981,PConc,700,0,113,813,GasA,0.268289832918241,SBrkr,0.876088959235783,0.0479088111175275,1,0,0.781365814350925,1.23259887250509,0.169927088600022,-0.207698474525451,-0.287758288825272,0.623631660646747,Attchd,0.281657514218279,-0.337415267228144,2.58717354268741,0.362814804583367,-0.359600750132276,-0.103330530851366,-0.285935458023539,NONE,-0.0895919598967582,Normal,0.44693779307133,1,2,2,4,2,3,3,3,3,7,6,1,2,3,2,1,0,3,-0.250997476711292,0,200608
2621,60,RL,-1.72562055202678,0.364318432078613,Pave,NONE,Lvl,Inside,Gtl,Gilbert,Norm,Norm,1Fam,2Story,6,5,1995,HdBoard,HdBoard,None,-0.567015949674981,PConc,0,0,781,781,GasA,0.268289832918241,SBrkr,1.29136746001639,0.336466687641421,0,0,0.781365814350925,1.23259887250509,0.169927088600022,-0.207698474525451,0.349545539005509,0.623631660646747,Attchd,0.277209207528149,-0.230686116442761,-0.740760408320604,0.540424399783442,-0.359600750132276,-0.103330530851366,-0.285935458023539,NONE,-0.0895919598967582,Normal,-2.23744784062252,1,2,2,3,2,3,3,3,3,7,1,1,2,3,1,1,0,3,0.297607266471232,0,200605
2622,60,RL,-0.112519780866763,-0.0488373578944397,Pave,NONE,Lvl,Inside,Gtl,Gilbert,Norm,Norm,1Fam,2Story,6,5,1996,HdBoard,HdBoard,None,-0.567015949674981,PConc,0,0,821,821,GasA,0.268289832918241,SBrkr,1.44301410355987,0.543991187881207,0,0,0.781365814350925,1.23259887250509,0.169927088600022,-0.207698474525451,0.349545539005509,0.623631660646747,BuiltIn,0.279433360873214,-0.137878159238081,1.52002132561833,1.01404998698364,-0.359600750132276,-0.103330530851366,-0.285935458023539,NONE,-0.0895919598967582,Normal,0.44693779307133,1,2,2,3,2,3,3,3,3,7,1,1,2,3,2,1,0,3,0.297607266471232,0,200608
2623,60,RL,-0.232008726878616,0.37535113733572,Pave,NONE,HLS,CulDSac,Gtl,Gilbert,Norm,Norm,1Fam,2Story,8,5,2005,VinylSd,VinylSd,BrkFace,0.640876015301365,PConc,0,0,1074,1074,GasA,0.268289832918241,SBrkr,1.52466998854482,1.11320124568176,0,0,0.781365814350925,1.23259887250509,1.38565545042224,-0.207698474525451,0.349545539005509,0.623631660646747,Attchd,0.299450740978796,0.251915261021577,-0.740760408320604,1.05845238578366,-0.359600750132276,-0.103330530851366,-0.285935458023539,NONE,-0.0895919598967582,Normal,0.44693779307133,1,2,3,4,3,3,4,3,3,7,1,1,2,3,2,1,0,3,0.297607266471232,0,200601
2624,60,RL,-0.470986618902322,0.454355451992937,Pave,NONE,HLS,CulDSac,Gtl,Gilbert,Norm,Norm,1Fam,2Story,7,5,2005,VinylSd,VinylSd,BrkFace,0.819822973075639,PConc,60,0,1640,1700,GasA,0.268289832918241,SBrkr,0.409483902178923,1.40571196982927,1,0,0.781365814350925,1.23259887250509,0.169927088600022,-0.207698474525451,1.62415319466707,0.623631660646747,Attchd,0.301674894323861,1.39345313463915,1.13268459497845,-0.140412381816846,-0.359600750132276,-0.103330530851366,1.76124801309005,NONE,-0.0895919598967582,Partial,0.44693779307133,1,2,3,4,3,3,4,3,3,7,6,1,2,3,2,3,0,3,0.297607266471232,0,200608
2625,160,RL,0.305691530174723,0.372814883253626,Pave,NONE,Lvl,Inside,Gtl,StoneBr,Norm,Norm,1Fam,2Story,8,5,1994,CemntBd,CmentBd,None,-0.567015949674981,PConc,0,0,2062,2062,GasA,0.268289832918241,SBrkr,0.633454329566216,2.34451328043783,0,0,0.781365814350925,1.23259887250509,1.38565545042224,-0.207698474525451,1.62415319466707,-0.924311211315714,Attchd,0.274985054183085,0.674191466302874,0.587251239587583,-0.525233171417009,-0.359600750132276,-0.103330530851366,-0.285935458023539,NONE,-0.0895919598967582,Normal,0.44693779307133,1,2,3,4,3,3,0,3,3,7,1,1,2,3,2,1,0,3,0.297607266471232,0,200604
2626,20,RL,-1.72562055202678,-0.265306643801131,Pave,NONE,Lvl,Inside,Gtl,Gilbert,Norm,Norm,1Fam,1Story,6,6,1993,HdBoard,HdBoard,BrkFace,0.0592984025349766,PConc,705,0,455,1160,GasA,0.268289832918241,SBrkr,-0.785025043886639,-0.655698065885938,0,1,0.781365814350925,-0.756321032880405,0.169927088600022,-0.207698474525451,-0.287758288825272,0.623631660646747,Attchd,0.27276090083802,-0.328134471507676,-0.740760408320604,-0.318021977016921,-0.359600750132276,-0.103330530851366,2.27749427971869,MnPrv,-0.0895919598967582,Normal,-2.23744784062252,1,2,2,3,2,3,3,3,3,7,6,1,2,3,2,1,0,3,0.297607266471232,0,200610
2627,120,RL,-0.829453456937881,-0.820112224259113,Pave,NONE,Lvl,Inside,Gtl,StoneBr,Norm,Norm,TwnhsE,1Story,8,5,1987,HdBoard,HdBoard,None,-0.567015949674981,CBlock,0,0,1191,1191,GasA,0.268289832918241,SBrkr,-0.785025043886639,-0.586523232472676,0,0,0.781365814350925,-0.756321032880405,-1.04580127322219,-0.207698474525451,-0.925062116656053,-0.924311211315714,Attchd,0.259415980767632,-0.0543509977538682,0.207819340185244,0.333213205383354,-0.359600750132276,-0.103330530851366,-0.285935458023539,NONE,-0.0895919598967582,Normal,0.44693779307133,1,2,2,2,2,3,0,3,3,7,1,1,2,3,2,1,0,2,0.297607266471232,0,200611
2628,60,RL,0.0368414016480533,0.742473915718773,Pave,NONE,HLS,CulDSac,Gtl,StoneBr,Norm,Norm,1Fam,2Story,9,5,2005,VinylSd,VinylSd,BrkFace,2.78823950859265,PConc,1218,0,180,1398,GasA,0.268289832918241,SBrkr,2.44388195094683,2.56389632354846,1,0,2.59009445201179,1.23259887250509,0.169927088600022,-0.207698474525451,2.89876085032863,0.623631660646747,BuiltIn,0.299450740978796,0.915492155035043,0.697918876913265,-0.155213181416852,-0.359600750132276,-0.103330530851366,-0.285935458023539,NONE,-0.0895919598967582,Partial,0.44693779307133,1,4,3,4,4,3,4,3,3,7,6,1,2,3,2,4,0,3,1.66911912442754,0,200606
2629,60,RL,0.0667136381510165,1.00104501938822,Pave,NONE,HLS,CulDSac,Gtl,StoneBr,Norm,Norm,1Fam,2Story,10,5,2006,CemntBd,CmentBd,BrkFace,3.1349492392803,PConc,0,0,1528,1528,GasA,0.268289832918241,SBrkr,3.55906803731273,3.73393922013849,0,0,2.59009445201179,1.23259887250509,2.60138381224446,-0.207698474525451,2.26145702249785,0.623631660646747,BuiltIn,0.301674894323861,1.32384716673564,0.871825164139338,-0.199615580216871,-0.359600750132276,-0.103330530851366,-0.285935458023539,NONE,-0.0895919598967582,Partial,0.44693779307133,1,2,4,4,4,3,5,3,3,7,1,1,2,3,2,4,0,3,1.66911912442754,0,200612
2630,60,RL,0.156330347659906,0.269335716704206,Pave,NONE,HLS,CulDSac,Gtl,StoneBr,Norm,Norm,1Fam,2Story,9,5,2006,VinylSd,VinylSd,BrkFace,0.461929057527092,PConc,205,0,889,1094,GasA,0.268289832918241,SBrkr,2.41355262223814,1.92155858471103,0,0,0.781365814350925,1.23259887250509,1.38565545042224,-0.207698474525451,2.89876085032863,0.623631660646747,BuiltIn,0.301674894323861,0.938694144336213,1.20382807611638,-0.12561158221684,-0.359600750132276,-0.103330530851366,-0.285935458023539,NONE,-0.0895919598967582,Partial,0.44693779307133,1,2,3,4,3,4,4,3,3,7,6,1,2,3,2,4,0,3,1.66911912442754,0,200610
2631,60,RL,0.723902841216208,0.746151484137809,Pave,NONE,Lvl,CulDSac,Gtl,StoneBr,Norm,Norm,1Fam,2Story,10,5,2006,VinylSd,VinylSd,Stone,3.53757989427242,PConc,1206,0,644,1850,GasA,0.268289832918241,SBrkr,1.19338039803445,2.36625394236771,1,0,0.781365814350925,1.23259887250509,1.38565545042224,-0.207698474525451,2.89876085032863,0.623631660646747,Attchd,0.301674894323861,1.22175841381049,1.23544740106658,-0.702842766617084,-0.359600750132276,-0.103330530851366,-0.285935458023539,NONE,-0.0895919598967582,Partial,0.44693779307133,1,2,4,4,4,3,4,3,3,7,6,1,2,3,2,1,0,2,1.66911912442754,0,200610
2632,60,RL,1.02262520624584,0.7296658326042,Pave,NONE,HLS,Corner,Gtl,StoneBr,Norm,Norm,1Fam,2Story,9,5,2005,VinylSd,VinylSd,BrkFace,2.50863488707034,PConc,0,0,1390,1390,GasA,0.268289832918241,SBrkr,2.4928754819378,2.55796705211304,0,0,2.59009445201179,1.23259887250509,1.38565545042224,-0.207698474525451,2.26145702249785,0.623631660646747,BuiltIn,0.299450740978796,0.869088176432703,1.40935368829265,0.806838792583555,-0.359600750132276,-0.103330530851366,-0.285935458023539,NONE,-0.0895919598967582,Partial,0.44693779307133,1,2,3,4,4,3,4,3,3,7,1,1,2,3,2,3,0,3,1.66911912442754,0,200601
2633,120,RL,0.0667136381510165,-0.256302941809699,Pave,NONE,HLS,Inside,Gtl,StoneBr,Norm,Norm,TwnhsE,1Story,9,5,2005,MetalSd,MetalSd,BrkFace,0.71916530932761,PConc,1191,0,523,1714,GasA,0.268289832918241,SBrkr,-0.785025043886639,0.421452911549143,1,0,0.781365814350925,-0.756321032880405,-1.04580127322219,-0.207698474525451,0.349545539005509,0.623631660646747,Attchd,0.299450740978796,0.205511282419237,0.492393264736998,0.11120121138326,-0.359600750132276,-0.103330530851366,-0.285935458023539,NONE,-0.0895919598967582,Normal,0.44693779307133,1,2,3,4,3,3,4,3,3,7,6,1,2,3,3,4,0,3,1.66911912442754,0,200611
2634,20,RL,0.962880733239914,1.02628074750505,Pave,NONE,HLS,Inside,Gtl,StoneBr,Norm,Norm,1Fam,1Story,9,5,2005,VinylSd,VinylSd,BrkFace,1.78166287111236,PConc,1416,0,494,1910,GasA,0.268289832918241,SBrkr,-0.785025043886639,0.986710121726085,1,0,0.781365814350925,1.23259887250509,0.169927088600022,-0.207698474525451,0.98684936683629,2.17157453260921,Attchd,0.299450740978796,1.15679284376721,2.033835356059,0.806838792583555,-0.359600750132276,-0.103330530851366,1.90366077629795,NONE,-0.0895919598967582,Normal,0.44693779307133,1,2,4,4,4,3,4,3,3,7,6,1,2,3,2,4,0,1,1.66911912442754,0,200612
2635,85,RL,-1.72562055202678,0.0375220936008484,Pave,NONE,Lvl,FR3,Gtl,NWAmes,Norm,Norm,1Fam,SFoyer,6,6,1980,HdBoard,HdBoard,BrkFace,0.159956066283005,CBlock,850,0,138,988,GasA,0.268289832918241,SBrkr,-0.785025043886639,-0.78811846127704,1,0,-1.02736282330994,-0.756321032880405,-1.04580127322219,-0.207698474525451,-0.925062116656053,0.623631660646747,Attchd,0.243846907352179,0.507137143334449,0.365915964936219,-0.377225175416946,-0.359600750132276,-0.103330530851366,-0.285935458023539,NONE,-0.0895919598967582,Normal,-2.23744784062252,1,2,2,2,2,3,3,3,3,7,6,1,2,3,2,3,0,2,0.297607266471232,0,200609
2636,60,RL,0.694030604713245,0.0458917320717574,Pave,NONE,Lvl,Inside,Gtl,NWAmes,PosA,Norm,1Fam,2Story,7,5,1978,Plywood,Plywood,BrkFace,-0.186753664404649,CBlock,0,0,945,945,GasA,0.268289832918241,SBrkr,1.34269401629264,0.704081516637614,0,0,0.781365814350925,1.23259887250509,1.38565545042224,-0.207698474525451,0.98684936683629,0.623631660646747,Attchd,0.23939860066205,0.0430973573110463,2.42117208669889,0.851241191383573,-0.359600750132276,-0.103330530851366,-0.285935458023539,GdPrv,-0.0895919598967582,Normal,0.44693779307133,1,2,2,2,2,3,3,3,3,7,1,1,2,3,3,1,0,2,-0.250997476711292,0,200610
2637,85,RL,-1.72562055202678,-0.0305763285033656,Pave,NONE,Lvl,Inside,Gtl,NWAmes,Norm,Norm,1Fam,SFoyer,7,5,1976,VinylSd,Wd Shng,Stone,0.842191342797423,CBlock,1005,0,42,1047,GasA,0.268289832918241,SBrkr,-0.785025043886639,-0.825670513701382,1,0,-1.02736282330994,-0.756321032880405,-1.04580127322219,-0.207698474525451,-0.925062116656053,0.623631660646747,Attchd,0.234950293971921,0.572102713377725,2.76898466115103,-0.702842766617084,0.26312978477287,-0.103330530851366,-0.285935458023539,NONE,-0.0895919598967582,Normal,-2.23744784062252,1,2,3,2,2,3,2,3,3,7,6,1,2,3,2,4,0,2,1.66911912442754,0,200610
2638,60,FV,0.514797185695465,-0.0832036007068084,Pave,NONE,Lvl,Inside,Gtl,Somerst,RRAn,Norm,1Fam,2Story,7,5,2005,VinylSd,VinylSd,None,-0.567015949674981,PConc,788,0,172,960,GasA,0.268289832918241,SBrkr,2.38322329352944,1.61521289388087,1,0,0.781365814350925,1.23259887250509,0.169927088600022,-0.207698474525451,0.98684936683629,0.623631660646747,BuiltIn,0.299450740978796,0.316880831064854,-0.740760408320604,2.93815393498446,-0.359600750132276,-0.103330530851366,-0.285935458023539,NONE,-0.0895919598967582,Partial,0.44693779307133,1,2,3,4,3,3,5,3,3,7,5,1,2,3,2,1,0,3,0.297607266471232,0,200609
2639,80,RL,0.694030604713245,0.0458917320717574,Pave,NONE,Lvl,Inside,Gtl,NWAmes,Norm,Norm,1Fam,SLvl,6,6,1975,Plywood,Plywood,BrkFace,0.819822973075639,CBlock,548,0,127,675,GasA,0.268289832918241,SBrkr,1.00207232464114,0.739657145250148,0,0,2.59009445201179,-0.756321032880405,0.169927088600022,-0.207698474525451,0.98684936683629,0.623631660646747,Attchd,0.232726140626856,0.0570185508917484,-0.361328508918265,-0.288420377816909,-0.359600750132276,-0.103330530851366,-0.285935458023539,NONE,-0.0895919598967582,Normal,0.44693779307133,1,2,2,2,3,2,3,3,3,7,5,1,2,3,3,1,0,2,-0.250997476711292,0,200609
2640,20,RL,0.664158368210282,-0.0213190011037238,Pave,NONE,Lvl,Inside,Gtl,NWAmes,Norm,Norm,1Fam,1Story,6,6,1974,HdBoard,Plywood,BrkFace,0.417192318083524,CBlock,755,0,348,1103,GasA,0.268289832918241,SBrkr,-0.785025043886639,-0.786142037465233,0,0,0.781365814350925,-0.756321032880405,0.169927088600022,-0.207698474525451,-0.287758288825272,-0.924311211315714,Attchd,0.230501987281791,-0.0497105998936342,1.59116480675627,0.540424399783442,-0.359600750132276,-0.103330530851366,-0.285935458023539,GdWo,-0.0895919598967582,Normal,0.44693779307133,1,2,2,2,2,3,0,3,3,7,5,1,2,3,3,1,0,1,-0.250997476711292,0,200609
2641,20,RL,0.0667136381510165,-0.376394572596832,Pave,NONE,Lvl,Inside,Gtl,NAmes,Norm,Norm,1Fam,1Story,4,4,1971,HdBoard,HdBoard,None,-0.567015949674981,CBlock,20,620,224,864,GasA,0.268289832918241,SBrkr,-0.785025043886639,-1.23874309036915,0,1,-1.02736282330994,-0.756321032880405,0.169927088600022,-0.207698474525451,-0.925062116656053,-0.924311211315714,Detchd,0.277209207528149,0.479294756173045,-0.242756040355034,-0.702842766617084,-0.359600750132276,-0.103330530851366,-0.285935458023539,NONE,-0.0895919598967582,Normal,0.44693779307133,1,2,2,2,2,3,0,3,3,7,3,2,2,3,3,1,0,1,-0.250997476711292,0,200606
2642,120,RH,-0.948942402949734,-0.176918189040168,Pave,NONE,Lvl,FR2,Gtl,NAmes,Norm,Norm,TwnhsE,1Story,6,5,2002,MetalSd,MetalSd,None,-0.567015949674981,PConc,951,0,536,1487,GasA,0.268289832918241,SBrkr,-0.785025043886639,-0.161592112934066,1,0,0.781365814350925,-0.756321032880405,-1.04580127322219,-0.207698474525451,-1.56236594448683,-0.924311211315714,Attchd,0.292778280943602,0.326161626785322,0.808586514238948,0.303611606183342,-0.359600750132276,-0.103330530851366,-0.285935458023539,NONE,-0.0895919598967582,Normal,0.44693779307133,1,2,3,4,3,3,0,3,3,7,6,1,2,3,1,1,0,3,0.297607266471232,0,200612
2643,160,RM,-1.00868687595566,-0.939442978821618,Pave,NONE,Lvl,Inside,Gtl,BrDale,Norm,Norm,TwnhsE,2Story,6,5,1973,HdBoard,HdBoard,BrkFace,2.30731955957429,CBlock,0,0,525,525,GasA,0.268289832918241,SBrkr,0.53780029286956,-0.807882699395115,0,0,-1.02736282330994,1.23259887250509,0.169927088600022,-0.207698474525451,-0.287758288825272,-0.924311211315714,Detchd,0.228277833936727,-0.151799352818783,-0.740760408320604,-0.702842766617084,-0.359600750132276,-0.103330530851366,-0.285935458023539,NONE,-0.0895919598967582,Normal,0.44693779307133,1,2,2,2,2,3,0,3,3,7,1,1,2,3,3,1,0,1,-0.250997476711292,0,200604
2644,160,RM,-1.00868687595566,-1.01553060128443,Pave,NONE,Lvl,Inside,Gtl,BrDale,Norm,Norm,TwnhsE,2Story,5,6,1973,HdBoard,HdBoard,BrkFace,0.551402536414229,CBlock,402,0,363,765,GasA,0.268289832918241,SBrkr,0.614790127283942,-0.268318998771671,0,0,-1.02736282330994,1.23259887250509,0.169927088600022,-0.207698474525451,0.349545539005509,0.623631660646747,Attchd,0.228277833936727,-0.151799352818783,-0.740760408320604,-0.170013981016859,-0.359600750132276,-0.103330530851366,-0.285935458023539,NONE,-0.0895919598967582,Normal,0.44693779307133,1,2,2,3,3,3,2,3,3,6,2,1,2,3,3,1,0,1,-0.250997476711292,0,200609
2645,160,RM,-1.09830358546455,-1.04977003139269,Pave,NONE,Lvl,Inside,Gtl,BrDale,Norm,Norm,Twnhs,2Story,6,7,1972,HdBoard,HdBoard,BrkFace,1.55797917389452,CBlock,282,0,212,494,GasA,0.268289832918241,SBrkr,0.465476509025746,-0.930420975727179,0,0,-1.02736282330994,1.23259887250509,0.169927088600022,-0.207698474525451,-0.287758288825272,-0.924311211315714,Detchd,0.228277833936727,-0.968509376219971,-0.740760408320604,-0.702842766617084,-0.359600750132276,-0.103330530851366,-0.285935458023539,NONE,-0.0895919598967582,Normal,0.44693779307133,1,2,2,4,2,3,0,3,3,7,5,1,2,3,3,1,0,1,-0.250997476711292,0,200610
2646,160,RM,-1.09830358546455,-1.07640069925467,Pave,NONE,Lvl,Inside,Gtl,BrDale,Norm,Norm,Twnhs,2Story,6,5,1972,HdBoard,HdBoard,BrkFace,2.25139863526983,CBlock,276,0,207,483,GasA,0.268289832918241,SBrkr,0.299831713770561,-1.09248772829539,0,0,-1.02736282330994,1.23259887250509,-1.04580127322219,-0.207698474525451,-0.925062116656053,-0.924311211315714,Detchd,0.226053680591662,-0.968509376219971,-0.740760408320604,-0.702842766617084,-0.359600750132276,-0.103330530851366,-0.285935458023539,NONE,-0.0895919598967582,Normal,0.44693779307133,1,2,2,2,2,3,0,3,3,7,5,1,2,3,3,1,0,1,-0.250997476711292,0,200610
2647,160,RM,-1.09830358546455,-1.07640069925467,Pave,NONE,Lvl,Inside,Gtl,BrDale,Norm,Norm,Twnhs,2Story,6,5,1972,HdBoard,HdBoard,BrkFace,2.25139863526983,CBlock,382,0,143,525,GasA,0.268289832918241,SBrkr,0.53780029286956,-0.807882699395115,0,0,-1.02736282330994,1.23259887250509,0.169927088600022,-0.207698474525451,-0.287758288825272,-0.924311211315714,Detchd,0.226053680591662,-0.968509376219971,2.04174018729655,-0.702842766617084,-0.359600750132276,-0.103330530851366,-0.285935458023539,GdPrv,-0.0895919598967582,Normal,0.44693779307133,1,2,2,3,2,3,0,3,3,7,4,1,2,3,3,1,0,1,-0.250997476711292,0,200602
2648,120,RL,-0.142392017369726,-0.776742279455312,Pave,NONE,Lvl,Inside,Gtl,NPkVill,Norm,Norm,TwnhsE,1Story,6,5,1975,Plywood,Plywood,None,-0.567015949674981,CBlock,727,156,186,1069,GasA,0.268289832918241,SBrkr,-0.785025043886639,-0.853340447066687,0,1,0.781365814350925,-0.756321032880405,-1.04580127322219,-0.207698474525451,-1.56236594448683,0.623631660646747,Attchd,0.232726140626856,-0.151799352818783,-0.740760408320604,0.11120121138326,-0.359600750132276,-0.103330530851366,3.71942350719869,NONE,-0.0895919598967582,Normal,0.44693779307133,1,2,2,3,2,3,1,3,3,7,5,4,2,3,3,1,0,2,0.297607266471232,0,200610
2649,20,RL,0.216074820665833,-0.336575383507962,Pave,NONE,Lvl,Inside,Gtl,NAmes,Norm,Norm,1Fam,1Story,5,7,1967,MetalSd,MetalSd,None,-0.567015949674981,CBlock,373,108,462,943,GasA,0.268289832918241,SBrkr,-0.785025043886639,-0.224837674911906,1,0,-1.02736282330994,-0.756321032880405,0.169927088600022,-0.207698474525451,-0.287758288825272,0.623631660646747,Attchd,0.230501987281791,-0.801455053251546,-0.740760408320604,-0.702842766617084,3.3767824592986,-0.103330530851366,-0.285935458023539,NONE,-0.0895919598967582,Normal,0.44693779307133,1,2,2,2,2,3,3,3,3,7,5,3,2,3,3,2,0,2,-0.250997476711292,0,200612
2650,120,RL,-1.00868687595566,-1.00031307679187,Pave,NONE,Lvl,FR2,Gtl,NPkVill,Norm,Norm,Twnhs,1Story,7,7,1976,Plywood,Brk Cmn,None,-0.567015949674981,CBlock,120,492,443,1055,GasA,0.268289832918241,SBrkr,-0.785025043886639,-0.881010380431992,1,0,0.781365814350925,-0.756321032880405,-1.04580127322219,-0.207698474525451,-1.56236594448683,-0.924311211315714,Attchd,0.234950293971921,-0.7132874939071,-0.740760408320604,-0.273619578216902,-0.359600750132276,-0.103330530851366,-0.285935458023539,NONE,-0.0895919598967582,Normal,0.44693779307133,1,2,2,2,2,3,0,3,3,7,5,4,2,3,3,1,0,1,-0.250997476711292,0,200607
2651,160,RL,-1.00868687595566,-1.01312115990644,Pave,NONE,Lvl,Inside,Gtl,NPkVill,Norm,Norm,Twnhs,2Story,6,5,1976,Plywood,Brk Cmn,None,-0.567015949674981,CBlock,70,0,785,855,GasA,0.268289832918241,SBrkr,0.617123152569226,-0.0884644318971892,0,0,0.781365814350925,1.23259887250509,0.169927088600022,-0.207698474525451,-0.287758288825272,0.623631660646747,Attchd,0.234950293971921,-0.0589913956141022,-0.740760408320604,-0.288420377816909,-0.359600750132276,-0.103330530851366,-0.285935458023539,NONE,-0.0895919598967582,Normal,0.44693779307133,1,2,2,3,2,3,3,3,3,7,5,1,2,3,3,1,0,2,0.297607266471232,0,200610
2652,60,RL,0.425180476186576,0.788633740012877,Pave,NONE,Lvl,Inside,Gtl,NridgHt,Norm,Norm,1Fam,2Story,9,5,2006,VinylSd,VinylSd,Stone,0.635283922870919,PConc,1369,0,369,1738,GasA,0.268289832918241,SBrkr,1.2003794738903,2.1508237468807,1,0,0.781365814350925,1.23259887250509,1.38565545042224,-0.207698474525451,2.89876085032863,0.623631660646747,Attchd,0.301674894323861,1.66259621053272,-0.740760408320604,-0.702842766617084,-0.359600750132276,-0.103330530851366,-0.285935458023539,NONE,-0.0895919598967582,Partial,0.44693779307133,1,2,3,3,4,4,4,3,3,7,6,1,2,3,2,1,0,2,1.66911912442754,0,200611
2653,20,RL,1.56032546329918,0.760227694293429,Pave,NONE,Lvl,Corner,Gtl,NridgHt,Norm,Norm,1Fam,1Story,8,5,2004,VinylSd,VinylSd,BrkFace,0.730349494188502,PConc,0,0,1618,1618,GasA,0.268289832918241,SBrkr,-0.785025043886639,0.231716225615624,0,0,0.781365814350925,-0.756321032880405,-1.04580127322219,-0.207698474525451,-0.287758288825272,0.623631660646747,Attchd,0.297226587633731,1.88997570568419,-0.740760408320604,-0.702842766617084,-0.359600750132276,-0.103330530851366,-0.285935458023539,NONE,-0.0895919598967582,Normal,0.44693779307133,1,2,3,4,3,3,4,3,3,7,1,1,2,3,3,3,0,3,0.297607266471232,0,200610
2654,20,RL,1.50058099029325,0.261219703641507,Pave,NONE,Lvl,Corner,Gtl,NridgHt,Norm,Norm,1Fam,1Story,7,5,2006,VinylSd,VinylSd,Stone,0.584955090996905,PConc,0,0,1721,1721,GasA,0.268289832918241,SBrkr,-0.785025043886639,0.472839930656138,0,0,0.781365814350925,-0.756321032880405,1.38565545042224,-0.207698474525451,0.98684936683629,-0.924311211315714,Attchd,0.301674894323861,1.86213331852278,-0.740760408320604,-0.0664083838168147,-0.359600750132276,-0.103330530851366,-0.285935458023539,NONE,-0.0895919598967582,Partial,0.44693779307133,1,2,3,4,3,4,0,3,3,7,1,1,2,3,3,1,0,2,1.66911912442754,0,200612
2655,20,RL,1.85904782832881,0.584845724516654,Pave,NONE,HLS,Corner,Mod,NridgHt,Norm,Norm,1Fam,1Story,9,5,2005,VinylSd,VinylSd,BrkFace,2.60929255081837,PConc,1505,0,363,1868,GasA,0.268289832918241,SBrkr,-0.785025043886639,0.725822178567496,1,0,0.781365814350925,-0.756321032880405,-1.04580127322219,-0.207698474525451,0.349545539005509,0.623631660646747,Attchd,0.299450740978796,2.84125726703216,2.05754984977165,0.126002010983267,-0.359600750132276,-0.103330530851366,2.49111342453054,NONE,-0.0895919598967582,Normal,0.44693779307133,1,2,4,4,4,3,4,3,3,7,6,1,2,3,2,4,0,3,1.66911912442754,0,200609
2656,60,RL,1.85904782832881,0.482761497712385,Pave,NONE,Lvl,Corner,Gtl,NridgHt,Norm,Norm,1Fam,2Story,9,5,2005,VinylSd,VinylSd,BrkFace,2.36883257630919,PConc,0,0,1090,1090,GasA,0.268289832918241,SBrkr,1.75563949178797,1.39385342695843,0,0,0.781365814350925,1.23259887250509,1.38565545042224,-0.207698474525451,2.26145702249785,0.623631660646747,BuiltIn,0.299450740978796,0.915492155035043,0.429154614836609,0.703233195383511,-0.359600750132276,-0.103330530851366,-0.285935458023539,NONE,-0.0895919598967582,Partial,0.44693779307133,1,2,3,4,4,3,4,3,3,7,1,1,2,3,2,3,0,3,0.297607266471232,0,200611
2657,60,RL,0.723902841216208,-0.0286741379417953,Pave,NONE,Lvl,Inside,Gtl,NridgHt,Norm,Norm,1Fam,2Story,9,5,2005,MetalSd,MetalSd,BrkFace,1.58593963604675,PConc,1290,0,316,1606,GasA,0.268289832918241,SBrkr,0.302164739055845,1.16656468860057,1,0,0.781365814350925,1.23259887250509,0.169927088600022,-0.207698474525451,0.98684936683629,0.623631660646747,Attchd,0.299450740978796,0.224072873860173,0.79277685176385,0.540424399783442,-0.359600750132276,-0.103330530851366,-0.285935458023539,NONE,-0.0895919598967582,Partial,0.44693779307133,1,2,4,4,4,4,4,3,3,7,6,1,2,3,2,3,0,2,1.66911912442754,0,200608
2658,60,RL,1.35121980777844,0.342253021564398,Pave,NONE,Lvl,Corner,Gtl,NridgHt,Norm,Norm,1Fam,2Story,8,5,2005,CemntBd,CmentBd,NONE,-0.567015949674981,PConc,0,0,1209,1209,GasA,0.268289832918241,SBrkr,1.65065335395017,1.48674534611338,0,0,0.781365814350925,1.23259887250509,0.169927088600022,-0.207698474525451,0.98684936683629,0.623631660646747,Attchd,0.299450740978796,0.474654358312811,1.18011358240374,1.39887077658381,-0.359600750132276,-0.103330530851366,-0.285935458023539,NONE,-0.0895919598967582,Partial,0.44693779307133,1,2,3,4,4,3,4,3,3,7,1,1,2,3,2,3,0,3,1.66911912442754,0,200610
2659,60,RL,0.723902841216208,0.0638991360546222,Pave,NONE,Lvl,Inside,Gtl,NridgHt,Norm,Norm,1Fam,2Story,8,5,2006,VinylSd,VinylSd,None,-0.567015949674981,PConc,0,0,1054,1054,GasA,0.268289832918241,SBrkr,2.3295637119679,1.7555389845192,0,0,0.781365814350925,1.23259887250509,1.38565545042224,-0.207698474525451,2.26145702249785,0.623631660646747,BuiltIn,0.301674894323861,0.924772950755511,0.650489889487973,0.244408407783317,-0.359600750132276,-0.103330530851366,-0.285935458023539,NONE,-0.0895919598967582,Partial,0.44693779307133,1,2,3,3,3,3,4,3,3,7,1,1,2,3,2,4,0,3,1.66911912442754,0,200603
2660,60,RL,0.723902841216208,0.187034271740268,Pave,NONE,Lvl,Inside,Gtl,NridgHt,Norm,Norm,1Fam,2Story,8,5,2005,MetalSd,MetalSd,BrkFace,0.227061175448358,PConc,880,0,644,1524,GasA,0.268289832918241,SBrkr,1.11405753833478,1.69426984635317,1,0,0.781365814350925,1.23259887250509,1.38565545042224,-0.207698474525451,2.26145702249785,0.623631660646747,BuiltIn,0.299450740978796,1.44449751110172,0.207819340185244,-0.199615580216871,-0.359600750132276,-0.103330530851366,-0.285935458023539,NONE,-0.0895919598967582,Partial,0.44693779307133,1,2,3,4,4,3,4,3,3,7,6,1,2,3,2,3,0,3,1.66911912442754,0,200611
2661,20,RL,1.88892006483177,0.455243140921669,Pave,NONE,Lvl,Inside,Gtl,NridgHt,Norm,Norm,1Fam,1Story,9,5,2005,VinylSd,VinylSd,BrkFace,1.83758379541682,PConc,1232,0,560,1792,GasA,0.268289832918241,SBrkr,-0.785025043886639,0.575613968870127,1,0,0.781365814350925,-0.756321032880405,-1.04580127322219,-0.207698474525451,-0.287758288825272,0.623631660646747,Attchd,0.299450740978796,2.09879360939472,0.871825164139338,0.0223964137832229,-0.359600750132276,-0.103330530851366,-0.285935458023539,NONE,-0.0895919598967582,Partial,0.44693779307133,1,2,4,4,3,3,4,3,3,7,6,1,2,3,2,4,0,2,1.66911912442754,0,200606
2662,20,RL,2.18764242986141,0.590932734313679,Pave,NONE,Lvl,Corner,Gtl,NridgHt,Norm,Norm,1Fam,1Story,9,5,2004,MetalSd,MetalSd,BrkFace,3.20205434844565,PConc,1383,0,397,1780,GasA,0.268289832918241,SBrkr,-0.785025043886639,0.551896883128437,1,0,0.781365814350925,-0.756321032880405,-1.04580127322219,-0.207698474525451,0.349545539005509,0.623631660646747,Attchd,0.297226587633731,1.59299024262921,0.397535289886414,0.303611606183342,-0.359600750132276,-0.103330530851366,-0.285935458023539,NONE,-0.0895919598967582,Normal,0.44693779307133,1,2,4,4,4,3,4,3,3,7,6,1,2,3,2,4,0,3,1.66911912442754,0,200611
2663,60,RL,-1.72562055202678,0.386383842592827,Pave,NONE,Lvl,Corner,Gtl,NridgHt,Norm,Norm,1Fam,2Story,8,5,2004,VinylSd,VinylSd,BrkFace,0.0592984025349766,PConc,994,0,426,1420,GasA,0.268289832918241,SBrkr,0.3534912953321,0.81673767391064,1,0,0.781365814350925,1.23259887250509,0.169927088600022,-0.207698474525451,1.62415319466707,0.623631660646747,BuiltIn,0.297226587633731,1.26816239241283,0.587251239587583,1.17685878258371,-0.359600750132276,-0.103330530851366,-0.285935458023539,NONE,-0.0895919598967582,Normal,-2.23744784062252,1,2,3,4,3,3,3,3,3,7,6,1,2,3,2,1,0,2,0.297607266471232,0,200605
2664,120,RL,-0.291753199884543,-0.539856148187767,Pave,NONE,Lvl,Inside,Gtl,NridgHt,Norm,Norm,TwnhsE,1Story,9,5,2005,MetalSd,MetalSd,BrkFace,0.98758574598902,PConc,472,0,1088,1560,GasA,0.268289832918241,SBrkr,-0.785025043886639,0.126965763589827,1,0,0.781365814350925,-0.756321032880405,-1.04580127322219,-0.207698474525451,-0.287758288825272,0.623631660646747,Attchd,0.299450740978796,0.386486798968364,0.808586514238948,0.126002010983267,-0.359600750132276,-0.103330530851366,-0.285935458023539,NONE,-0.0895919598967582,Normal,0.44693779307133,1,2,4,4,4,3,4,3,3,7,6,1,2,3,3,1,0,2,1.66911912442754,0,200606
2665,20,RL,0.0965858746539798,-0.307915712380304,Pave,NONE,Lvl,Inside,Gtl,NridgHt,Norm,Norm,TwnhsE,1Story,9,5,2006,MetalSd,MetalSd,BrkFace,2.32968792929607,PConc,1023,0,663,1686,GasA,0.268289832918241,SBrkr,-0.785025043886639,0.366113044818533,1,0,0.781365814350925,-0.756321032880405,-2.26152963504441,-0.207698474525451,-0.287758288825272,0.623631660646747,Attchd,0.301674894323861,1.97814326502863,1.36192470086736,0.777237193383542,-0.359600750132276,-0.103330530851366,-0.285935458023539,NONE,-0.0895919598967582,Partial,0.44693779307133,1,2,3,4,4,4,4,3,3,7,6,1,2,3,3,1,0,3,1.66911912442754,0,200609
2666,120,RL,-0.291753199884543,-0.481268678891404,Pave,NONE,Lvl,Inside,Gtl,NridgHt,Norm,Norm,TwnhsE,1Story,9,5,2006,MetalSd,MetalSd,BrkFace,2.63166092054016,PConc,415,0,1251,1666,GasA,0.268289832918241,SBrkr,-0.785025043886639,0.326584568582383,1,0,0.781365814350925,-0.756321032880405,-1.04580127322219,-0.207698474525451,-0.287758288825272,0.623631660646747,Attchd,0.301674894323861,0.474654358312811,1.06154111384051,0.407217203383386,-0.359600750132276,-0.103330530851366,-0.285935458023539,NONE,-0.0895919598967582,Partial,0.44693779307133,1,2,4,4,3,4,4,3,3,7,6,1,2,3,3,1,0,2,1.66911912442754,0,200609
2667,60,RL,0.216074820665833,0.00873560976908573,Pave,NONE,Lvl,Inside,Gtl,Gilbert,RRAn,Norm,1Fam,2Story,6,5,2005,VinylSd,VinylSd,None,-0.567015949674981,PConc,0,0,728,728,GasA,0.268289832918241,SBrkr,0.913417363800332,-0.0884644318971892,0,0,0.781365814350925,1.23259887250509,0.169927088600022,-0.207698474525451,0.98684936683629,0.623631660646747,Attchd,0.299450740978796,-0.383819245830484,-0.740760408320604,-0.347623576216934,-0.359600750132276,-0.103330530851366,-0.285935458023539,NONE,-0.0895919598967582,Partial,0.44693779307133,1,2,3,4,3,3,4,3,3,7,1,1,2,3,3,1,0,3,0.297607266471232,0,200605
2668,60,RL,0.216074820665833,0.00873560976908573,Pave,NONE,Lvl,Inside,Gtl,Gilbert,RRAn,Norm,1Fam,2Story,7,5,2006,VinylSd,VinylSd,None,-0.567015949674981,PConc,0,0,738,738,GasA,0.268289832918241,SBrkr,0.974076021217724,-0.0173131746721196,0,0,0.781365814350925,1.23259887250509,0.169927088600022,-0.207698474525451,0.98684936683629,-0.924311211315714,Attchd,0.301674894323861,-0.151799352818783,-0.740760408320604,-0.229217179416884,-0.359600750132276,-0.103330530851366,-0.285935458023539,NONE,-0.0895919598967582,Partial,0.44693779307133,1,2,3,4,3,3,0,3,3,7,1,1,2,3,3,1,0,3,0.297607266471232,0,200612
2669,20,RL,1.32134757127547,0.189190087710048,Pave,NONE,Lvl,Inside,Gtl,Gilbert,Norm,Norm,1Fam,1Story,6,5,2006,VinylSd,VinylSd,None,-0.567015949674981,PConc,0,0,1326,1326,GasA,0.268289832918241,SBrkr,-0.785025043886639,-0.345399527432163,0,0,0.781365814350925,-0.756321032880405,0.169927088600022,-0.207698474525451,-0.287758288825272,-0.924311211315714,Attchd,0.301674894323861,-0.212124525001825,0.0497227154342694,-0.702842766617084,-0.359600750132276,-0.103330530851366,-0.285935458023539,NONE,-0.0895919598967582,Partial,0.44693779307133,1,2,3,4,3,3,0,3,3,7,1,1,2,3,2,3,0,3,0.297607266471232,0,200610
2670,60,RL,1.14211415225769,0.185512519291012,Pave,NONE,Lvl,Corner,Gtl,Gilbert,Norm,Norm,1Fam,2Story,8,5,2004,VinylSd,VinylSd,BrkFace,0.752717863910286,PConc,0,0,1052,1052,GasA,0.268289832918241,SBrkr,2.29690135797392,1.72391620353028,0,0,0.781365814350925,1.23259887250509,1.38565545042224,-0.207698474525451,1.62415319466707,0.623631660646747,BuiltIn,0.297226587633731,0.73915703634615,0.207819340185244,-0.0220059850167959,-0.359600750132276,-0.103330530851366,-0.285935458023539,NONE,-0.0895919598967582,Partial,0.44693779307133,1,2,3,4,3,3,4,3,3,7,1,1,2,3,2,3,0,3,0.297607266471232,0,200609
2671,60,RL,0.514797185695465,-0.138874377808764,Pave,NONE,Lvl,Inside,Gtl,Gilbert,Norm,Norm,1Fam,2Story,7,5,2006,VinylSd,VinylSd,None,-0.567015949674981,PConc,0,0,738,738,GasA,0.268289832918241,SBrkr,0.974076021217724,-0.0173131746721196,0,0,0.781365814350925,1.23259887250509,0.169927088600022,-0.207698474525451,0.98684936683629,-0.924311211315714,Attchd,0.301674894323861,-0.151799352818783,0.0497227154342694,-0.229217179416884,-0.359600750132276,-0.103330530851366,-0.285935458023539,NONE,-0.0895919598967582,Partial,0.44693779307133,1,2,3,4,3,3,0,3,3,7,1,1,2,3,2,1,0,3,0.297607266471232,0,200602
2672,120,RL,-0.441114382399359,-0.897975224579387,Pave,NONE,Lvl,Inside,Gtl,Blmngtn,Norm,Norm,TwnhsE,1Story,7,5,2006,VinylSd,VinylSd,BrkFace,-0.488726655648736,PConc,453,0,767,1220,GasA,0.268289832918241,SBrkr,-0.785025043886639,-0.270295422583478,1,0,0.781365814350925,-0.756321032880405,-1.04580127322219,-0.207698474525451,-0.287758288825272,0.623631660646747,Attchd,0.301674894323861,-0.165720546399485,0.0497227154342694,-0.466029973016984,-0.359600750132276,-0.103330530851366,-0.285935458023539,NONE,-0.0895919598967582,Partial,0.44693779307133,1,2,3,4,3,3,4,3,3,7,6,1,2,3,3,3,0,3,0.297607266471232,0,200603
2673,120,RL,-1.72562055202678,-0.916870317490985,Pave,NONE,Lvl,Inside,Gtl,Blmngtn,Norm,Norm,TwnhsE,1Story,7,5,2002,VinylSd,VinylSd,BrkFace,-0.343332252457139,PConc,1038,0,330,1368,GasA,0.268289832918241,SBrkr,-0.785025043886639,0.0202388777522227,1,0,0.781365814350925,-0.756321032880405,-1.04580127322219,-0.207698474525451,-0.925062116656053,0.623631660646747,Attchd,0.292778280943602,-0.346696062948612,0.286867652560731,-0.258818778616896,-0.359600750132276,-0.103330530851366,-0.285935458023539,NONE,-0.0895919598967582,Normal,-2.23744784062252,1,2,3,4,3,3,3,3,3,7,6,1,2,3,3,3,0,3,0.297607266471232,0,200608
2674,120,RM,-1.72562055202678,-0.899877415140958,Pave,NONE,Lvl,Inside,Gtl,Blmngtn,Norm,Norm,TwnhsE,1Story,7,5,2004,VinylSd,VinylSd,BrkFace,-0.466358285926952,PConc,1059,0,306,1365,GasA,0.268289832918241,SBrkr,-0.785025043886639,0.0933665587890998,1,0,0.781365814350925,-0.756321032880405,-1.04580127322219,-0.207698474525451,0.349545539005509,0.623631660646747,Attchd,0.297226587633731,-0.393100041550952,0.389630458648865,-0.406826774616959,-0.359600750132276,-0.103330530851366,-0.285935458023539,NONE,-0.0895919598967582,Normal,-2.23744784062252,1,2,3,4,3,3,3,3,3,7,6,1,2,3,3,1,0,3,0.297607266471232,0,200612
2675,120,RL,-0.441114382399359,-0.907739802795448,Pave,NONE,Lvl,Inside,Gtl,Blmngtn,Norm,Norm,TwnhsE,1Story,7,5,2005,VinylSd,VinylSd,BrkFace,-0.488726655648736,PConc,16,0,1126,1142,GasA,0.268289832918241,SBrkr,-0.785025043886639,-0.709061508804741,0,0,0.781365814350925,-0.756321032880405,-1.04580127322219,-0.207698474525451,-0.287758288825272,-0.924311211315714,Attchd,0.299450740978796,-0.151799352818783,-0.029325596941218,-0.702842766617084,-0.359600750132276,-0.103330530851366,-0.285935458023539,NONE,-0.0895919598967582,Partial,0.44693779307133,1,2,3,4,3,3,0,3,3,7,6,1,2,3,3,4,0,3,0.297607266471232,0,200609
2676,60,RL,0.0368414016480533,-0.126446732806505,Pave,NONE,Lvl,Inside,Gtl,Gilbert,Norm,Norm,1Fam,2Story,7,5,2004,VinylSd,VinylSd,None,-0.567015949674981,PConc,0,0,848,848,GasA,0.268289832918241,SBrkr,0.964743920076587,0.192187749379474,0,0,0.781365814350925,1.23259887250509,0.169927088600022,-0.207698474525451,0.349545539005509,0.623631660646747,Attchd,0.297226587633731,-0.184282137840421,0.0497227154342694,0.00759561418321662,-0.359600750132276,-0.103330530851366,-0.285935458023539,NONE,-0.0895919598967582,Normal,0.44693779307133,1,2,3,4,3,3,4,3,3,7,1,1,2,3,2,3,0,3,0.297607266471232,0,200610
2677,60,RL,-1.72562055202678,-0.191501650012206,Pave,NONE,Lvl,Inside,Gtl,Gilbert,Norm,Norm,1Fam,2Story,6,5,2000,VinylSd,VinylSd,None,-0.567015949674981,PConc,732,0,250,982,GasA,0.268289832918241,SBrkr,1.27037023244883,0.767327078615453,0,0,0.781365814350925,1.23259887250509,0.169927088600022,-0.207698474525451,1.62415319466707,0.623631660646747,Attchd,0.288329974253473,-0.193562933560889,-0.740760408320604,-0.702842766617084,-0.359600750132276,-0.103330530851366,-0.285935458023539,NONE,-0.0895919598967582,Normal,-2.23744784062252,1,2,2,4,2,3,3,3,3,7,5,1,2,3,2,1,0,3,0.297607266471232,0,200607
2678,60,RL,-1.72562055202678,0.245494928332526,Pave,NONE,Lvl,FR3,Gtl,Gilbert,Norm,Norm,1Fam,2Story,7,5,2006,VinylSd,VinylSd,None,-0.567015949674981,PConc,0,0,1035,1035,GasA,0.268289832918241,SBrkr,2.10792630986589,1.6231185891281,0,0,2.59009445201179,1.23259887250509,1.38565545042224,-0.207698474525451,0.98684936683629,-0.924311211315714,Attchd,0.301674894323861,0.66955106844264,2.42117208669889,-0.0368067846168022,-0.359600750132276,-0.103330530851366,-0.285935458023539,NONE,-0.0895919598967582,Partial,-2.23744784062252,1,2,3,3,3,3,0,3,3,7,1,1,2,3,2,1,0,2,0.297607266471232,0,200611
2679,60,RL,0.783647314222135,-0.0644353204993155,Pave,NONE,Lvl,Inside,Gtl,NoRidge,Norm,Norm,1Fam,2Story,8,5,1998,VinylSd,VinylSd,BrkFace,0.786270418492963,PConc,791,0,253,1044,GasA,0.268289832918241,SBrkr,1.30769863701338,0.939275950242705,1,0,0.781365814350925,1.23259887250509,0.169927088600022,-0.207698474525451,0.349545539005509,0.623631660646747,Attchd,0.283881667563343,1.91317769498536,0.91925415156463,-0.24401797901689,-0.359600750132276,-0.103330530851366,-0.285935458023539,NONE,-0.0895919598967582,Normal,0.44693779307133,1,2,3,4,3,3,5,3,3,7,6,1,2,3,2,1,0,3,0.297607266471232,0,200605
2680,60,RL,0.753775077719171,-0.0790187814713539,Pave,NONE,Lvl,Corner,Gtl,NoRidge,Norm,Norm,1Fam,2Story,8,5,2000,VinylSd,VinylSd,BrkFace,1.23363781292865,PConc,505,0,655,1160,GasA,0.268289832918241,SBrkr,1.61565797467091,1.44919329368904,1,0,0.781365814350925,1.23259887250509,0.169927088600022,-0.207698474525451,0.349545539005509,0.623631660646747,BuiltIn,0.288329974253473,1.37025114533798,-0.740760408320604,0.0371972133832291,-0.359600750132276,-0.103330530851366,-0.285935458023539,NONE,-0.0895919598967582,Normal,0.44693779307133,1,2,3,4,3,3,3,3,3,7,6,1,2,3,3,2,0,2,0.297607266471232,0,200609
2681,60,RL,-1.72562055202678,-0.118584345152015,Pave,NONE,Lvl,Inside,Gtl,NoRidge,Norm,Norm,1Fam,2Story,9,5,2000,VinylSd,VinylSd,BrkFace,4.3372491118262,PConc,1182,0,358,1540,GasA,0.268289832918241,SBrkr,2.28290320626222,2.67655248082149,1,0,0.781365814350925,1.23259887250509,1.38565545042224,-0.207698474525451,1.62415319466707,0.623631660646747,Attchd,0.288329974253473,1.39809353249938,1.21173290735393,0.11120121138326,-0.359600750132276,-0.103330530851366,-0.285935458023539,NONE,-0.0895919598967582,Normal,-2.23744784062252,1,2,3,4,4,3,3,3,3,7,6,1,2,3,2,3,0,2,1.66911912442754,0,200606
2682,60,RL,0.753775077719171,-0.0189095597257349,Pave,NONE,Lvl,Inside,Gtl,NoRidge,Norm,Norm,1Fam,2Story,8,5,1995,VinylSd,VinylSd,BrkFace,1.6530447452121,PConc,527,0,815,1342,GasA,0.268289832918241,SBrkr,2.40655354638229,2.42159380909832,0,0,0.781365814350925,1.23259887250509,1.38565545042224,-0.207698474525451,1.62415319466707,0.623631660646747,Attchd,0.277209207528149,1.17071403734791,1.68602278160686,1.79849236578397,2.25586749646934,-0.103330530851366,-0.285935458023539,NONE,-0.0895919598967582,Normal,0.44693779307133,1,2,3,4,3,3,5,3,3,7,5,1,2,3,2,1,0,2,0.297607266471232,0,200609
2683,60,RL,1.67981440931103,0.89705860202238,Pave,NONE,Lvl,Inside,Gtl,NoRidge,Norm,Norm,1Fam,2Story,9,5,1993,MetalSd,MetalSd,BrkFace,3.5599482639942,PConc,292,1393,48,1733,GasA,0.268289832918241,SBrkr,2.87082557815386,3.95134583943732,1,0,2.59009445201179,1.23259887250509,1.38565545042224,-0.207698474525451,2.89876085032863,0.623631660646747,Attchd,0.27276090083802,2.25656713664268,6.13644276834679,0.570025998983455,-0.359600750132276,-0.103330530851366,3.45239957618388,NONE,-0.0895919598967582,Normal,0.44693779307133,1,3,3,4,4,3,3,3,3,7,3,6,2,3,2,4,0,2,1.66911912442754,0,200608
2684,60,RL,-1.72562055202678,0.00860879706498104,Pave,NONE,Lvl,Inside,Gtl,NoRidge,Norm,Norm,1Fam,2Story,8,5,1994,VinylSd,VinylSd,BrkFace,2.23462235797849,PConc,380,168,742,1290,GasA,0.268289832918241,SBrkr,1.9889420203164,1.96306348475898,1,0,0.781365814350925,1.23259887250509,1.38565545042224,-0.207698474525451,1.62415319466707,0.623631660646747,Attchd,0.274985054183085,1.53266507044617,0.840205839189143,0.703233195383511,-0.359600750132276,-0.103330530851366,-0.285935458023539,GdPrv,-0.0895919598967582,Normal,-2.23744784062252,1,2,3,4,3,3,3,3,3,7,6,4,2,3,2,4,0,3,0.297607266471232,0,200609
2685,60,RL,-1.72562055202678,0.306491839006878,Pave,NONE,Lvl,Inside,Gtl,NoRidge,Norm,Norm,1Fam,2Story,8,5,1993,HdBoard,ImStucc,BrkFace,1.78166287111236,PConc,247,1039,0,1286,GasA,0.268289832918241,SBrkr,2.09392815815419,2.56587274736027,1,0,0.781365814350925,1.23259887250509,0.169927088600022,-0.207698474525451,0.98684936683629,0.623631660646747,Attchd,0.27276090083802,1.073265682283,2.67412668630045,1.31006597898377,-0.359600750132276,-0.103330530851366,-0.285935458023539,NONE,-0.0895919598967582,Normal,-2.23744784062252,1,2,3,4,3,3,3,3,3,7,2,6,2,3,2,1,0,3,0.297607266471232,0,200602
2686,60,RL,0.514797185695465,0.288991685840432,Pave,NONE,Lvl,Inside,Gtl,Somerst,RRAn,Norm,1Fam,2Story,8,5,2005,CemntBd,CmentBd,Stone,0.50666579697066,PConc,0,0,1100,1100,GasA,0.268289832918241,SBrkr,1.19338039803445,0.915558864501015,0,0,0.781365814350925,1.23259887250509,0.169927088600022,-0.207698474525451,0.98684936683629,0.623631660646747,BuiltIn,0.299450740978796,1.33312796245611,0.840205839189143,0.333213205383354,-0.359600750132276,-0.103330530851366,-0.285935458023539,NONE,-0.0895919598967582,Partial,0.44693779307133,1,2,3,4,3,4,4,3,3,7,1,1,2,3,2,1,0,3,0.297607266471232,0,200601
2687,20,RL,-0.261880963381579,0.640389688914504,Pave,NONE,Lvl,CulDSac,Gtl,Somerst,RRAn,Norm,1Fam,1Story,8,5,2006,VinylSd,VinylSd,NONE,-0.567015949674981,PConc,1562,0,108,1670,GasA,0.268289832918241,SBrkr,-0.785025043886639,0.334490263829613,1,0,0.781365814350925,1.23259887250509,-1.04580127322219,-0.207698474525451,-0.287758288825272,0.623631660646747,Attchd,0.301674894323861,2.11271480297542,-0.740760408320604,2.84934913738442,2.75405192439345,-0.103330530851366,-0.285935458023539,NONE,-0.0895919598967582,Partial,0.44693779307133,1,2,3,4,3,4,4,3,3,7,6,1,2,3,2,1,0,2,1.66911912442754,0,200612
2688,20,RL,0.813519550725098,0.0973776899382581,Pave,NONE,Lvl,Corner,Gtl,Somerst,Feedr,Norm,1Fam,1Story,8,5,2006,VinylSd,VinylSd,BrkFace,-0.231490403848218,PConc,0,0,1504,1504,GasA,0.268289832918241,SBrkr,-0.785025043886639,0.00640391106957028,0,0,0.781365814350925,-0.756321032880405,0.169927088600022,-0.207698474525451,0.349545539005509,-0.924311211315714,Attchd,0.301674894323861,0.173028497397599,0.397535289886414,-0.702842766617084,-0.359600750132276,-0.103330530851366,-0.285935458023539,NONE,-0.0895919598967582,Partial,0.44693779307133,1,2,3,4,3,3,0,3,3,7,1,1,2,3,3,1,0,3,0.297607266471232,0,200612
2689,20,FV,0.425180476186576,-0.193784278686091,Pave,NONE,Lvl,Inside,Gtl,Somerst,Norm,Norm,1Fam,1Story,8,5,2006,VinylSd,VinylSd,None,-0.567015949674981,PConc,24,0,1254,1278,GasA,0.268289832918241,SBrkr,-0.785025043886639,-0.440267870398922,0,0,0.781365814350925,-0.756321032880405,-1.04580127322219,-0.207698474525451,-0.925062116656053,-0.924311211315714,Attchd,0.301674894323861,0.516417939054917,-0.740760408320604,0.185205209383292,-0.359600750132276,-0.103330530851366,-0.285935458023539,NONE,-0.0895919598967582,Partial,0.44693779307133,1,2,3,4,3,3,0,3,3,7,6,1,2,3,3,1,0,2,0.297607266471232,0,200602
2690,60,FV,1.26160309826955,0.379662769275279,Pave,NONE,Lvl,Corner,Gtl,Somerst,Feedr,Norm,1Fam,2Story,9,5,2006,VinylSd,VinylSd,None,-0.567015949674981,PConc,1836,0,200,2036,GasA,0.268289832918241,SBrkr,0.624122228425079,2.25162136128288,1,0,2.59009445201179,1.23259887250509,0.169927088600022,-0.207698474525451,2.89876085032863,0.623631660646747,Attchd,0.301674894323861,1.48162069398359,-0.740760408320604,3.21936912738458,-0.359600750132276,-0.103330530851366,-0.285935458023539,NONE,-0.0895919598967582,Partial,0.44693779307133,1,2,3,4,4,3,4,3,3,7,6,1,2,3,3,1,0,2,1.66911912442754,0,200603
2691,60,FV,0.216074820665833,-0.259092821300002,Pave,NONE,Lvl,Inside,Gtl,Somerst,Norm,Norm,1Fam,2Story,6,5,2005,VinylSd,VinylSd,None,-0.567015949674981,PConc,0,0,858,858,GasA,0.268289832918241,SBrkr,1.21671065088729,0.425405759172758,0,0,0.781365814350925,1.23259887250509,0.169927088600022,-0.207698474525451,0.349545539005509,-0.924311211315714,Attchd,0.299450740978796,0.660270272722172,-0.740760408320604,0.0815996121832479,-0.359600750132276,-0.103330530851366,-0.285935458023539,NONE,-0.0895919598967582,Normal,0.44693779307133,1,2,3,4,3,3,0,3,3,7,1,1,2,3,3,1,0,2,0.297607266471232,0,200605
2692,20,RL,0.484924949192502,-0.308803401309037,Pave,NONE,Lvl,Inside,Gtl,SawyerW,Norm,Norm,1Fam,1Story,6,5,2005,VinylSd,VinylSd,None,-0.567015949674981,PConc,24,0,1118,1142,GasA,0.268289832918241,SBrkr,-0.785025043886639,-0.709061508804741,0,0,-1.02736282330994,1.23259887250509,0.169927088600022,-0.207698474525451,-0.925062116656053,-0.924311211315714,NONE,-4.15997671587587,-2.19357441132175,-0.709141083370409,0.0371972133832291,-0.359600750132276,-0.103330530851366,-0.285935458023539,NONE,-0.0895919598967582,Normal,0.44693779307133,1,2,2,4,3,3,0,0,0,7,6,1,2,3,2,2,0,0,-0.250997476711292,0,200601
2693,20,RL,0.992752969742877,0.10853720789947,Pave,NONE,Lvl,Corner,Gtl,SawyerW,Norm,Norm,1Fam,1Story,7,5,2005,VinylSd,VinylSd,BrkFace,0.0928509571176528,PConc,0,0,1400,1400,GasA,0.268289832918241,SBrkr,-0.785025043886639,-0.199144165358409,0,0,0.781365814350925,-0.756321032880405,0.169927088600022,-0.207698474525451,-0.287758288825272,-0.924311211315714,Attchd,0.299450740978796,0.64634907914147,0.397535289886414,0.11120121138326,-0.359600750132276,-0.103330530851366,-0.285935458023539,NONE,-0.0895919598967582,Partial,0.44693779307133,1,2,3,4,3,3,0,3,3,7,1,1,2,3,2,3,0,2,0.297607266471232,0,200602
2694,20,RL,0.156330347659906,0.368249625905858,Pave,NONE,Lvl,Inside,Gtl,SawyerW,RRAe,Norm,1Fam,1Story,6,5,2005,VinylSd,VinylSd,None,-0.567015949674981,PConc,0,0,1131,1131,GasA,0.268289832918241,SBrkr,-0.785025043886639,-0.730802170734623,0,0,-1.02736282330994,1.23259887250509,0.169927088600022,-0.207698474525451,-0.287758288825272,-0.924311211315714,NONE,-4.15997671587587,-2.19357441132175,-0.740760408320604,-0.12561158221684,-0.359600750132276,-0.103330530851366,-0.285935458023539,NONE,-0.0895919598967582,Partial,0.44693779307133,1,2,2,4,3,3,0,0,0,7,1,1,2,3,3,1,0,0,0.297607266471232,0,200606
2695,60,RL,0.216074820665833,-0.300306950134023,Pave,NONE,Lvl,Inside,Gtl,SawyerW,Norm,Norm,1Fam,2Story,7,5,2005,VinylSd,VinylSd,BrkFace,0.394823948361739,PConc,0,0,891,891,GasA,0.268289832918241,SBrkr,1.06973005791438,0.366113044818533,0,0,0.781365814350925,1.23259887250509,0.169927088600022,-0.207698474525451,0.98684936683629,-0.924311211315714,Attchd,0.299450740978796,-0.0497105998936342,0.397535289886414,0.792037992983548,-0.359600750132276,-0.103330530851366,-0.285935458023539,NONE,-0.0895919598967582,Normal,0.44693779307133,1,2,3,4,3,3,0,3,3,7,1,1,2,3,3,1,0,3,0.297607266471232,0,200607
2696,60,RL,0.484924949192502,-0.32161148442361,Pave,NONE,Lvl,Inside,Gtl,SawyerW,Norm,Norm,1Fam,2Story,7,5,2005,VinylSd,VinylSd,BrkFace,-0.0301750763521602,PConc,0,0,784,784,GasA,0.268289832918241,SBrkr,0.974076021217724,0.166494239825977,0,0,0.781365814350925,1.23259887250509,0.169927088600022,-0.207698474525451,0.349545539005509,-0.924311211315714,Attchd,0.299450740978796,-0.110035772076677,0.0497227154342694,0.436818802583398,-0.359600750132276,-0.103330530851366,-0.285935458023539,NONE,-0.0895919598967582,Normal,0.44693779307133,1,2,3,4,3,3,0,3,3,7,1,1,2,3,2,1,0,2,0.297607266471232,0,200606
2697,60,RL,0.365436003180649,-0.236393347265264,Pave,NONE,Lvl,Inside,Gtl,SawyerW,Norm,Norm,1Fam,2Story,6,5,1997,VinylSd,VinylSd,None,-0.567015949674981,PConc,0,0,941,941,GasA,0.268289832918241,SBrkr,1.30536561172809,0.664553040401464,0,0,0.781365814350925,1.23259887250509,0.169927088600022,-0.207698474525451,0.349545539005509,-0.924311211315714,Attchd,0.281657514218279,0.999019316519255,0.444964277311706,1.73928916738395,-0.359600750132276,-0.103330530851366,-0.285935458023539,GdPrv,-0.0895919598967582,Normal,0.44693779307133,1,2,2,4,2,3,0,3,3,7,1,1,2,3,2,1,0,2,0.297607266471232,0,200610
2698,60,RL,0.365436003180649,-0.101211004689673,Pave,NONE,Lvl,Inside,Gtl,SawyerW,Norm,Norm,1Fam,2Story,6,5,1992,HdBoard,HdBoard,None,-0.567015949674981,PConc,758,0,78,836,GasA,0.268289832918241,SBrkr,1.28436838416054,0.45505211634987,1,0,0.781365814350925,1.23259887250509,0.169927088600022,-0.207698474525451,0.349545539005509,-0.924311211315714,Attchd,0.270536747492955,-0.0497105998936342,1.68602278160686,0.555225199383448,-0.359600750132276,-0.103330530851366,3.70162191179771,NONE,5.19856862688758,Family,0.44693779307133,1,2,3,4,3,3,0,3,3,7,5,1,2,3,1,1,0,2,0.297607266471232,0,200602
2699,120,RL,-0.232008726878616,-0.379564890199449,Pave,NONE,Lvl,Inside,Gtl,SawyerW,Norm,Norm,TwnhsE,1Story,6,5,1990,Plywood,Plywood,None,-0.567015949674981,PConc,904,0,494,1398,GasA,0.268289832918241,SBrkr,-0.785025043886639,-0.203097012982023,1,0,0.781365814350925,-0.756321032880405,-1.04580127322219,-0.207698474525451,-0.925062116656053,-0.924311211315714,Attchd,0.266088440802826,0.321521228925088,-0.740760408320604,-0.0220059850167959,-0.359600750132276,-0.103330530851366,-0.285935458023539,MnPrv,-0.0895919598967582,Normal,0.44693779307133,1,2,3,3,3,3,0,3,3,7,6,1,2,3,3,1,0,2,0.297607266471232,0,200610
2700,120,RL,-0.232008726878616,-0.379564890199449,Pave,NONE,Lvl,Inside,Gtl,SawyerW,Norm,Norm,TwnhsE,1Story,6,5,1991,Plywood,Plywood,None,-0.567015949674981,PConc,278,0,939,1217,GasA,0.268289832918241,SBrkr,-0.785025043886639,-0.560829722919179,0,0,0.781365814350925,-0.756321032880405,-1.04580127322219,-0.207698474525451,-0.925062116656053,-0.924311211315714,Attchd,0.268312594147891,0.0523781530315144,-0.740760408320604,0.244408407783317,-0.359600750132276,-0.103330530851366,-0.285935458023539,NONE,-0.0895919598967582,Normal,0.44693779307133,1,2,3,3,3,3,0,3,3,7,6,1,2,3,3,1,0,2,0.297607266471232,0,200609
2701,60,RL,-1.72562055202678,-0.145722263830416,Pave,NONE,Lvl,Inside,Gtl,SawyerW,RRAe,Norm,1Fam,2Story,6,5,1994,VinylSd,VinylSd,None,-0.567015949674981,PConc,274,0,362,636,GasA,0.268289832918241,SBrkr,0.810764251247823,-0.357258070303008,0,0,0.781365814350925,1.23259887250509,0.169927088600022,-0.207698474525451,-0.287758288825272,-0.924311211315714,Attchd,0.274985054183085,-0.00330662129129393,-0.740760408320604,-0.110810782616833,-0.359600750132276,-0.103330530851366,-0.285935458023539,NONE,-0.0895919598967582,Normal,-2.23744784062252,1,2,2,4,3,3,0,3,3,7,5,1,2,3,2,1,0,3,0.297607266471232,0,200610
2702,20,RL,0.365436003180649,-0.135450434797937,Pave,NONE,Lvl,Inside,Gtl,Sawyer,RRAe,Norm,1Fam,1Story,5,4,1962,Wd Sdng,Wd Sdng,BrkFace,-0.281819235722232,CBlock,36,0,952,988,GasA,0.268289832918241,SBrkr,-0.785025043886639,-1.01343077582309,1,0,-1.02736282330994,-0.756321032880405,0.169927088600022,-0.207698474525451,-0.287758288825272,-0.924311211315714,Detchd,0.237174447316985,0.702033853464278,-0.740760408320604,-0.702842766617084,-0.359600750132276,-0.103330530851366,-0.285935458023539,NONE,-0.0895919598967582,Normal,0.44693779307133,1,2,2,4,2,3,0,3,3,7,2,1,2,3,3,1,0,1,-0.250997476711292,0,200610
2703,90,RM,0.305691530174723,-0.157389032608047,Pave,NONE,Lvl,Inside,Gtl,Sawyer,RRAe,Norm,Duplex,1.5Fin,6,6,1977,VinylSd,VinylSd,None,-0.567015949674981,CBlock,0,0,0,0,GasA,0.268289832918241,SBrkr,0.0735282610979837,0.302867482840694,0,0,0.781365814350925,-0.756321032880405,1.38565545042224,4.45593111885755,2.26145702249785,-0.924311211315714,Attchd,0.237174447316985,0.256555658881811,-0.740760408320604,-0.702842766617084,-0.359600750132276,-0.103330530851366,-0.285935458023539,NONE,-0.0895919598967582,Normal,0.44693779307133,0,3,2,2,2,0,0,3,3,7,0,0,2,3,3,0,0,2,-4.91413779376274,0,200611
2704,20,RL,-1.72562055202678,-0.117696656223282,Pave,NONE,Lvl,Inside,Gtl,Sawyer,Norm,Norm,1Fam,1Story,5,6,1962,HdBoard,HdBoard,None,-0.567015949674981,CBlock,612,0,252,864,GasA,0.268289832918241,SBrkr,-0.785025043886639,-0.572688265790024,0,0,-1.02736282330994,-0.756321032880405,-1.04580127322219,-0.207698474525451,-0.287758288825272,0.623631660646747,Detchd,0.226053680591662,0.479294756173045,0.531917420924742,-0.702842766617084,-0.359600750132276,-0.103330530851366,-0.285935458023539,MnPrv,-0.0895919598967582,Normal,-2.23744784062252,1,2,2,3,2,3,3,3,3,6,4,1,2,3,2,1,0,1,-0.250997476711292,0,200606
2705,20,RL,-1.72562055202678,-0.109073392344163,Pave,NONE,Lvl,CulDSac,Gtl,Sawyer,RRNe,Norm,1Fam,1Story,5,5,1965,HdBoard,HdBoard,None,-0.567015949674981,CBlock,554,0,430,984,GasA,0.268289832918241,SBrkr,-0.785025043886639,-1.02133647107032,0,0,-1.02736282330994,-0.756321032880405,0.169927088600022,-0.207698474525451,-0.925062116656053,-0.924311211315714,Attchd,0.210484607176209,-0.755051074649206,-0.740760408320604,-0.702842766617084,-0.359600750132276,-0.103330530851366,-0.285935458023539,MnPrv,-0.0895919598967582,Normal,-2.23744784062252,1,2,2,2,2,3,0,3,3,7,3,1,2,3,2,1,0,1,-0.250997476711292,0,200610
2706,20,RL,0.216074820665833,-0.21787869246598,Pave,NONE,Lvl,Inside,Gtl,Sawyer,RRAe,Norm,1Fam,1Story,5,6,1968,Plywood,Plywood,BrkFace,-0.0637276309348365,CBlock,162,270,450,882,GasA,0.268289832918241,SBrkr,-0.785025043886639,-1.16956825695589,0,0,-1.02736282330994,-0.756321032880405,0.169927088600022,-0.207698474525451,-0.925062116656053,-0.924311211315714,Attchd,0.217157067211403,-0.82929744041295,-0.740760408320604,1.59128117138389,-0.359600750132276,-0.103330530851366,-0.285935458023539,MnPrv,-0.0895919598967582,Normal,0.44693779307133,1,2,2,2,2,3,0,3,3,7,4,3,2,3,3,1,0,1,-0.250997476711292,0,200603
2707,20,RL,-1.72562055202678,-0.1940379040943,Pave,NONE,Lvl,Inside,Gtl,Sawyer,RRAe,Norm,1Fam,1Story,5,6,1963,HdBoard,HdBoard,None,-0.567015949674981,PConc,181,0,744,925,GasA,0.268289832918241,SBrkr,-0.785025043886639,-1.13794547596697,1,0,-1.02736282330994,-0.756321032880405,-1.04580127322219,-0.207698474525451,-0.925062116656053,-0.924311211315714,Detchd,0.266088440802826,0.0523781530315144,0.863920332901789,0.392416403783379,-0.359600750132276,-0.103330530851366,-0.285935458023539,NONE,-0.0895919598967582,Normal,-2.23744784062252,1,2,2,3,2,3,0,3,3,7,5,1,2,3,2,1,0,1,-0.250997476711292,0,200602
2708,20,RL,-1.72562055202678,0.365713371823764,Pave,NONE,Lvl,CulDSac,Gtl,Sawyer,Norm,Norm,1Fam,1Story,5,6,1965,HdBoard,HdBoard,None,-0.567015949674981,CBlock,712,0,312,1024,GasA,0.268289832918241,SBrkr,-0.785025043886639,-0.942279518598024,0,0,-1.02736282330994,1.23259887250509,0.169927088600022,-0.207698474525451,-0.925062116656053,-0.924311211315714,Attchd,0.210484607176209,-0.764331870369674,-0.740760408320604,-0.702842766617084,-0.359600750132276,-0.103330530851366,-0.285935458023539,MnPrv,-0.0895919598967582,Normal,-2.23744784062252,1,2,2,2,2,3,0,3,3,7,3,1,2,3,2,1,0,1,-0.250997476711292,0,200601
2709,20,RL,-1.72562055202678,-0.272408155230993,Pave,NONE,Lvl,Inside,Gtl,Sawyer,Norm,Norm,1Fam,1Story,5,6,1964,HdBoard,HdBoard,None,-0.567015949674981,CBlock,644,0,268,912,GasA,-3.72731232161413,SBrkr,-0.785025043886639,-1.16363898552046,0,0,-1.02736282330994,-0.756321032880405,0.169927088600022,-0.207698474525451,-0.287758288825272,-0.924311211315714,NONE,-4.15997671587587,-2.19357441132175,-0.740760408320604,-0.702842766617084,-0.359600750132276,-0.103330530851366,-0.285935458023539,GdWo,-0.0895919598967582,Normal,-2.23744784062252,1,2,2,2,2,3,0,0,0,7,5,1,2,3,2,1,0,0,-0.250997476711292,0,200607
2710,20,RL,-1.72562055202678,-0.174889185774493,Pave,NONE,Lvl,Inside,Gtl,Sawyer,Norm,Norm,1Fam,1Story,5,6,1967,VinylSd,VinylSd,None,-0.567015949674981,CBlock,659,0,253,912,GasA,0.268289832918241,SBrkr,-0.785025043886639,-1.10632269497805,0,0,-1.02736282330994,-0.756321032880405,0.169927088600022,-0.207698474525451,-0.287758288825272,0.623631660646747,Attchd,0.214932913866338,-0.857139827574354,-0.234851209117485,-0.702842766617084,-0.359600750132276,-0.103330530851366,-0.285935458023539,NONE,-0.0895919598967582,Normal,-2.23744784062252,1,2,2,2,2,3,1,3,3,7,3,1,2,3,2,2,0,1,-0.250997476711292,0,200609
2711,80,RL,1.26160309826955,0.527780007669547,Pave,NONE,Low,Corner,Gtl,Veenker,Norm,Norm,1Fam,SLvl,7,4,1974,WdShing,Wd Sdng,BrkFace,0.243837452739696,CBlock,1023,497,228,1748,GasA,0.268289832918241,SBrkr,0.36982247232909,2.26347990415372,1,2,0.781365814350925,-0.756321032880405,0.169927088600022,-0.207698474525451,1.62415319466707,5.26746027653413,Attchd,0.230501987281791,0.35864441180696,4.32623641494813,0.777237193383542,-0.359600750132276,-0.103330530851366,-0.285935458023539,GdPrv,-0.0895919598967582,Normal,0.44693779307133,1,1,3,3,3,3,3,3,3,4,5,4,2,3,2,4,3,2,0.297607266471232,0,200601
2712,60,RL,1.41096428078436,0.108664020603575,Pave,NONE,HLS,Inside,Mod,NoRidge,Norm,Norm,1Fam,2Story,8,5,1992,HdBoard,ImStucc,BrkFace,3.30271201219368,PConc,1118,0,216,1334,GasA,0.268289832918241,SBrkr,2.26190597869466,2.61923619027907,1,0,0.781365814350925,1.23259887250509,0.169927088600022,-0.207698474525451,1.62415319466707,3.71951740457167,Attchd,0.270536747492955,1.92709888856606,0.658394720725522,2.37572355018422,2.53609623717665,-0.103330530851366,-0.285935458023539,NONE,-0.0895919598967582,Normal,0.44693779307133,1,2,3,4,3,3,3,3,3,7,6,1,2,3,3,4,0,2,1.66911912442754,0,200602
2713,120,FV,-0.709964510926028,-0.829369551658755,Pave,Pave,Lvl,Inside,Gtl,Somerst,Norm,Norm,TwnhsE,1Story,7,5,2004,MetalSd,MetalSd,None,-0.567015949674981,PConc,0,0,1143,1143,GasA,0.268289832918241,SBrkr,-0.785025043886639,-0.707085084992933,0,0,-1.02736282330994,1.23259887250509,-2.26152963504441,-0.207698474525451,-0.925062116656053,0.623631660646747,Attchd,0.297226587633731,0.534979530495853,-0.740760408320604,2.12410995698411,-0.359600750132276,-0.103330530851366,-0.285935458023539,NONE,-0.0895919598967582,Normal,0.44693779307133,1,2,3,4,3,3,4,3,3,7,1,1,2,3,3,1,0,2,0.297607266471232,0,200608
2714,160,FV,-1.00868687595566,-0.966834522908229,Pave,Pave,Lvl,Inside,Gtl,Somerst,Norm,Norm,Twnhs,2Story,7,5,2005,MetalSd,MetalSd,None,-0.567015949674981,PConc,0,0,600,600,GasA,0.268289832918241,SBrkr,0.66844970884548,-0.548971180048334,0,0,0.781365814350925,1.23259887250509,-1.04580127322219,-0.207698474525451,-1.56236594448683,-0.924311211315714,Detchd,0.299450740978796,0.0338165615905783,-0.740760408320604,1.75408996698396,-0.359600750132276,-0.103330530851366,-0.285935458023539,NONE,-0.0895919598967582,Normal,0.44693779307133,1,2,3,4,3,3,0,3,3,7,1,1,2,3,3,1,0,2,0.297607266471232,0,200610
2715,160,FV,-1.72562055202678,-0.909261555244704,Pave,NONE,Lvl,Inside,Gtl,Somerst,Norm,Norm,TwnhsE,2Story,6,5,2000,MetalSd,MetalSd,BrkFace,2.30172746714384,PConc,353,0,403,756,GasA,0.268289832918241,SBrkr,0.978742071788293,0.04593238730572,0,0,0.781365814350925,1.23259887250509,-1.04580127322219,-0.207698474525451,-1.56236594448683,-0.924311211315714,Detchd,0.288329974253473,-0.151799352818783,-0.740760408320604,-0.229217179416884,-0.359600750132276,-0.103330530851366,-0.285935458023539,NONE,-0.0895919598967582,Normal,-2.23744784062252,1,2,3,4,3,3,0,3,3,7,6,1,2,3,3,1,0,1,0.297607266471232,0,200609
2716,160,FV,-1.72562055202678,-0.72550994699702,Pave,NONE,Lvl,FR2,Gtl,Somerst,Norm,Norm,TwnhsE,2Story,7,5,2003,VinylSd,VinylSd,None,-0.567015949674981,PConc,0,0,530,530,GasA,0.268289832918241,SBrkr,0.498138863019727,-0.831599785136805,0,0,0.781365814350925,1.23259887250509,-1.04580127322219,-0.207698474525451,-1.56236594448683,-0.924311211315714,Attchd,0.295002434288667,0.108062927354323,-0.740760408320604,0.0371972133832291,-0.359600750132276,-0.103330530851366,-0.285935458023539,NONE,-0.0895919598967582,Normal,-2.23744784062252,1,2,3,4,3,3,0,3,3,7,1,1,2,3,2,1,0,2,0.297607266471232,0,200610
2717,60,FV,1.67981440931103,-0.235125220224217,Pave,Pave,Lvl,Corner,Gtl,Somerst,Norm,Norm,1Fam,2Story,7,5,1997,Wd Sdng,Wd Sdng,None,-0.567015949674981,PConc,0,0,569,569,GasA,0.268289832918241,SBrkr,1.17471619575217,0.381924435312993,0,0,0.781365814350925,1.23259887250509,0.169927088600022,-0.207698474525451,-0.287758288825272,0.623631660646747,BuiltIn,0.281657514218279,-0.179641739980187,-0.740760408320604,4.95106268058531,-0.359600750132276,-0.103330530851366,1.67224003608511,GdPrv,-0.0895919598967582,Normal,0.44693779307133,1,2,3,4,3,3,3,3,3,7,1,1,2,3,2,1,0,1,0.297607266471232,0,200603
2718,20,FV,0.0667136381510165,-0.378930826678926,Pave,Pave,Lvl,Inside,Gtl,Somerst,Norm,Norm,1Fam,1Story,8,5,2001,CemntBd,CmentBd,None,-0.567015949674981,PConc,0,0,1568,1568,GasA,0.268289832918241,SBrkr,-0.785025043886639,0.13289503502525,0,0,0.781365814350925,-0.756321032880405,0.169927088600022,-0.207698474525451,-0.287758288825272,0.623631660646747,Attchd,0.290554127598537,0.423609981850236,-0.740760408320604,3.23416992698458,-0.359600750132276,-0.103330530851366,-0.285935458023539,NONE,-0.0895919598967582,Normal,0.44693779307133,1,2,3,4,3,3,3,3,3,7,1,1,2,3,2,1,0,2,0.297607266471232,0,200612
2719,190,RL,0.634286131707318,0.373068508661836,Pave,NONE,Lvl,Corner,Gtl,NWAmes,RRAn,Feedr,2fmCon,1Story,5,6,1972,Plywood,Plywood,BrkFace,0.23824536030925,CBlock,962,0,191,1153,GasA,0.268289832918241,SBrkr,-0.785025043886639,-0.608263894402559,1,0,0.781365814350925,-0.756321032880405,-1.04580127322219,-0.207698474525451,-0.287758288825272,-0.924311211315714,Attchd,0.226053680591662,0.131264916655493,0.365915964936219,1.56167957218387,-0.359600750132276,-0.103330530851366,-0.285935458023539,MnPrv,-0.0895919598967582,Normal,0.44693779307133,1,2,2,4,2,3,0,3,3,7,6,1,2,3,2,1,0,3,0.297607266471232,0,200610
2720,20,RL,0.604413895204355,-0.00356522252906838,Pave,NONE,Lvl,Inside,Gtl,NWAmes,RRAn,Norm,1Fam,1Story,7,6,1967,HdBoard,HdBoard,BrkFace,0.909296451962776,CBlock,553,68,713,1334,GasA,0.268289832918241,SBrkr,-0.785025043886639,-0.329588136937703,1,0,0.781365814350925,-0.756321032880405,0.169927088600022,-0.207698474525451,0.349545539005509,-0.924311211315714,Attchd,0.214932913866338,0.0198953680098762,-0.740760408320604,-0.406826774616959,0.185288467909727,-0.103330530851366,4.41368572783721,NONE,-0.0895919598967582,Normal,0.44693779307133,1,2,2,3,2,3,0,3,3,7,4,2,2,3,3,1,0,2,-0.250997476711292,0,200607
2721,20,RL,0.664158368210282,-0.0720440827455964,Pave,NONE,Lvl,Corner,Gtl,NAmes,Feedr,Norm,1Fam,1Story,5,5,1968,MetalSd,MetalSd,None,-0.567015949674981,CBlock,758,0,293,1051,GasA,0.268289832918241,SBrkr,-0.785025043886639,-0.888916075679222,1,0,-1.02736282330994,-0.756321032880405,0.169927088600022,-0.207698474525451,-0.287758288825272,-0.924311211315714,Attchd,0.217157067211403,0.145186110236195,-0.740760408320604,-0.702842766617084,-0.359600750132276,-0.103330530851366,-0.285935458023539,NONE,-0.0895919598967582,Normal,0.44693779307133,1,2,2,3,2,3,0,3,3,7,5,1,2,3,3,1,0,2,-0.250997476711292,0,200610
2722,60,RL,0.425180476186576,-0.193784278686091,Pave,NONE,Lvl,Inside,Gtl,NAmes,Feedr,Norm,1Fam,2Story,5,5,1968,HdBoard,HdBoard,BrkFace,1.11061177945883,CBlock,361,483,56,900,GasA,0.268289832918241,SBrkr,1.28203535887525,0.532132645010362,1,0,-1.02736282330994,1.23259887250509,1.38565545042224,-0.207698474525451,0.349545539005509,-0.924311211315714,Attchd,0.217157067211403,0.26583645460228,-0.740760408320604,0.185205209383292,-0.359600750132276,-0.103330530851366,4.52049530024314,NONE,0.712445729098867,Normal,0.44693779307133,1,2,2,4,2,2,0,3,3,7,5,3,2,3,3,2,0,2,0.297607266471232,0,200609
2723,20,RL,0.604413895204355,-0.10247913173072,Pave,NONE,Lvl,Inside,Gtl,NAmes,Feedr,Norm,1Fam,1Story,6,7,1968,HdBoard,HdBoard,BrkFace,0.568178813705567,CBlock,760,0,216,976,GasA,0.268289832918241,SBrkr,-0.785025043886639,-1.03714786156478,1,0,-1.02736282330994,-0.756321032880405,-1.04580127322219,-0.207698474525451,-1.56236594448683,0.623631660646747,Attchd,0.217157067211403,0.145186110236195,0.00229372800897695,-0.702842766617084,-0.359600750132276,-0.103330530851366,-0.285935458023539,NONE,-0.0895919598967582,Abnorml,0.44693779307133,1,2,2,2,3,3,2,3,3,7,5,1,2,3,3,3,0,2,-0.250997476711292,0,200611
2724,85,RL,0.365436003180649,-0.224219327671214,Pave,NONE,Lvl,Inside,Gtl,NAmes,Feedr,Norm,1Fam,SFoyer,5,6,1968,HdBoard,HdBoard,None,-0.567015949674981,CBlock,744,0,89,833,GasA,0.268289832918241,SBrkr,-0.785025043886639,-1.19130891888577,1,0,-1.02736282330994,-0.756321032880405,0.169927088600022,-0.207698474525451,-0.287758288825272,-0.924311211315714,Attchd,0.217157067211403,-0.680804708885462,0.389630458648865,-0.702842766617084,-0.359600750132276,-0.103330530851366,-0.285935458023539,NONE,-0.0895919598967582,Normal,0.44693779307133,1,2,2,3,2,3,0,3,3,7,6,1,2,3,3,4,0,2,0.297607266471232,0,200611
2725,20,RL,-1.72562055202678,-0.0518808627929521,Pave,NONE,Lvl,Inside,Gtl,NAmes,Norm,Norm,1Fam,1Story,5,5,1966,Plywood,Plywood,None,-0.567015949674981,CBlock,799,0,252,1051,GasA,0.268289832918241,SBrkr,-0.785025043886639,-0.888916075679222,1,0,-1.02736282330994,-0.756321032880405,0.169927088600022,-0.207698474525451,-0.287758288825272,-0.924311211315714,Attchd,0.212708760521274,-0.968509376219971,0.697918876913265,0.599627598183467,-0.359600750132276,-0.103330530851366,-0.285935458023539,NONE,-0.0895919598967582,Normal,-2.23744784062252,1,2,2,2,2,3,0,3,3,7,4,1,2,3,2,1,0,2,-0.250997476711292,0,200606
2726,80,RL,0.664158368210282,-0.0720440827455964,Pave,NONE,Lvl,Inside,Gtl,NAmes,Norm,Norm,1Fam,SLvl,5,7,1967,MetalSd,MetalSd,BrkFace,0.215876990587466,PConc,602,402,137,1141,GasA,0.268289832918241,SBrkr,-0.785025043886639,-0.711037932616548,1,0,-1.02736282330994,-0.756321032880405,0.169927088600022,-0.207698474525451,-0.287758288825272,-0.924311211315714,Attchd,0.214932913866338,0.442171573291172,-0.740760408320604,0.451619602183404,-0.359600750132276,-0.103330530851366,-0.285935458023539,NONE,-0.0895919598967582,Normal,0.44693779307133,1,2,2,3,2,3,0,3,3,7,5,3,2,3,3,3,0,1,-0.250997476711292,0,200610
2727,190,RL,0.664158368210282,-0.173494246029342,Pave,NONE,Lvl,Inside,Gtl,NAmes,RRAn,Norm,2fmCon,1Story,6,7,1965,BrkFace,VinylSd,None,-0.567015949674981,PConc,901,252,34,1187,GasA,0.268289832918241,SBrkr,-0.785025043886639,0.126965763589827,1,0,0.781365814350925,-0.756321032880405,0.169927088600022,-0.207698474525451,0.349545539005509,2.17157453260921,Attchd,0.210484607176209,-0.80609545111178,0.840205839189143,-0.332822776616927,2.92530282149237,-0.103330530851366,-0.285935458023539,MnPrv,0.721259330076841,Abnorml,0.44693779307133,1,3,2,4,3,3,3,3,3,6,5,4,2,3,3,2,0,2,-0.250997476711292,0,200609
2728,20,RL,-1.72562055202678,0.025348074006799,Pave,NONE,Lvl,CulDSac,Gtl,NAmes,Norm,Norm,1Fam,1Story,6,6,1964,HdBoard,HdBoard,BrkFace,0.0592984025349766,CBlock,260,748,0,1008,GasA,0.268289832918241,SBrkr,-0.785025043886639,-0.0252188699193495,1,0,-1.02736282330994,1.23259887250509,0.169927088600022,-0.207698474525451,0.349545539005509,0.623631660646747,Attchd,0.208260453831144,-0.198203331421123,0.476583602261901,0.185205209383292,-0.359600750132276,-0.103330530851366,-0.285935458023539,NONE,-0.0895919598967582,Normal,-2.23744784062252,1,2,2,4,2,3,4,3,3,7,5,2,2,3,2,1,0,3,-0.250997476711292,0,200607
2729,60,RL,0.813519550725098,-0.103747258771767,Pave,NONE,Lvl,Inside,Gtl,NAmes,Norm,Norm,1Fam,2Story,5,6,1964,HdBoard,HdBoard,None,-0.567015949674981,CBlock,360,0,360,720,GasA,0.268289832918241,SBrkr,0.894753161518058,-0.120087212886109,0,0,-1.02736282330994,1.23259887250509,1.38565545042224,-0.207698474525451,0.349545539005509,0.623631660646747,Attchd,0.208260453831144,0.0338165615905783,-0.740760408320604,-0.229217179416884,3.3767824592986,-0.103330530851366,-0.285935458023539,NONE,-0.0895919598967582,Normal,0.44693779307133,1,2,2,3,2,3,1,3,3,7,5,1,2,3,3,1,0,3,-0.250997476711292,0,200610
2730,20,RL,0.664158368210282,0.0801311621800214,Pave,NONE,Lvl,Inside,Gtl,NAmes,Norm,Norm,1Fam,1Story,5,7,1960,Wd Sdng,Wd Sdng,BrkFace,-0.0749118157957285,CBlock,632,0,616,1248,GasA,0.268289832918241,SBrkr,-0.785025043886639,-0.499560584753147,1,0,-1.02736282330994,-0.756321032880405,0.169927088600022,-0.207698474525451,-0.287758288825272,-0.924311211315714,Attchd,0.199363840450886,-0.866420623294823,-0.740760408320604,-0.702842766617084,-0.359600750132276,-0.103330530851366,-0.285935458023539,MnPrv,-0.0895919598967582,Normal,0.44693779307133,1,2,2,4,2,3,0,3,3,7,5,1,2,3,3,1,0,1,-0.250997476711292,0,200608
2731,30,RL,0.0667136381510165,-0.205197422055512,Pave,NONE,Lvl,Inside,Gtl,NAmes,Norm,Norm,1Fam,1Story,6,8,1934,MetalSd,MetalSd,None,-0.567015949674981,CBlock,574,0,242,816,GasA,0.268289832918241,SBrkr,-0.785025043886639,-1.35337567145398,1,0,-1.02736282330994,-0.756321032880405,-1.04580127322219,-0.207698474525451,-1.56236594448683,0.623631660646747,Attchd,0.174898153655174,-1.07987892486559,1.06154111384051,-0.702842766617084,0.26312978477287,-0.103330530851366,-0.285935458023539,MnPrv,-0.0895919598967582,Normal,0.44693779307133,1,2,2,4,2,3,2,3,3,7,4,1,2,3,3,1,0,1,-0.250997476711292,0,200610
2732,20,RL,0.305691530174723,-0.0563193074366159,Pave,NONE,Lvl,Inside,Gtl,NAmes,Norm,Norm,1Fam,1Story,5,7,1947,BrkFace,BrkFace,None,-0.567015949674981,CBlock,0,0,938,938,GasA,0.268289832918241,SBrkr,-0.785025043886639,-0.904727466173682,0,0,-1.02736282330994,-0.756321032880405,-1.04580127322219,-0.207698474525451,-0.925062116656053,0.623631660646747,Detchd,0.170449846965045,-0.926745795477865,0.247343496372988,0.00759561418321662,-0.359600750132276,-0.103330530851366,-0.285935458023539,GdWo,-0.0895919598967582,Normal,0.44693779307133,1,2,2,4,2,3,4,3,3,7,1,1,2,3,3,1,0,1,-0.250997476711292,0,200608
2733,20,RL,0.664158368210282,-0.0720440827455964,Pave,NONE,Lvl,Inside,Gtl,NAmes,Norm,Norm,1Fam,1Story,5,6,1961,WdShing,Wd Shng,None,-0.567015949674981,CBlock,915,0,336,1251,GasA,0.268289832918241,SBrkr,-0.785025043886639,-0.133922179568761,1,0,-1.02736282330994,-0.756321032880405,0.169927088600022,-0.207698474525451,0.349545539005509,0.623631660646747,Attchd,0.20158799379595,-0.147158954958549,0.397535289886414,-0.702842766617084,2.8318932412566,-0.103330530851366,-0.285935458023539,NONE,-0.0895919598967582,Normal,0.44693779307133,1,2,2,2,2,3,4,3,3,6,4,1,2,3,3,2,0,1,-0.250997476711292,0,200609
2734,20,RL,0.933008496736951,0.087486299018093,Pave,NONE,Lvl,Corner,Gtl,NAmes,Feedr,Norm,1Fam,1Story,5,6,1952,Wd Sdng,Plywood,Stone,0.271797914891926,CBlock,40,0,1404,1444,GasA,0.268289832918241,SBrkr,-0.785025043886639,0.243574768486469,1,0,-1.02736282330994,-0.756321032880405,-1.04580127322219,-0.207698474525451,-0.287758288825272,0.623631660646747,Attchd,0.181570613690368,-1.07987892486559,-0.740760408320604,-0.110810782616833,4.68451658259941,-0.103330530851366,-0.285935458023539,MnPrv,-0.0895919598967582,Partial,0.44693779307133,1,3,2,4,2,3,4,3,3,6,2,1,2,3,3,2,0,2,-0.250997476711292,0,200610
2735,20,RL,0.664158368210282,-0.0720440827455964,Pave,NONE,Lvl,Inside,Gtl,NAmes,Norm,Norm,1Fam,1Story,5,5,1951,HdBoard,HdBoard,Stone,0.23824536030925,CBlock,996,0,60,1056,GasA,0.268289832918241,FuseA,-0.785025043886639,-0.562806146730986,1,0,-1.02736282330994,-0.756321032880405,0.169927088600022,-0.207698474525451,0.349545539005509,-0.924311211315714,Attchd,0.179346460345304,-0.894263010456227,-0.740760408320604,-0.702842766617084,-0.359600750132276,-0.103330530851366,-0.285935458023539,NONE,-0.0895919598967582,Normal,0.44693779307133,1,2,2,4,2,3,0,3,3,7,5,1,2,3,3,1,0,2,-0.250997476711292,0,200608
2736,60,RL,0.634286131707318,-0.0895442359120425,Pave,NONE,Lvl,Inside,Gtl,NAmes,Norm,Norm,1Fam,2Story,5,6,1949,Wd Sdng,Wd Sdng,None,-0.567015949674981,CBlock,0,0,704,704,GasA,0.268289832918241,FuseA,0.857424756953509,0.449122844914448,0,0,-1.02736282330994,1.23259887250509,0.169927088600022,-0.207698474525451,0.349545539005509,0.623631660646747,Attchd,0.174898153655174,-1.10772131202699,1.19592324487884,0.185205209383292,-0.359600750132276,-0.103330530851366,-0.285935458023539,MnPrv,-0.0895919598967582,Normal,0.44693779307133,1,2,2,3,2,3,4,3,3,6,1,1,2,3,3,1,0,1,-0.250997476711292,0,200610
2737,20,RL,0.723902841216208,-0.0355220239634481,Pave,NONE,Lvl,Inside,Gtl,NAmes,Norm,Norm,1Fam,1Story,5,6,1954,MetalSd,MetalSd,None,-0.567015949674981,CBlock,486,0,450,936,GasA,0.268289832918241,FuseA,-0.785025043886639,-1.11620481403708,0,0,-1.02736282330994,-0.756321032880405,-1.04580127322219,-0.207698474525451,-0.925062116656053,-0.924311211315714,Attchd,0.186018920380498,-1.07987892486559,-0.740760408320604,-0.702842766617084,2.13132138948831,-0.103330530851366,-0.285935458023539,MnPrv,-0.0895919598967582,Normal,0.44693779307133,1,3,2,2,2,3,0,3,3,7,4,1,2,3,3,1,0,1,-0.250997476711292,0,200606
2738,90,RL,-1.72562055202678,-0.158657159649094,Pave,NONE,Lvl,Inside,Gtl,NAmes,Norm,Norm,Duplex,1Story,5,5,1967,Plywood,Plywood,None,-0.567015949674981,CBlock,0,0,1584,1584,GasA,0.268289832918241,SBrkr,-0.785025043886639,0.164517816014169,0,0,0.781365814350925,-0.756321032880405,1.38565545042224,4.45593111885755,0.98684936683629,-0.924311211315714,Detchd,0.214932913866338,0.154466905956663,-0.740760408320604,-0.702842766617084,-0.359600750132276,-0.103330530851366,-0.285935458023539,NONE,-0.0895919598967582,Normal,-2.23744784062252,1,2,2,2,2,3,0,3,3,7,1,1,2,3,2,1,0,1,-0.250997476711292,0,200602
2739,80,RL,-1.72562055202678,0.321075299978916,Pave,NONE,Lvl,Inside,Gtl,NAmes,Norm,Norm,1Fam,SLvl,6,5,1964,HdBoard,HdBoard,None,-0.567015949674981,CBlock,939,0,307,1246,GasA,0.268289832918241,SBrkr,-0.785025043886639,-0.503513432376762,1,0,-1.02736282330994,-0.756321032880405,0.169927088600022,-0.207698474525451,-0.287758288825272,2.17157453260921,Attchd,0.208260453831144,-0.147158954958549,-0.740760408320604,0.318412405783348,-0.359600750132276,-0.103330530851366,-0.285935458023539,NONE,-0.0895919598967582,Normal,-2.23744784062252,1,2,2,2,2,3,4,3,3,7,5,1,2,3,2,1,0,2,-0.250997476711292,0,200603
2740,20,RL,1.53045322679622,-0.0564461201407206,Pave,NONE,Lvl,Corner,Gtl,NAmes,Norm,Norm,1Fam,1Story,6,7,1963,MetalSd,MetalSd,BrkFace,1.28955873723311,CBlock,0,0,1008,1008,GasA,0.268289832918241,SBrkr,-0.785025043886639,-0.973902299586944,0,0,-1.02736282330994,-0.756321032880405,-1.04580127322219,-0.207698474525451,-0.925062116656053,-0.924311211315714,Attchd,0.20603630048608,-0.198203331421123,-0.740760408320604,-0.702842766617084,-0.359600750132276,-0.103330530851366,-0.285935458023539,NONE,-0.0895919598967582,Normal,0.44693779307133,1,2,2,2,2,3,0,3,3,7,1,1,2,3,2,1,0,2,-0.250997476711292,0,200602
2741,20,RL,0.365436003180649,-0.224219327671214,Pave,NONE,Lvl,Corner,Gtl,NAmes,Feedr,Norm,1Fam,1Story,5,5,1957,BrkFace,BrkFace,None,-0.567015949674981,CBlock,623,0,556,1179,GasA,0.268289832918241,SBrkr,-0.785025043886639,-0.270295422583478,0,0,-1.02736282330994,1.23259887250509,0.169927088600022,-0.207698474525451,-0.287758288825272,0.623631660646747,Attchd,0.192691380415692,-0.657602719584291,-0.740760408320604,0.185205209383292,-0.359600750132276,-0.103330530851366,-0.285935458023539,GdPrv,-0.0895919598967582,Normal,0.44693779307133,1,2,2,3,2,3,4,3,3,7,4,1,2,3,3,2,0,2,-0.799602219893816,0,200606
2742,20,RL,-1.72562055202678,-0.0707759557045496,Pave,NONE,Lvl,Corner,Gtl,NAmes,Feedr,Norm,1Fam,1Story,6,6,1958,Wd Sdng,Wd Sdng,BrkFace,2.96718646636692,CBlock,203,0,918,1121,GasA,0.268289832918241,FuseA,-0.785025043886639,-0.325635289314088,0,0,-1.02736282330994,1.23259887250509,0.169927088600022,-0.207698474525451,0.349545539005509,0.623631660646747,Attchd,0.194915533760756,0.0709397444724505,-0.108373909316705,-0.702842766617084,-0.359600750132276,-0.103330530851366,-0.285935458023539,NONE,-0.0895919598967582,Normal,-2.23744784062252,1,2,2,4,2,3,3,3,3,7,3,1,2,3,2,1,0,2,-0.250997476711292,0,200604
2743,80,RL,2.00840901084363,-0.0213190011037238,Pave,NONE,Lvl,Corner,Gtl,NAmes,Norm,Norm,1Fam,SLvl,5,6,1956,Wd Sdng,Wd Sdng,BrkFace,0.954033191406344,CBlock,678,281,99,1058,GasA,0.268289832918241,SBrkr,-0.785025043886639,-0.258436879712633,1,0,-1.02736282330994,-0.756321032880405,0.169927088600022,-0.207698474525451,-0.287758288825272,0.623631660646747,Basment,0.190467227070627,-0.801455053251546,0.769062358051204,-0.702842766617084,-0.359600750132276,-0.103330530851366,1.85025599009499,MnPrv,-0.0895919598967582,Normal,0.44693779307133,1,2,2,4,2,3,3,3,3,7,4,3,2,3,3,3,0,2,-0.250997476711292,0,200605
2744,20,RL,0.425180476186576,-0.0020434700798122,Pave,NONE,Lvl,Inside,Gtl,NAmes,Norm,Norm,1Fam,1Story,6,6,1956,Wd Sdng,Wd Sdng,None,-0.567015949674981,CBlock,914,0,210,1124,GasA,0.268289832918241,SBrkr,-0.785025043886639,-0.744637137417275,1,0,-1.02736282330994,-0.756321032880405,0.169927088600022,-0.207698474525451,-0.287758288825272,0.623631660646747,Attchd,0.190467227070627,-0.555513966659143,-0.740760408320604,2.42012594898424,2.44268665694088,-0.103330530851366,2.24189108891672,NONE,-0.0895919598967582,Normal,0.44693779307133,1,2,2,4,2,3,3,3,3,7,4,1,2,3,3,3,0,3,-0.250997476711292,0,200608
2745,20,RL,0.365436003180649,-0.263277640535456,Pave,NONE,Lvl,Inside,Gtl,NAmes,Norm,Norm,1Fam,1Story,6,8,1954,Wd Sdng,Wd Sdng,BrkFace,0.417192318083524,CBlock,824,0,226,1050,GasA,0.268289832918241,SBrkr,-0.785025043886639,-0.890892499491029,1,0,-1.02736282330994,-0.756321032880405,0.169927088600022,-0.207698474525451,-0.287758288825272,-0.924311211315714,Attchd,0.186018920380498,-0.866420623294823,-0.740760408320604,-0.702842766617084,-0.359600750132276,-0.103330530851366,-0.285935458023539,NONE,-0.0895919598967582,Abnorml,0.44693779307133,1,3,2,4,3,3,0,3,3,7,5,1,2,3,3,1,0,2,-0.250997476711292,0,200609
2746,20,RL,0.245947057168796,0.330966690899082,Pave,NONE,Lvl,Inside,Gtl,NAmes,Norm,Norm,1Fam,1Story,5,6,1952,MetalSd,MetalSd,None,-0.567015949674981,CBlock,658,0,350,1008,GasA,0.268289832918241,FuseA,-0.785025043886639,-0.973902299586944,1,0,-1.02736282330994,-0.756321032880405,-1.04580127322219,-0.207698474525451,-1.56236594448683,-0.924311211315714,Attchd,0.181570613690368,-0.894263010456227,-0.740760408320604,1.57648037178388,-0.359600750132276,-0.103330530851366,-0.285935458023539,MnPrv,-0.0895919598967582,Normal,0.44693779307133,1,2,2,4,2,3,0,3,3,7,6,1,2,3,3,1,0,2,-0.250997476711292,0,200601
2747,20,RL,0.514797185695465,0.000239158594072064,Pave,NONE,Lvl,Corner,Gtl,NAmes,Norm,Norm,1Fam,1Story,6,6,1951,Wd Sdng,Wd Sdng,BrkFace,2.35205629901786,CBlock,0,0,216,216,GasA,0.268289832918241,SBrkr,-0.785025043886639,0.146730001707902,0,0,-1.02736282330994,1.23259887250509,-1.04580127322219,-0.207698474525451,-0.925062116656053,0.623631660646747,Attchd,0.179346460345304,-0.337415267228144,-0.740760408320604,-0.702842766617084,-0.359600750132276,-0.103330530851366,-0.285935458023539,NONE,-0.0895919598967582,Normal,0.44693779307133,1,2,2,2,3,3,4,3,3,7,1,1,2,3,3,1,0,1,-0.250997476711292,0,200609
2748,80,RL,-0.0826475443637997,-0.312988220544491,Pave,NONE,Lvl,Inside,Gtl,NAmes,Norm,Norm,1Fam,SLvl,5,7,1956,VinylSd,VinylSd,None,-0.567015949674981,CBlock,271,0,30,301,GasA,0.268289832918241,FuseA,-0.785025043886639,-0.703132237369318,0,0,-1.02736282330994,-0.756321032880405,0.169927088600022,-0.207698474525451,-0.287758288825272,-0.924311211315714,Detchd,0.27276090083802,0.980457725078319,-0.740760408320604,-0.702842766617084,-0.359600750132276,-0.103330530851366,-0.285935458023539,GdWo,-0.0895919598967582,Normal,0.44693779307133,1,2,2,4,2,3,0,3,3,5,4,1,2,3,3,1,0,1,0.297607266471232,0,200612
2749,20,RL,0.216074820665833,0.111834338206192,Pave,NONE,Lvl,Inside,Gtl,NAmes,Norm,Norm,1Fam,1Story,5,5,1956,Wd Sdng,Wd Sdng,None,-0.567015949674981,CBlock,488,0,517,1005,GasA,0.268289832918241,SBrkr,-0.785025043886639,-0.979831571022366,0,0,-1.02736282330994,-0.756321032880405,-1.04580127322219,-0.207698474525451,-0.287758288825272,0.623631660646747,Attchd,0.190467227070627,-0.7132874939071,-0.740760408320604,-0.702842766617084,-0.359600750132276,-0.103330530851366,4.84092401746092,NONE,-0.0895919598967582,Normal,0.44693779307133,1,2,2,4,2,3,3,3,3,7,2,1,2,3,3,1,0,1,-0.250997476711292,0,200610
2750,20,RL,0.664158368210282,0.43520673367313,Pave,NONE,Bnk,Inside,Gtl,NAmes,Norm,Norm,1Fam,1Story,5,6,1955,HdBoard,HdBoard,None,-0.567015949674981,CBlock,144,912,0,1056,GasA,0.268289832918241,SBrkr,-0.785025043886639,-0.879033956620184,1,0,-1.02736282330994,1.23259887250509,0.169927088600022,-0.207698474525451,-0.287758288825272,-0.924311211315714,Attchd,0.188243073725562,-0.801455053251546,-0.740760408320604,-0.702842766617084,-0.359600750132276,-0.103330530851366,-0.285935458023539,MnPrv,1.05617616723985,Normal,0.44693779307133,1,2,2,3,2,3,0,3,3,7,3,4,2,3,3,1,0,3,-0.250997476711292,0,200603
2751,20,RL,0.813519550725098,0.667020356776488,Pave,NONE,Lvl,Inside,Gtl,NAmes,Norm,Norm,1Fam,1Story,5,6,1951,MetalSd,MetalSd,None,-0.567015949674981,CBlock,741,0,143,884,GasA,0.268289832918241,SBrkr,-0.785025043886639,-1.21897885225107,1,0,-1.02736282330994,-0.756321032880405,-1.04580127322219,-0.207698474525451,-1.56236594448683,-0.924311211315714,Attchd,0.179346460345304,-0.940666989058567,-0.740760408320604,-0.702842766617084,-0.359600750132276,-0.103330530851366,3.18537564516906,NONE,-0.0895919598967582,Normal,0.44693779307133,1,2,2,4,2,3,0,3,3,7,3,1,2,3,3,1,0,3,-0.250997476711292,0,200609
2752,30,RL,1.79930335532289,1.41153774257507,Pave,NONE,Lvl,Inside,Gtl,NAmes,Norm,Norm,1Fam,1Story,7,5,1941,BrkFace,BrkFace,None,-0.567015949674981,CBlock,0,0,929,929,GasA,0.268289832918241,SBrkr,-0.785025043886639,1.06379065038658,1,0,-1.02736282330994,1.23259887250509,0.169927088600022,-0.207698474525451,0.349545539005509,3.71951740457167,2Types,0.157104926894657,1.47698029612336,-0.740760408320604,-0.702842766617084,1.0415429534043,-0.103330530851366,-0.285935458023539,NONE,-0.0895919598967582,Abnorml,0.44693779307133,1,2,3,4,2,3,4,3,3,6,1,1,2,3,3,1,0,1,-0.250997476711292,0,200604
2753,20,RL,0.365436003180649,0.397162922441725,Pave,NONE,Lvl,Inside,Gtl,NAmes,Norm,Norm,1Fam,1Story,5,5,1956,Wd Sdng,VinylSd,None,-0.567015949674981,CBlock,494,0,521,1015,GasA,0.268289832918241,SBrkr,-0.785025043886639,-0.230766946347328,1,0,-1.02736282330994,-0.756321032880405,-1.04580127322219,-0.207698474525451,-0.287758288825272,-0.924311211315714,Attchd,0.290554127598537,1.96422207144793,-0.147898065504449,-0.702842766617084,-0.359600750132276,12.7223471569198,-0.285935458023539,NONE,0.615496118341154,Normal,0.44693779307133,1,2,2,3,2,3,0,3,3,6,3,1,2,3,3,1,0,1,-0.250997476711292,0,200609
2754,190,RL,1.08236967925177,1.51767997591069,Pave,NONE,Lvl,Inside,Gtl,OldTown,Artery,Norm,2fmCon,1.5Fin,5,5,1925,MetalSd,MetalSd,None,-0.567015949674981,CBlock,1018,0,1153,2171,GasA,0.268289832918241,SBrkr,2.12659051214817,2.25162136128288,2,0,0.781365814350925,1.23259887250509,2.60138381224446,-0.207698474525451,2.26145702249785,0.623631660646747,Attchd,0.237174447316985,2.48394663179414,4.24718810257265,0.00759561418321662,1.94450222901676,-0.103330530851366,-0.285935458023539,NONE,-0.0895919598967582,Normal,0.44693779307133,1,1,2,2,2,3,4,3,3,3,6,1,0,3,3,2,0,2,-0.250997476711292,0,200610
2755,50,RL,-0.232008726878616,-0.338350761365428,Pave,NONE,Lvl,Inside,Gtl,NAmes,Norm,Norm,1Fam,1.5Fin,6,6,1947,VinylSd,VinylSd,None,-0.567015949674981,CBlock,0,0,784,784,GasA,0.268289832918241,FuseA,0.176181373650493,-0.373069460797468,0,0,-1.02736282330994,1.23259887250509,0.169927088600022,-0.207698474525451,-0.287758288825272,-0.924311211315714,Detchd,0.183794767035433,0.818043799970128,-0.740760408320604,-0.288420377816909,-0.359600750132276,-0.103330530851366,-0.285935458023539,NONE,-0.0895919598967582,Normal,0.44693779307133,1,2,2,4,2,3,0,3,3,7,1,1,2,3,3,1,0,1,-0.250997476711292,0,200602
2756,30,RL,0.0667136381510165,0.0306742075791956,Pave,Grvl,Lvl,Inside,Gtl,OldTown,Norm,Norm,1Fam,1Story,3,8,1930,VinylSd,VinylSd,None,-0.567015949674981,PConc,0,0,713,713,GasA,0.268289832918241,SBrkr,-0.785025043886639,-1.55694732407015,0,0,-1.02736282330994,-0.756321032880405,-1.04580127322219,-0.207698474525451,-0.925062116656053,-0.924311211315714,Detchd,0.145984160169334,-0.47198680517493,-0.740760408320604,0.407217203383386,2.14688965286094,-0.103330530851366,-0.285935458023539,NONE,-0.0895919598967582,Normal,0.44693779307133,1,3,2,4,3,3,0,2,2,7,1,1,0,3,3,1,0,1,-0.250997476711292,0,200602
2757,30,RL,0.0667136381510165,0.0945878104479551,Pave,Grvl,Lvl,Inside,Gtl,NAmes,Artery,Norm,1Fam,1Story,3,3,1929,Wd Sdng,Wd Sdng,None,-0.567015949674981,CBlock,0,0,715,715,GasA,-3.72731232161413,FuseP,-0.785025043886639,-1.55299447644654,0,0,-1.02736282330994,-0.756321032880405,-1.04580127322219,-0.207698474525451,-1.56236594448683,-0.924311211315714,Detchd,0.214932913866338,0.869088176432703,-0.740760408320604,-0.702842766617084,0.808019002814873,-0.103330530851366,1.70784322688708,NONE,-0.0895919598967582,Normal,0.44693779307133,1,1,2,1,2,3,0,2,3,7,1,1,0,3,3,2,0,1,-0.250997476711292,0,200611
2758,50,RL,0.0667136381510165,-0.400742611784931,Pave,NONE,Lvl,Corner,Gtl,OldTown,Norm,Norm,1Fam,1.5Fin,4,8,1900,MetalSd,MetalSd,None,-0.567015949674981,BrkTil,0,0,448,448,GasA,0.268289832918241,SBrkr,-0.150442166289309,-1.5431123573875,0,0,-1.02736282330994,-0.756321032880405,-2.26152963504441,-0.207698474525451,-0.925062116656053,-0.924311211315714,Attchd,0.0659146397470056,-0.894263010456227,-0.740760408320604,-0.702842766617084,0.730177685951729,-0.103330530851366,-0.285935458023539,NONE,-0.0895919598967582,Normal,0.44693779307133,1,3,2,4,1,2,0,2,3,7,1,1,2,3,3,1,0,1,-0.799602219893816,0,200606
2759,70,RL,0.0667136381510165,-0.376394572596832,Pave,Grvl,Lvl,Inside,Gtl,OldTown,Norm,Norm,1Fam,2Story,6,8,1915,MetalSd,MetalSd,None,-0.567015949674981,CBlock,338,0,325,663,GasA,0.268289832918241,SBrkr,1.13038871533177,0.186258477944052,0,0,0.781365814350925,-0.756321032880405,0.169927088600022,-0.207698474525451,0.349545539005509,0.623631660646747,Detchd,0.230501987281791,0.256555658881811,-0.353423677680716,-0.702842766617084,3.23666808894494,-0.103330530851366,-0.285935458023539,NONE,-0.0895919598967582,Normal,0.44693779307133,1,4,2,4,2,3,4,3,3,7,3,1,2,3,3,1,0,1,-0.250997476711292,0,200607
2760,50,RL,0.0667136381510165,0.0824137908539057,Pave,Grvl,Lvl,Inside,Gtl,OldTown,Norm,Norm,1Fam,1.5Fin,4,4,1910,VinylSd,VinylSd,None,-0.567015949674981,BrkTil,0,0,1077,1077,GasA,0.268289832918241,FuseA,1.03240165334983,0.512368406892287,0,0,-1.02736282330994,1.23259887250509,1.38565545042224,-0.207698474525451,0.349545539005509,0.623631660646747,Detchd,0.143760006824269,0.813403402109894,0.207819340185244,-0.702842766617084,1.13495253364007,-0.103330530851366,-0.285935458023539,NONE,-0.0895919598967582,Abnorml,0.44693779307133,1,2,2,2,2,3,3,2,3,7,1,1,2,3,3,1,0,1,-0.799602219893816,0,200605
2761,80,RL,0.753775077719171,0.00201453645153761,Pave,NONE,Lvl,Inside,Gtl,NAmes,Norm,Norm,1Fam,SLvl,6,5,1963,HdBoard,HdBoard,BrkFace,1.55238708146407,CBlock,580,0,503,1083,GasA,0.268289832918241,SBrkr,-0.785025043886639,-0.701155813557511,0,1,-1.02736282330994,-0.756321032880405,0.169927088600022,-0.207698474525451,-0.287758288825272,0.623631660646747,Attchd,0.20603630048608,-0.82929744041295,1.98640636863371,0.407217203383386,-0.359600750132276,-0.103330530851366,-0.285935458023539,NONE,-0.0895919598967582,Normal,0.44693779307133,1,2,2,2,2,3,4,3,3,7,5,1,2,3,3,3,0,1,-0.250997476711292,0,200609
2762,20,RL,0.574541658701392,-0.0834572261150178,Pave,NONE,Lvl,Inside,Gtl,NAmes,Norm,Norm,1Fam,1Story,6,5,1962,HdBoard,HdBoard,BrkCmn,0.333310931626833,CBlock,701,0,434,1135,GasA,0.268289832918241,SBrkr,-0.785025043886639,-0.580593961037254,0,0,-1.02736282330994,1.23259887250509,0.169927088600022,-0.207698474525451,-0.287758288825272,-0.924311211315714,Attchd,0.203812147141015,-0.968509376219971,-0.740760408320604,2.84934913738442,-0.359600750132276,-0.103330530851366,-0.285935458023539,NONE,-0.0895919598967582,Normal,0.44693779307133,1,2,2,4,2,3,0,3,3,7,5,1,2,3,3,1,0,2,-0.250997476711292,0,200608
2763,20,RL,0.664158368210282,0.0801311621800214,Pave,NONE,Lvl,Inside,Gtl,NAmes,PosA,Norm,1Fam,1Story,6,6,1961,HdBoard,HdBoard,BrkFace,0.0145616630914082,CBlock,913,0,400,1313,GasA,0.268289832918241,SBrkr,-0.785025043886639,0.538061916445785,1,0,0.781365814350925,-0.756321032880405,0.169927088600022,-0.207698474525451,-0.287758288825272,2.17157453260921,Attchd,0.20158799379595,-0.253888105743931,2.0654546810092,0.74763559418353,-0.359600750132276,-0.103330530851366,2.27749427971869,NONE,-0.0895919598967582,Normal,0.44693779307133,1,2,2,2,2,3,3,3,3,5,3,1,2,3,3,1,0,2,-0.250997476711292,0,200611
2764,20,RL,0.843391787228061,0.187921960669001,Pave,NONE,Lvl,Corner,Gtl,NAmes,PosA,Norm,1Fam,1Story,7,5,1959,Plywood,Plywood,BrkCmn,-0.24267458870911,Slab,0,0,0,0,GasA,0.268289832918241,FuseA,-0.785025043886639,-0.0568416509082693,0,0,0.781365814350925,-0.756321032880405,-1.04580127322219,-0.207698474525451,-0.925062116656053,0.623631660646747,Attchd,0.197139687105821,0.0523781530315144,-0.740760408320604,0.303611606183342,-0.359600750132276,-0.103330530851366,3.75502669800067,NONE,-0.0895919598967582,Normal,0.44693779307133,0,2,2,3,3,0,4,3,3,7,0,0,2,3,3,0,0,1,-4.91413779376274,0,200609
2765,60,RL,-1.72562055202678,1.02805612536252,Pave,NONE,HLS,Inside,Gtl,NAmes,Norm,Norm,1Fam,2Story,7,8,1962,Plywood,Plywood,None,-0.567015949674981,CBlock,636,0,802,1438,GasA,0.268289832918241,SBrkr,0.493472812449158,1.87214798941584,1,0,2.59009445201179,-0.756321032880405,0.169927088600022,-0.207698474525451,1.62415319466707,2.17157453260921,Attchd,0.203812147141015,-0.147158954958549,3.36975183520474,0.806838792583555,-0.359600750132276,-0.103330530851366,-0.285935458023539,NONE,-0.0895919598967582,Normal,-2.23744784062252,1,2,2,2,2,3,4,3,3,7,5,1,2,3,2,4,0,2,-0.250997476711292,0,200612
2766,50,RL,0.0667136381510165,0.250567436496713,Pave,NONE,Lvl,Inside,Gtl,NAmes,Norm,Norm,1Fam,1.5Fin,4,6,1950,BrkComm,Wd Sdng,None,-0.567015949674981,CBlock,455,0,455,910,GasA,0.268289832918241,SBrkr,0.640453405422069,0.0400031158702976,0,0,-1.02736282330994,1.23259887250509,0.169927088600022,-0.207698474525451,-0.287758288825272,-0.924311211315714,Detchd,0.177122307000239,0.576743111237959,0.832301007951594,-0.702842766617084,2.25586749646934,-0.103330530851366,-0.285935458023539,NONE,-0.0895919598967582,Normal,0.44693779307133,1,2,2,3,3,3,0,2,3,5,3,1,2,3,3,1,0,1,-0.250997476711292,0,200612
2767,90,RL,0.0667136381510165,-0.20595829828014,Pave,NONE,Lvl,Corner,Gtl,NAmes,Norm,Norm,Duplex,1Story,3,4,1950,BrkFace,Stone,None,-0.567015949674981,Slab,0,0,0,0,Wall,-3.72731232161413,FuseF,-0.785025043886639,-0.910656737609104,0,0,0.781365814350925,-0.756321032880405,-1.04580127322219,4.45593111885755,-0.287758288825272,-0.924311211315714,Detchd,0.177122307000239,-0.337415267228144,-0.740760408320604,-0.702842766617084,-0.359600750132276,-0.103330530851366,-0.285935458023539,NONE,-0.0895919598967582,Normal,0.44693779307133,0,2,2,1,2,0,0,3,2,7,0,0,2,3,3,0,0,1,-4.91413779376274,0,200604
2768,90,RL,0.514797185695465,-0.21001630481149,Pave,NONE,Lvl,Corner,Gtl,NAmes,Norm,Norm,Duplex,1Story,5,5,1960,BrkFace,BrkFace,None,-0.567015949674981,CBlock,0,0,1556,1556,GasA,0.268289832918241,SBrkr,-0.785025043886639,0.10917794928356,0,0,0.781365814350925,-0.756321032880405,1.38565545042224,4.45593111885755,0.98684936683629,-0.924311211315714,NONE,-4.15997671587587,-2.19357441132175,-0.740760408320604,-0.702842766617084,-0.359600750132276,-0.103330530851366,-0.285935458023539,NONE,-0.0895919598967582,Normal,0.44693779307133,1,2,2,2,2,2,0,0,0,7,1,1,2,3,3,1,0,0,-0.250997476711292,0,200612
2769,20,RL,0.365436003180649,-0.401757113417768,Pave,NONE,Lvl,Inside,Gtl,NAmes,Norm,Norm,1Fam,1Story,5,4,1961,BrkFace,BrkFace,None,-0.567015949674981,CBlock,781,0,369,1150,GasA,0.268289832918241,SBrkr,-0.785025043886639,-0.693250118310281,0,0,-1.02736282330994,-0.756321032880405,0.169927088600022,-0.207698474525451,-0.287758288825272,-0.924311211315714,Attchd,0.20158799379595,-0.857139827574354,-0.740760408320604,-0.702842766617084,-0.359600750132276,-0.103330530851366,2.59792299693647,NONE,-0.0895919598967582,Normal,0.44693779307133,1,2,2,2,2,3,0,3,3,7,6,1,2,3,3,1,0,2,-0.250997476711292,0,200610
2770,20,RL,0.484924949192502,-0.351032031775896,Pave,NONE,Lvl,Corner,Gtl,NAmes,Artery,Norm,1Fam,1Story,7,6,1962,Wd Sdng,Wd Sdng,None,-0.567015949674981,CBlock,809,0,236,1045,GasA,0.268289832918241,SBrkr,-0.785025043886639,-0.900774618550067,1,0,-1.02736282330994,-0.756321032880405,0.169927088600022,-0.207698474525451,-0.287758288825272,-0.924311211315714,Detchd,0.203812147141015,0.256555658881811,-0.740760408320604,-0.702842766617084,-0.359600750132276,-0.103330530851366,-0.285935458023539,NONE,-0.0895919598967582,Normal,0.44693779307133,1,2,2,3,2,3,0,3,3,7,2,1,2,3,3,1,0,1,-0.250997476711292,0,200606
2771,20,RL,0.365436003180649,-0.401757113417768,Pave,NONE,Lvl,Inside,Gtl,NAmes,Artery,Norm,1Fam,1Story,5,6,1962,Wd Sdng,Wd Sdng,None,-0.567015949674981,CBlock,468,0,396,864,GasA,0.268289832918241,SBrkr,-0.785025043886639,-1.25850732848722,0,1,-1.02736282330994,-0.756321032880405,0.169927088600022,-0.207698474525451,-0.925062116656053,-0.924311211315714,Attchd,0.203812147141015,-0.634400730283121,-0.740760408320604,-0.702842766617084,-0.359600750132276,-0.103330530851366,-0.285935458023539,GdWo,-0.0895919598967582,Normal,0.44693779307133,1,2,2,3,2,3,0,3,3,7,4,1,2,3,3,1,0,1,-0.250997476711292,0,200605
2772,190,RL,0.365436003180649,-0.401757113417768,Pave,NONE,Lvl,Inside,Gtl,NAmes,Artery,Norm,2fmCon,SFoyer,5,5,1962,MetalSd,MetalSd,None,-0.567015949674981,CBlock,953,0,72,1025,GasA,0.268289832918241,SBrkr,-0.785025043886639,-0.940303094786217,1,0,-1.02736282330994,-0.756321032880405,0.169927088600022,-0.207698474525451,-0.287758288825272,-0.924311211315714,NONE,-4.15997671587587,-2.19357441132175,0.0181033904840744,0.481221201383417,-0.359600750132276,-0.103330530851366,-0.285935458023539,NONE,-0.0895919598967582,Normal,0.44693779307133,1,2,2,2,2,3,0,0,0,7,5,1,2,3,3,3,0,0,-0.250997476711292,0,200606
2773,70,RM,0.126458111156943,-0.0395800304947979,Pave,Grvl,Lvl,Corner,Gtl,OldTown,Norm,Norm,1Fam,2Story,5,8,1900,CemntBd,CmentBd,None,-0.567015949674981,PConc,0,0,716,716,GasA,0.268289832918241,FuseA,1.56433141839465,1.01438005509139,0,0,0.781365814350925,-0.756321032880405,2.60138381224446,-0.207698474525451,0.98684936683629,-0.924311211315714,Detchd,0.0659146397470056,0.702033853464278,-0.740760408320604,0.362814804583367,2.24029923309671,-0.103330530851366,-0.285935458023539,NONE,-0.0895919598967582,Normal,0.44693779307133,1,3,3,4,2,3,0,3,3,7,1,1,2,3,3,1,0,1,-0.799602219893816,0,200609
2774,50,RM,0.0667136381510165,-0.0720440827455964,Pave,Grvl,Lvl,Inside,Gtl,OldTown,Norm,Norm,1Fam,1.5Fin,5,6,1948,MetalSd,MetalSd,Stone,0.909296451962776,CBlock,276,0,936,1212,GasA,0.268289832918241,FuseA,0.246172132209022,0.330537416205998,1,0,-1.02736282330994,-0.756321032880405,0.169927088600022,-0.207698474525451,-0.287758288825272,-0.924311211315714,Detchd,0.17267400031011,-1.07987892486559,-0.740760408320604,-0.702842766617084,1.81995612203574,-0.103330530851366,-0.285935458023539,NONE,-0.0895919598967582,Normal,0.44693779307133,1,2,2,3,2,3,0,3,3,7,3,1,2,3,3,1,0,1,-0.250997476711292,0,200608
2775,50,RM,0.0667136381510165,-0.589439915492697,Pave,NONE,Lvl,Corner,Gtl,OldTown,Norm,Norm,1Fam,1.5Fin,4,6,1920,Wd Sdng,Wd Sdng,None,-0.567015949674981,PConc,284,0,863,1147,GasA,-3.72731232161413,SBrkr,0.404817851608354,0.308796754276116,0,0,-1.02736282330994,-0.756321032880405,1.38565545042224,-0.207698474525451,1.62415319466707,0.623631660646747,Detchd,0.110397706648299,-1.44182995796384,-0.740760408320604,-0.702842766617084,-0.359600750132276,-0.103330530851366,-0.285935458023539,NONE,-0.0895919598967582,Normal,0.44693779307133,1,2,2,2,1,2,3,2,2,7,2,1,0,3,3,1,0,1,-0.250997476711292,0,200610
2776,50,RM,0.0667136381510165,-0.0720440827455964,Pave,Grvl,Lvl,Inside,Gtl,OldTown,Norm,Norm,1Fam,1.5Fin,6,8,1900,Wd Sdng,Wd Sdng,None,-0.567015949674981,BrkTil,381,0,399,780,GasA,0.268289832918241,SBrkr,0.325494991908688,-0.167521384369489,0,1,-1.02736282330994,-0.756321032880405,0.169927088600022,-0.207698474525451,0.349545539005509,-0.924311211315714,Detchd,0.190467227070627,-0.337415267228144,-0.740760408320604,-0.347623576216934,-0.359600750132276,-0.103330530851366,-0.285935458023539,NONE,-0.0895919598967582,Normal,0.44693779307133,1,2,2,4,3,3,0,3,3,7,3,1,2,3,3,1,0,1,-0.250997476711292,0,200609
2777,70,RM,0.00696916514509001,-0.471377287971239,Pave,Grvl,Lvl,Inside,Gtl,OldTown,Norm,Norm,1Fam,2Story,7,7,1900,AsbShng,Wd Sdng,None,-0.567015949674981,Stone,208,0,504,712,GasA,0.268289832918241,SBrkr,0.568129621578256,-0.143804298627799,1,0,-1.02736282330994,-0.756321032880405,1.38565545042224,-0.207698474525451,0.349545539005509,-0.924311211315714,Detchd,0.254967674077503,0.479294756173045,1.34611503839226,-0.702842766617084,0.948133373168531,-0.103330530851366,-0.285935458023539,NONE,-0.0895919598967582,Normal,0.44693779307133,1,2,2,3,2,3,0,3,3,7,3,1,2,3,3,1,0,3,-0.250997476711292,0,200608
2778,70,RM,0.245947057168796,-0.787267733896,Pave,Grvl,Lvl,Inside,Gtl,OldTown,Norm,Norm,1Fam,2Story,7,8,1930,Wd Sdng,Wd Sdng,None,-0.567015949674981,BrkTil,0,0,502,502,GasA,-3.72731232161413,SBrkr,0.38615364932608,-0.981807994834174,0,0,-1.02736282330994,-0.756321032880405,-1.04580127322219,-0.207698474525451,-0.925062116656053,0.623631660646747,Detchd,0.132639240098946,-1.26549483927495,1.47259233819304,-0.702842766617084,0.699041159206472,-0.103330530851366,-0.285935458023539,MnPrv,-0.0895919598967582,Normal,0.44693779307133,1,2,2,2,3,3,1,2,3,7,1,1,0,3,3,1,0,1,-0.250997476711292,0,200610
2779,190,RM,-0.0527753078608365,-0.307281648859781,Pave,Grvl,Lvl,Inside,Gtl,OldTown,Norm,Norm,2fmCon,1.5Fin,4,6,1900,MetalSd,MetalSd,None,-0.567015949674981,PConc,0,0,938,938,GasA,-3.72731232161413,SBrkr,1.23770787845485,0.889865354947518,0,0,0.781365814350925,-0.756321032880405,1.38565545042224,4.45593111885755,1.62415319466707,-0.924311211315714,Detchd,0.27276090083802,0.479294756173045,-0.740760408320604,-0.614037969017046,0.0763106243013261,-0.103330530851366,-0.285935458023539,NONE,-0.0895919598967582,Normal,0.44693779307133,1,2,3,3,1,3,0,3,3,7,1,1,1,3,3,1,0,1,-0.250997476711292,0,200607
2780,30,RM,-0.0527753078608365,-0.307788899676199,Pave,Grvl,Lvl,Inside,Gtl,OldTown,Norm,Norm,1Fam,1Story,6,5,1924,MetalSd,MetalSd,None,-0.567015949674981,BrkTil,143,72,817,1032,GasA,-3.72731232161413,FuseA,-0.785025043886639,-0.926468128103564,0,0,-1.02736282330994,-0.756321032880405,-1.04580127322219,-0.207698474525451,-0.925062116656053,-0.924311211315714,Detchd,0.277209207528149,-0.894263010456227,-0.740760408320604,-0.702842766617084,1.38404474760213,-0.103330530851366,-0.285935458023539,MnPrv,-0.0895919598967582,Abnorml,0.44693779307133,1,2,2,3,2,2,0,3,3,7,4,3,2,3,3,1,0,1,-0.250997476711292,0,200609
2781,30,RM,-0.232008726878616,-0.575110079928868,Pave,Pave,Lvl,Inside,Gtl,OldTown,Norm,Norm,1Fam,1Story,5,7,1925,MetalSd,Stucco,None,-0.567015949674981,BrkTil,0,0,844,844,GasA,0.268289832918241,SBrkr,-0.785025043886639,-1.29803580472337,0,0,-1.02736282330994,-0.756321032880405,-1.04580127322219,-0.207698474525451,-0.925062116656053,-0.924311211315714,Detchd,0.121518473373622,-1.1912484735112,-0.345518846443167,0.496022000983423,1.55529564470105,-0.103330530851366,-0.285935458023539,NONE,-0.0895919598967582,Normal,0.44693779307133,1,2,2,2,2,2,0,3,3,7,1,1,0,3,3,1,0,1,-0.250997476711292,0,200610
2782,20,RM,0.0667136381510165,-0.376394572596832,Pave,Grvl,Lvl,Inside,Gtl,OldTown,Norm,Norm,1Fam,1Story,4,5,1950,MetalSd,MetalSd,None,-0.567015949674981,CBlock,0,0,576,576,GasA,0.268289832918241,SBrkr,-0.785025043886639,-1.25850732848722,0,0,-1.02736282330994,-0.756321032880405,-1.04580127322219,-0.207698474525451,-0.925062116656053,-0.924311211315714,Detchd,0.181570613690368,0.256555658881811,-0.740760408320604,-0.702842766617084,-0.359600750132276,-0.103330530851366,1.76124801309005,NONE,-0.0895919598967582,Normal,0.44693779307133,1,2,2,4,2,3,0,3,3,7,1,1,2,3,3,1,0,2,-0.250997476711292,0,200611
2783,70,RM,-0.470986618902322,-0.323894113097494,Pave,Grvl,Lvl,Inside,Mod,OldTown,Norm,Norm,1Fam,2Story,3,5,1905,MetalSd,MetalSd,None,-0.567015949674981,BrkTil,0,0,738,738,GasA,0.268289832918241,FuseA,0.759437694971568,-0.246578336841788,0,0,-1.02736282330994,-0.756321032880405,-1.04580127322219,-0.207698474525451,0.349545539005509,-0.924311211315714,Detchd,0.132639240098946,-1.1912484735112,-0.740760408320604,-0.702842766617084,1.2594986406211,-0.103330530851366,3.71942350719869,NONE,-0.0895919598967582,Normal,0.44693779307133,1,2,2,3,2,2,0,3,3,7,1,1,0,3,3,2,0,1,-0.250997476711292,0,200606
2784,190,RM,-0.232008726878616,-0.52856981752245,Pave,NONE,Lvl,Inside,Gtl,OldTown,Norm,Norm,2fmCon,1Story,5,7,1955,Wd Sdng,Wd Sdng,None,-0.567015949674981,CBlock,576,0,384,960,GasA,0.268289832918241,FuseA,-0.785025043886639,-1.0687706425537,1,0,-1.02736282330994,-0.756321032880405,0.169927088600022,-0.207698474525451,-0.925062116656053,-0.924311211315714,Detchd,0.234950293971921,0.479294756173045,-0.740760408320604,-0.702842766617084,-0.359600750132276,-0.103330530851366,-0.285935458023539,NONE,-0.0895919598967582,Normal,0.44693779307133,1,2,2,2,2,3,0,3,3,7,6,1,2,3,3,3,0,1,-0.250997476711292,0,200609
2785,50,RM,-0.232008726878616,-0.52856981752245,Pave,NONE,Lvl,Inside,Gtl,OldTown,Norm,Norm,1Fam,1.5Fin,5,7,1924,MetalSd,MetalSd,BrkFace,0.243837452739696,PConc,0,0,816,816,GasA,0.268289832918241,SBrkr,0.964743920076587,0.128942187401635,0,0,-1.02736282330994,1.23259887250509,2.60138381224446,-0.207698474525451,0.349545539005509,-0.924311211315714,Detchd,0.234950293971921,-0.105395374216442,-0.551044458619434,-0.702842766617084,4.2486052081658,-0.103330530851366,-0.285935458023539,MnPrv,-0.0895919598967582,Normal,0.44693779307133,1,3,2,4,3,3,0,3,3,7,1,1,2,3,3,1,0,1,-0.250997476711292,0,200611
2786,30,RM,-0.172264253872689,-0.296502569010883,Pave,NONE,Lvl,Inside,Gtl,OldTown,Norm,Norm,1Fam,1Story,3,5,1921,AsbShng,AsbShng,None,-0.567015949674981,BrkTil,416,0,76,492,GasA,0.268289832918241,SBrkr,-0.785025043886639,-1.99373698647961,1,0,-1.02736282330994,-0.756321032880405,-2.26152963504441,-0.207698474525451,-2.19966977231761,-0.924311211315714,Detchd,0.112621859993364,-1.26549483927495,-0.740760408320604,-0.702842766617084,0.854723792932759,-0.103330530851366,-0.285935458023539,NONE,-0.0895919598967582,Normal,0.44693779307133,1,2,2,2,2,3,0,2,3,7,2,1,0,3,3,1,0,1,-0.799602219893816,0,200609
2787,50,RM,-0.0527753078608365,-0.0750875876441088,Pave,NONE,Lvl,Inside,Gtl,OldTown,Norm,Norm,1Fam,1.5Fin,6,7,1945,VinylSd,VinylSd,None,-0.567015949674981,CBlock,310,0,460,770,GasA,0.268289832918241,SBrkr,-0.0921165341572017,-0.630004556332441,0,0,-1.02736282330994,1.23259887250509,0.169927088600022,-0.207698474525451,-0.925062116656053,-0.924311211315714,Detchd,0.166001540274916,-0.439504020153292,-0.740760408320604,-0.702842766617084,-0.359600750132276,-0.103330530851366,-0.285935458023539,GdWo,-0.0895919598967582,Normal,0.44693779307133,1,2,2,2,2,3,0,2,3,7,3,1,2,3,3,1,0,1,-0.799602219893816,0,200608
2788,30,RM,-0.291753199884543,-0.560653431660934,Pave,NONE,Lvl,Inside,Gtl,OldTown,Norm,Norm,1Fam,1Story,3,4,1920,Wd Sdng,Wd Sdng,None,-0.567015949674981,PConc,0,0,798,798,GasA,0.268289832918241,SBrkr,-0.785025043886639,-1.3059414999706,0,0,-1.02736282330994,-0.756321032880405,-1.04580127322219,-0.207698474525451,-0.925062116656053,-0.924311211315714,Detchd,0.150432466859463,-1.03347494626325,0.144580690284854,-0.702842766617084,-0.359600750132276,-0.103330530851366,-0.285935458023539,NONE,-0.0895919598967582,Normal,0.44693779307133,1,2,2,3,1,3,0,3,2,7,1,1,0,3,3,1,0,1,-0.250997476711292,0,200609
2789,75,RM,0.365436003180649,-0.490526006291045,Pave,NONE,Lvl,Corner,Gtl,OldTown,Norm,Norm,1Fam,2.5Unf,7,6,1910,Wd Sdng,Wd Sdng,None,-0.567015949674981,BrkTil,0,0,1226,1226,GasA,0.268289832918241,SBrkr,1.26337115659298,1.19225819815406,0,0,0.781365814350925,-0.756321032880405,2.60138381224446,-0.207698474525451,1.62415319466707,-0.924311211315714,Detchd,0.0881561731976523,-0.188922535700655,-0.740760408320604,4.34422989698505,1.01040642665905,-0.103330530851366,-0.285935458023539,NONE,-0.0895919598967582,Normal,0.44693779307133,1,2,2,4,2,3,0,2,3,7,1,1,1,3,3,1,0,1,-0.250997476711292,0,200610
2790,90,RM,-0.739836747428991,-0.531613322420962,Pave,NONE,Lvl,Inside,Gtl,OldTown,Norm,Norm,Duplex,2Story,5,7,1920,Wd Sdng,Wd Sdng,None,-0.567015949674981,PConc,0,0,624,624,GasA,-3.72731232161413,FuseA,0.670782734130765,-0.499560584753147,0,0,0.781365814350925,-0.756321032880405,-1.04580127322219,4.45593111885755,0.98684936683629,-0.924311211315714,NONE,-4.15997671587587,-2.19357441132175,-0.740760408320604,1.22126118138373,3.62587467326066,-0.103330530851366,-0.285935458023539,NONE,-0.0895919598967582,Normal,0.44693779307133,1,2,2,3,2,3,0,0,0,7,1,1,0,3,3,1,0,0,-0.250997476711292,0,200604
2791,20,RM,0.216074820665833,-0.0530221771298942,Pave,Grvl,Lvl,Inside,Gtl,OldTown,Norm,Norm,1Fam,1Story,5,5,1958,HdBoard,HdBoard,None,-0.567015949674981,CBlock,0,0,960,960,GasA,0.268289832918241,SBrkr,-0.785025043886639,-1.0687706425537,0,0,-1.02736282330994,-0.756321032880405,0.169927088600022,-0.207698474525451,-0.925062116656053,-0.924311211315714,Detchd,0.292778280943602,0.702033853464278,-0.740760408320604,-0.702842766617084,-0.359600750132276,-0.103330530851366,-0.285935458023539,NONE,7.84264892027975,Normal,0.44693779307133,1,2,2,4,2,3,0,3,3,7,1,1,2,3,3,1,0,1,-0.250997476711292,0,200610
2792,50,C (all),0.156330347659906,-0.68569075790815,Pave,NONE,Lvl,Corner,Gtl,IDOTRR,Norm,Norm,1Fam,1.5Unf,3,3,1918,Wd Sdng,Wd Sdng,None,-0.567015949674981,BrkTil,0,0,1020,1020,GasA,-3.72731232161413,FuseP,-0.785025043886639,-0.950185213845254,0,0,-1.02736282330994,-0.756321032880405,-1.04580127322219,-0.207698474525451,-0.925062116656053,-0.924311211315714,NONE,-4.15997671587587,-2.19357441132175,-0.740760408320604,-0.702842766617084,1.27506690399373,-0.103330530851366,-0.285935458023539,NONE,-0.0895919598967582,Normal,0.44693779307133,1,1,1,1,1,2,0,0,0,7,1,1,0,3,3,1,0,0,-0.250997476711292,0,200602
2793,70,RL,0.335563766677686,0.198954665926108,Pave,NONE,Bnk,Inside,Gtl,BrkSide,Norm,Norm,1Fam,2Story,6,7,1924,BrkComm,Stucco,None,-0.567015949674981,BrkTil,0,0,848,848,GasW,-3.72731232161413,SBrkr,1.10472543719364,0.644788802283389,0,0,-1.02736282330994,-0.756321032880405,-1.04580127322219,-0.207698474525451,1.62415319466707,0.623631660646747,Detchd,0.161553233584786,-1.07987892486559,-0.527329964906788,-0.170013981016859,0.294266311518127,-0.103330530851366,-0.285935458023539,GdPrv,-0.0895919598967582,Normal,0.44693779307133,1,2,2,2,2,3,4,2,3,7,1,1,2,3,2,1,0,1,-0.250997476711292,0,200608
2794,50,RM,-0.202136490375653,-0.513352293029888,Pave,NONE,Lvl,Inside,Gtl,BrkSide,Norm,Norm,1Fam,1.5Fin,3,5,1930,AsbShng,AsbShng,None,-0.567015949674981,CBlock,347,0,381,728,GasA,0.268289832918241,SBrkr,0.227507929926748,-0.669533032568591,1,0,-1.02736282330994,-0.756321032880405,0.169927088600022,-0.207698474525451,-0.287758288825272,-0.924311211315714,Detchd,0.132639240098946,-0.996351763381375,-0.740760408320604,-0.347623576216934,-0.359600750132276,-0.103330530851366,-0.285935458023539,NONE,-0.0895919598967582,Abnorml,0.44693779307133,1,2,3,4,2,3,0,2,1,7,3,1,2,3,3,1,0,1,-0.250997476711292,0,200603
2795,50,RM,-0.202136490375653,-0.513352293029888,Pave,NONE,Lvl,Inside,Gtl,BrkSide,Norm,Norm,1Fam,1.5Fin,5,7,1930,MetalSd,MetalSd,None,-0.567015949674981,BrkTil,0,0,741,741,GasA,0.268289832918241,SBrkr,0.575128697434108,-0.349352375055778,0,0,-1.02736282330994,-0.756321032880405,0.169927088600022,-0.207698474525451,0.349545539005509,-0.924311211315714,Detchd,0.132639240098946,-1.35830279647963,-0.740760408320604,-0.702842766617084,0.4966537353623,-0.103330530851366,-0.285935458023539,NONE,-0.0895919598967582,Normal,0.44693779307133,1,3,2,3,3,3,0,2,3,7,1,1,2,3,3,1,0,1,-0.250997476711292,0,200605
2796,30,RL,-0.232008726878616,0.190711840159304,Pave,Pave,Lvl,Inside,Gtl,BrkSide,Norm,Norm,1Fam,1Story,5,5,1925,MetalSd,MetalSd,None,-0.567015949674981,BrkTil,0,0,816,816,GasA,0.268289832918241,FuseA,-0.785025043886639,-1.35337567145398,0,0,-1.02736282330994,-0.756321032880405,-1.04580127322219,-0.207698474525451,-1.56236594448683,-0.924311211315714,Detchd,0.121518473373622,-1.21909086067261,0.587251239587583,-0.702842766617084,1.38404474760213,-0.103330530851366,-0.285935458023539,NONE,-0.0895919598967582,Normal,0.44693779307133,1,2,2,2,2,3,0,2,2,7,1,1,0,3,1,1,0,1,-0.250997476711292,0,200610
2797,50,RM,0.962880733239914,2.91059071779651,Pave,NONE,Lvl,Inside,Gtl,OldTown,RRAn,Feedr,1Fam,1.5Fin,6,5,1962,BrkFace,Wd Sdng,None,-0.567015949674981,CBlock,0,0,1595,1595,GasA,0.268289832918241,SBrkr,1.25637208073712,1.94725209426452,0,0,0.781365814350925,-0.756321032880405,2.60138381224446,-0.207698474525451,0.98684936683629,0.623631660646747,Detchd,0.203812147141015,0.479294756173045,-0.740760408320604,-0.702842766617084,-0.359600750132276,-0.103330530851366,-0.285935458023539,NONE,-0.0895919598967582,Normal,0.44693779307133,1,2,2,2,2,3,4,3,3,7,1,1,2,3,0,1,0,1,-0.250997476711292,0,200602
2798,50,RM,0.0667136381510165,0.0192610642097743,Pave,Grvl,Lvl,Inside,Gtl,IDOTRR,Norm,Norm,1Fam,1.5Fin,4,5,1924,MetalSd,MetalSd,None,-0.567015949674981,BrkTil,0,0,596,596,GasA,0.268289832918241,FuseF,0.605458026142804,-0.139851451004184,0,0,0.781365814350925,-0.756321032880405,0.169927088600022,-0.207698474525451,0.349545539005509,-0.924311211315714,Detchd,0.119294320028558,-0.476627203035164,0.98249280146502,-0.702842766617084,-0.359600750132276,-0.103330530851366,3.45239957618388,NONE,-0.0895919598967582,Abnorml,0.44693779307133,1,2,2,0,1,2,0,2,2,7,1,1,2,3,3,1,0,1,-0.250997476711292,0,200602
2799,70,RM,0.0667136381510165,-0.336068132691543,Pave,NONE,Lvl,FR3,Gtl,IDOTRR,Norm,Norm,1Fam,2Story,5,8,1910,AsbShng,Plywood,None,-0.567015949674981,BrkTil,0,0,396,396,GasA,0.268289832918241,SBrkr,0.766436770827421,-0.337493832184933,0,0,-1.02736282330994,-0.756321032880405,0.169927088600022,-0.207698474525451,0.349545539005509,-0.924311211315714,Detchd,0.290554127598537,-0.383819245830484,-0.740760408320604,0.362814804583367,0.340971101636013,-0.103330530851366,-0.285935458023539,MnPrv,-0.0895919598967582,Normal,0.44693779307133,1,3,1,3,2,2,0,3,3,7,1,1,0,3,3,1,0,1,-0.799602219893816,0,200610
2800,30,RM,-0.232008726878616,-0.148131705208405,Pave,NONE,Lvl,Inside,Gtl,IDOTRR,Norm,Norm,1Fam,1Story,5,4,1919,Wd Sdng,Wd Sdng,None,-0.567015949674981,BrkTil,0,0,610,610,GasA,-3.72731232161413,FuseA,-0.785025043886639,-1.34744640001856,0,0,-1.02736282330994,-0.756321032880405,-1.04580127322219,-0.207698474525451,-1.56236594448683,-0.924311211315714,NONE,-4.15997671587587,-2.19357441132175,-0.740760408320604,-0.702842766617084,-0.359600750132276,-0.103330530851366,-0.285935458023539,NONE,-0.0895919598967582,Abnorml,0.44693779307133,1,2,2,4,3,3,0,0,0,7,1,1,0,3,3,1,0,0,-0.250997476711292,0,200612
2801,30,RM,0.0667136381510165,-0.376394572596832,Pave,NONE,Lvl,Corner,Gtl,IDOTRR,Norm,Norm,1Fam,1Story,6,6,1930,VinylSd,VinylSd,None,-0.567015949674981,BrkTil,343,0,641,984,GasA,0.268289832918241,FuseF,-0.785025043886639,-1.02133647107032,0,0,-1.02736282330994,-0.756321032880405,0.169927088600022,-0.207698474525451,-0.287758288825272,-0.924311211315714,Detchd,0.132639240098946,-0.764331870369674,-0.740760408320604,-0.702842766617084,2.19359444297882,-0.103330530851366,-0.285935458023539,NONE,-0.0895919598967582,Family,0.44693779307133,1,2,2,2,2,3,0,3,3,7,2,1,0,3,3,1,0,1,-0.250997476711292,0,200606
2802,50,RL,0.723902841216208,0.279861171144895,Pave,NONE,Lvl,Inside,Gtl,Sawyer,Feedr,Norm,1Fam,1.5Fin,5,5,1951,HdBoard,HdBoard,Stone,-0.337740160026693,CBlock,329,0,477,806,GasA,0.268289832918241,SBrkr,0.0105365783953076,-0.155662841498644,1,0,-1.02736282330994,-0.756321032880405,0.169927088600022,-0.207698474525451,0.349545539005509,0.623631660646747,Detchd,0.179346460345304,-0.857139827574354,-0.740760408320604,-0.702842766617084,-0.359600750132276,-0.103330530851366,-0.285935458023539,GdWo,-0.0895919598967582,Normal,0.44693779307133,1,1,2,2,2,3,3,3,3,7,4,1,2,3,3,1,0,1,-0.250997476711292,0,200609
2803,90,RL,1.85904782832881,0.122740230759194,Pave,NONE,Lvl,Corner,Gtl,Sawyer,Feedr,Feedr,Duplex,1Story,6,5,1964,BrkFace,BrkFace,None,-0.567015949674981,CBlock,0,0,1921,1921,GasA,0.268289832918241,SBrkr,-0.785025043886639,0.830572640593293,0,0,0.781365814350925,-0.756321032880405,1.38565545042224,4.45593111885755,0.98684936683629,-0.924311211315714,Detchd,0.208260453831144,0.479294756173045,-0.740760408320604,1.96130116138404,-0.359600750132276,-0.103330530851366,-0.285935458023539,NONE,-0.0895919598967582,Normal,0.44693779307133,1,2,2,2,2,3,0,3,3,7,1,1,2,3,3,1,0,1,-0.250997476711292,0,200610
2804,20,RL,1.26160309826955,1.42054144456651,Pave,NONE,Lvl,FR2,Gtl,Sawyer,Norm,Norm,1Fam,1Story,5,5,1950,Wd Sdng,MetalSd,None,-0.567015949674981,Slab,0,0,0,0,GasA,0.268289832918241,FuseA,-0.785025043886639,0.275197549475389,0,0,-1.02736282330994,-0.756321032880405,0.169927088600022,-0.207698474525451,0.349545539005509,0.623631660646747,Attchd,0.177122307000239,-0.365257654389548,-0.740760408320604,-0.702842766617084,3.14325850870917,-0.103330530851366,-0.285935458023539,NONE,0.96804015746011,Normal,0.44693779307133,0,2,2,2,2,0,4,3,3,6,0,0,2,3,3,0,0,2,-4.91413779376274,0,200609
2805,30,RL,-0.0826475443637997,-0.243241233286916,Pave,NONE,Lvl,Inside,Gtl,Edwards,Norm,Norm,1Fam,1Story,5,7,1935,Wd Sdng,Wd Sdng,None,-0.567015949674981,Slab,0,0,0,0,GasA,-3.72731232161413,SBrkr,-0.785025043886639,-0.926468128103564,0,0,-1.02736282330994,-0.756321032880405,-1.04580127322219,-0.207698474525451,-0.287758288825272,0.623631660646747,Detchd,0.152656620204528,-0.987070967660907,-0.740760408320604,-0.702842766617084,1.52415911795579,-0.103330530851366,-0.285935458023539,NONE,-0.0895919598967582,Normal,0.44693779307133,0,2,2,2,2,0,3,3,3,7,0,0,2,3,3,0,0,1,-4.91413779376274,0,200609
2806,30,RL,-0.232008726878616,-0.627483726724102,Pave,NONE,Lvl,Inside,Gtl,SWISU,Norm,Norm,1Fam,1Story,5,3,1936,Wd Sdng,Wd Shng,None,-0.567015949674981,BrkTil,0,0,830,830,GasA,0.268289832918241,SBrkr,-0.785025043886639,-1.22886097131011,0,0,-1.02736282330994,-0.756321032880405,-1.04580127322219,-0.207698474525451,-1.56236594448683,-0.924311211315714,Detchd,0.145984160169334,-1.35830279647963,-0.740760408320604,0.895643590183592,-0.359600750132276,-0.103330530851366,-0.285935458023539,NONE,-0.0895919598967582,Normal,0.44693779307133,1,2,2,3,2,3,0,3,3,7,1,1,1,3,2,1,0,1,-0.250997476711292,0,200601
2807,20,RL,-0.232008726878616,-0.591976169574791,Pave,NONE,Lvl,Inside,Gtl,SWISU,Norm,Norm,1Fam,1Story,7,5,2004,VinylSd,VinylSd,None,-0.567015949674981,PConc,510,373,190,1073,GasA,0.268289832918241,SBrkr,-0.785025043886639,-0.845434751819457,1,0,0.781365814350925,-0.756321032880405,-1.04580127322219,-0.207698474525451,-1.56236594448683,-0.924311211315714,Detchd,0.297226587633731,-1.05203653770418,-0.740760408320604,1.07325318538367,-0.359600750132276,-0.103330530851366,-0.285935458023539,NONE,-0.0895919598967582,Normal,0.44693779307133,1,2,2,4,2,4,0,3,3,7,6,2,2,3,3,2,0,1,0.297607266471232,0,200608
2808,20,RL,-1.72562055202678,0.146961457243189,Pave,NONE,Lvl,Inside,Gtl,Sawyer,Norm,Norm,1Fam,1Story,5,6,1967,HdBoard,HdBoard,BrkFace,1.13857224161106,CBlock,779,0,285,1064,GasA,0.268289832918241,SBrkr,-0.785025043886639,-0.863222566125725,0,1,-1.02736282330994,-0.756321032880405,0.169927088600022,-0.207698474525451,-0.287758288825272,0.623631660646747,Attchd,0.214932913866338,0.256555658881811,1.7413566002697,0.00759561418321662,-0.359600750132276,-0.103330530851366,-0.285935458023539,NONE,-0.0895919598967582,Normal,-2.23744784062252,1,2,2,2,2,3,3,3,3,7,5,1,2,3,2,3,0,1,-0.250997476711292,0,200609
2809,80,RL,0.664158368210282,0.0250944485985896,Pave,NONE,Lvl,Corner,Gtl,Sawyer,Norm,Norm,1Fam,SLvl,6,7,1964,HdBoard,Plywood,None,-0.567015949674981,CBlock,456,0,456,912,GasA,0.268289832918241,SBrkr,-0.785025043886639,-1.1201576616607,0,1,-1.02736282330994,-0.756321032880405,-1.04580127322219,-0.207698474525451,-1.56236594448683,-0.924311211315714,Attchd,0.208260453831144,-0.634400730283121,-0.132088403029352,-0.702842766617084,-0.359600750132276,-0.103330530851366,-0.285935458023539,GdPrv,0.791768137900632,Normal,0.44693779307133,1,3,2,2,2,3,0,3,3,7,6,1,2,3,2,3,0,1,-0.250997476711292,0,200610
2810,20,RL,0.514797185695465,-0.148131705208405,Pave,NONE,Lvl,Corner,Gtl,Sawyer,Norm,Norm,1Fam,1Story,5,6,1966,Plywood,Plywood,None,-0.567015949674981,CBlock,773,0,286,1059,GasA,0.268289832918241,SBrkr,-0.785025043886639,-0.873104685184762,1,0,-1.02736282330994,-0.756321032880405,0.169927088600022,-0.207698474525451,-0.287758288825272,-0.924311211315714,Attchd,0.212708760521274,-0.866420623294823,-0.740760408320604,0.599627598183467,-0.359600750132276,-0.103330530851366,-0.285935458023539,GdWo,-0.0895919598967582,Abnorml,0.44693779307133,1,2,2,3,2,3,0,3,3,7,5,1,2,3,3,1,0,3,-0.250997476711292,0,200609
2811,20,RL,-1.72562055202678,-0.0802869085124007,Pave,NONE,Lvl,Inside,Gtl,Sawyer,Norm,Norm,1Fam,1Story,5,5,1967,HdBoard,HdBoard,BrkFace,1.94942564402574,CBlock,194,982,0,1176,GasA,0.268289832918241,SBrkr,-0.785025043886639,-0.0845115842735742,1,0,-1.02736282330994,1.23259887250509,0.169927088600022,-0.207698474525451,0.349545539005509,0.623631660646747,Attchd,0.214932913866338,0.182309293118067,1.50421166314324,-0.702842766617084,-0.359600750132276,-0.103330530851366,-0.285935458023539,MnPrv,-0.0895919598967582,Normal,-2.23744784062252,1,2,2,2,2,3,3,3,3,7,4,2,2,3,2,1,0,1,-0.250997476711292,0,200610
2812,80,RL,-1.72562055202678,-0.379438077495344,Pave,NONE,Lvl,CulDSac,Gtl,Sawyer,Norm,Norm,1Fam,SLvl,6,6,1978,HdBoard,HdBoard,BrkFace,0.551402536414229,CBlock,794,0,166,960,GasA,0.268289832918241,SBrkr,-0.785025043886639,-0.910656737609104,1,0,-1.02736282330994,-0.756321032880405,0.169927088600022,-0.207698474525451,-0.287758288825272,0.623631660646747,Detchd,0.241622754007115,0.664910670582406,0.29477248379828,-0.702842766617084,-0.359600750132276,-0.103330530851366,2.91835171415425,GdPrv,-0.0895919598967582,Normal,-2.23744784062252,1,2,2,1,2,4,2,3,3,7,6,1,2,3,2,4,0,1,-0.250997476711292,0,200610
2813,90,RL,-1.72562055202678,-0.0641816950911062,Pave,NONE,Lvl,Inside,Gtl,Sawyer,Norm,Norm,Duplex,1Story,5,4,1977,Plywood,Plywood,None,-0.567015949674981,CBlock,0,0,1967,1967,GasA,0.268289832918241,SBrkr,-0.785025043886639,0.921488135936437,0,0,0.781365814350925,-0.756321032880405,3.81711217406667,4.45593111885755,2.26145702249785,-0.924311211315714,Attchd,0.237174447316985,0.497856347613981,0.603060902062681,-0.702842766617084,-0.359600750132276,-0.103330530851366,-0.285935458023539,NONE,-0.0895919598967582,Normal,-2.23744784062252,1,2,2,2,2,3,0,3,3,7,1,1,2,3,2,1,0,3,0.297607266471232,0,200611
2814,90,RL,0.514797185695465,-0.245143423848487,Pave,NONE,Lvl,Inside,Gtl,Sawyer,Norm,Norm,Duplex,1Story,5,4,1977,Plywood,Plywood,BrkFace,-0.013398799060822,CBlock,483,0,1466,1949,GasA,0.268289832918241,SBrkr,-0.785025043886639,0.885912507323903,0,0,0.781365814350925,-0.756321032880405,3.81711217406667,4.45593111885755,2.26145702249785,-0.924311211315714,Attchd,0.237174447316985,0.525698734775385,-0.487805808719045,-0.702842766617084,-0.359600750132276,-0.103330530851366,-0.285935458023539,NONE,-0.0895919598967582,Normal,0.44693779307133,1,2,2,2,2,3,0,3,3,7,3,1,2,3,3,1,0,2,-0.250997476711292,0,200608
2815,30,RL,-1.72562055202678,0.933453848100424,Pave,NONE,Lvl,Inside,Gtl,Sawyer,Norm,Norm,1Fam,1Story,5,5,1924,BrkFace,Wd Sdng,Stone,-0.203529941695988,BrkTil,0,0,872,872,GasA,-3.72731232161413,FuseF,-0.785025043886639,-1.24269593799276,0,0,-1.02736282330994,-0.756321032880405,-1.04580127322219,-0.207698474525451,-0.925062116656053,0.623631660646747,Detchd,0.119294320028558,-0.699366300326398,-0.740760408320604,-0.702842766617084,1.44631780109265,-0.103330530851366,-0.285935458023539,NONE,-0.0895919598967582,Normal,-2.23744784062252,1,2,2,1,1,3,4,2,2,4,1,1,0,3,3,1,0,1,-0.250997476711292,0,200607
2816,20,RL,-1.72562055202678,1.29182654990025,Pave,NONE,Low,Inside,Mod,ClearCr,Norm,Norm,1Fam,1Story,7,6,1967,Plywood,Plywood,BrkFace,0.120811419269883,CBlock,810,826,229,1865,GasA,0.268289832918241,SBrkr,-0.785025043886639,0.650718073718812,1,0,-1.02736282330994,-0.756321032880405,-1.04580127322219,-0.207698474525451,-0.287758288825272,2.17157453260921,Attchd,0.214932913866338,0.224072873860173,-0.740760408320604,0.999249187383636,2.25586749646934,-0.103330530851366,-0.285935458023539,NONE,-0.0895919598967582,Normal,-2.23744784062252,1,2,2,2,2,3,4,3,3,7,3,5,2,3,3,3,0,1,0.297607266471232,0,200609
2817,20,RL,0.873264023731024,0.365459746415555,Pave,NONE,Low,Inside,Mod,ClearCr,Norm,Norm,1Fam,1Story,5,6,1963,WdShing,Wd Shng,None,-0.567015949674981,CBlock,104,850,46,1000,GasA,0.268289832918241,SBrkr,-0.785025043886639,-0.989713690081404,1,0,-1.02736282330994,-0.756321032880405,-2.26152963504441,-0.207698474525451,-1.56236594448683,2.17157453260921,Attchd,0.27276090083802,0.474654358312811,1.14058942621599,-0.702842766617084,1.94450222901676,-0.103330530851366,-0.285935458023539,NONE,-0.0895919598967582,Normal,0.44693779307133,1,2,2,4,2,3,3,3,3,7,3,5,2,3,3,3,0,1,0.297607266471232,0,200607
2818,85,RL,0.425180476186576,0.0826674162621151,Pave,NONE,Lvl,Corner,Gtl,Sawyer,Feedr,Norm,1Fam,SFoyer,5,7,1971,HdBoard,HdBoard,BrkFace,0.288574192183264,PConc,535,159,88,782,GasA,0.268289832918241,SBrkr,-0.785025043886639,-1.36523421432483,1,0,-1.02736282330994,-0.756321032880405,-1.04580127322219,-0.207698474525451,-1.56236594448683,-0.924311211315714,Detchd,0.228277833936727,0.479294756173045,-0.740760408320604,-0.702842766617084,-0.359600750132276,-0.103330530851366,-0.285935458023539,MnPrv,-0.0895919598967582,Normal,0.44693779307133,1,2,2,4,2,3,0,3,3,7,6,3,2,3,3,3,0,1,0.297607266471232,0,200609
2819,150,RL,-1.72562055202678,-1.07386444517258,Pave,NONE,HLS,Inside,Gtl,ClearCr,Norm,Norm,Twnhs,1.5Fin,7,5,1980,VinylSd,VinylSd,None,-0.567015949674981,PConc,397,0,33,430,GasA,0.268289832918241,SBrkr,0.801432150106686,0.393782978183838,1,0,0.781365814350925,1.23259887250509,-1.04580127322219,-0.207698474525451,0.349545539005509,-0.924311211315714,Basment,0.243846907352179,-0.105395374216442,0.745347864338558,-0.170013981016859,-0.359600750132276,-0.103330530851366,3.274383622174,NONE,-0.0895919598967582,Normal,-2.23744784062252,1,2,3,2,3,3,0,4,3,7,6,1,2,3,3,2,0,3,0.297607266471232,0,200607
2820,20,RL,0.514797185695465,-0.10057694116915,Pave,NONE,Lvl,Corner,Gtl,Edwards,Norm,Norm,1Fam,1Story,4,5,1954,MetalSd,MetalSd,None,-0.567015949674981,CBlock,799,0,168,967,GasA,0.268289832918241,SBrkr,-0.785025043886639,-0.297965355948783,0,0,-1.02736282330994,1.23259887250509,0.169927088600022,-0.207698474525451,-0.287758288825272,0.623631660646747,Attchd,0.186018920380498,0.145186110236195,1.13268459497845,-0.702842766617084,-0.359600750132276,-0.103330530851366,-0.285935458023539,NONE,-0.0895919598967582,Normal,0.44693779307133,1,3,2,4,2,3,4,3,3,7,3,1,2,3,3,1,0,2,-0.250997476711292,0,200609
2821,50,RL,0.126458111156943,-0.466685217919365,Pave,NONE,Lvl,Inside,Gtl,Edwards,Norm,Norm,1Fam,1.5Fin,5,5,1942,BrkFace,Wd Sdng,None,-0.567015949674981,BrkTil,230,0,569,799,GasA,-3.72731232161413,FuseA,0.0338668312481506,-0.693250118310281,0,0,-1.02736282330994,-0.756321032880405,0.169927088600022,-0.207698474525451,-0.287758288825272,2.17157453260921,BuiltIn,0.159329080239722,-1.19588887137144,1.34611503839226,-0.702842766617084,-0.359600750132276,-0.103330530851366,-0.285935458023539,NONE,-0.0895919598967582,Family,0.44693779307133,1,2,2,4,2,3,3,3,3,4,2,1,2,3,3,1,0,1,-0.250997476711292,0,200606
2822,70,RL,1.67981440931103,1.24046740473786,Pave,NONE,Lvl,Corner,Gtl,Edwards,Norm,Norm,1Fam,2Story,6,7,1928,WdShing,Plywood,None,-0.567015949674981,PConc,0,0,672,672,GasA,0.268289832918241,SBrkr,0.782767947824411,1.00449793603235,0,0,0.781365814350925,-0.756321032880405,1.38565545042224,-0.207698474525451,0.98684936683629,2.17157453260921,2Types,0.128190933408816,1.4955418875643,-0.740760408320604,-0.0812091834168209,-0.359600750132276,-0.103330530851366,2.91835171415425,NONE,-0.0895919598967582,Normal,0.44693779307133,1,2,2,4,2,3,4,3,3,7,1,1,1,3,3,1,0,1,-0.250997476711292,0,200604
2823,75,RL,0.0667136381510165,1.22144549912216,Pave,NONE,Lvl,Inside,Gtl,Edwards,Norm,Norm,1Fam,2.5Unf,6,8,1935,BrkFace,Wd Sdng,None,-0.567015949674981,BrkTil,425,0,1411,1836,GasA,0.268289832918241,SBrkr,3.49840937989534,4.29129073506821,0,0,2.59009445201179,1.23259887250509,2.60138381224446,-0.207698474525451,0.349545539005509,2.17157453260921,Detchd,0.27276090083802,1.68579819983389,4.66614415816273,0.481221201383417,0.138583677791841,-0.103330530851366,-0.285935458023539,NONE,-0.0895919598967582,Normal,0.44693779307133,1,2,2,3,3,3,4,3,3,7,3,1,2,3,3,1,0,1,-0.250997476711292,0,200604
2824,80,RL,0.604413895204355,0.191599529088037,Pave,NONE,Lvl,Inside,Gtl,Edwards,Norm,Norm,1Fam,SLvl,5,5,1962,Plywood,Plywood,Stone,-0.0301750763521602,CBlock,612,1164,0,1776,GasA,0.268289832918241,SBrkr,-0.785025043886639,0.11708364453079,0,1,0.781365814350925,-0.756321032880405,0.169927088600022,-0.207698474525451,-0.287758288825272,0.623631660646747,Attchd,0.203812147141015,0.256555658881811,2.84012814228897,3.0417595321845,1.88222917552625,-0.103330530851366,-0.285935458023539,MnPrv,-0.0895919598967582,Normal,0.44693779307133,1,2,2,4,2,3,2,3,3,5,5,3,2,3,2,4,0,3,-0.250997476711292,0,200608
2825,20,RL,0.664158368210282,0.238393416902664,Pave,NONE,Lvl,Inside,Gtl,Edwards,Norm,Norm,1Fam,1Story,5,6,1952,Wd Sdng,Wd Sdng,BrkFace,0.730349494188502,Slab,0,0,0,0,GasA,0.268289832918241,SBrkr,-0.785025043886639,-0.0252188699193495,0,0,-1.02736282330994,-0.756321032880405,0.169927088600022,-0.207698474525451,0.349545539005509,0.623631660646747,Attchd,0.292778280943602,0.446811971151406,-0.740760408320604,2.0945083577841,0.200856731282355,-0.103330530851366,5.90901974152018,NONE,-0.0895919598967582,Normal,0.44693779307133,0,2,2,3,2,0,5,3,3,7,0,0,2,3,3,0,0,2,-4.91413779376274,0,200607
2826,20,RL,0.365436003180649,0.0444967923266059,Pave,NONE,Lvl,Inside,Gtl,Edwards,Norm,Norm,1Fam,1Story,5,8,1955,MetalSd,MetalSd,Stone,0.350087208918171,CBlock,0,0,1057,1057,GasA,0.268289832918241,SBrkr,-0.785025043886639,-0.877057532808377,0,1,-1.02736282330994,-0.756321032880405,0.169927088600022,-0.207698474525451,-0.287758288825272,-0.924311211315714,Attchd,0.188243073725562,-0.857139827574354,-0.740760408320604,-0.702842766617084,-0.359600750132276,-0.103330530851366,-0.285935458023539,NONE,-0.0895919598967582,Normal,0.44693779307133,1,2,2,3,3,3,0,3,3,7,1,1,2,3,3,2,0,1,-0.250997476711292,0,200606
2827,50,RL,0.514797185695465,-0.0815550355534475,Pave,NONE,Lvl,Inside,Gtl,Edwards,Norm,Norm,1Fam,1.5Fin,6,5,1953,MetalSd,MetalSd,None,-0.567015949674981,CBlock,468,0,532,1000,GasA,0.268289832918241,SBrkr,0.477141635452168,0.213928411309357,0,0,-1.02736282330994,1.23259887250509,2.60138381224446,-0.207698474525451,0.349545539005509,-0.924311211315714,Attchd,0.183794767035433,-0.778253063950376,-0.740760408320604,-0.702842766617084,-0.359600750132276,-0.103330530851366,-0.285935458023539,NONE,-0.0895919598967582,Normal,0.44693779307133,1,2,2,2,2,3,0,2,3,7,2,1,2,3,3,1,0,1,-0.250997476711292,0,200610
2828,60,RL,0.903136260233988,0.248538433231039,Pave,NONE,Bnk,Inside,Gtl,SawyerW,Norm,Norm,1Fam,2Story,6,4,1989,HdBoard,HdBoard,BrkFace,0.730349494188502,CBlock,549,0,319,868,GasA,0.268289832918241,SBrkr,2.1219244615776,2.09153103252647,0,0,0.781365814350925,1.23259887250509,1.38565545042224,-0.207698474525451,1.62415319466707,0.623631660646747,Attchd,0.263864287457761,0.154466905956663,-0.740760408320604,2.92335313538445,-0.359600750132276,-0.103330530851366,2.7047325693424,MnPrv,-0.0895919598967582,Abnorml,0.44693779307133,1,2,3,4,4,3,3,3,3,7,5,1,2,3,2,1,0,2,0.297607266471232,0,200603
2829,90,RL,0.455052712689539,-0.139381628625182,Pave,NONE,Lvl,Inside,Gtl,SawyerW,Norm,Norm,Duplex,SFoyer,6,8,1993,HdBoard,HdBoard,None,-0.567015949674981,PConc,261,1083,0,1344,GasA,0.268289832918241,SBrkr,-0.785025043886639,-0.120087212886109,2,0,0.781365814350925,-0.756321032880405,-1.04580127322219,4.45593111885755,0.98684936683629,-0.924311211315714,Attchd,0.27276090083802,2.07559162009355,1.53583098809343,-0.702842766617084,-0.359600750132276,-0.103330530851366,-0.285935458023539,NONE,-0.0895919598967582,Normal,0.44693779307133,1,3,3,3,3,3,0,3,3,7,2,6,2,3,3,3,0,1,0.297607266471232,0,200607
2830,60,RL,2.24738690286733,0.105874141113272,Pave,NONE,Lvl,Inside,Gtl,CollgCr,Norm,Norm,1Fam,2Story,7,5,2005,VinylSd,VinylSd,None,-0.567015949674981,PConc,0,0,1308,1308,GasA,0.268289832918241,SBrkr,0.540133318154844,0.741633569061956,0,0,0.781365814350925,1.23259887250509,0.169927088600022,-0.207698474525451,0.349545539005509,-0.924311211315714,BuiltIn,0.299450740978796,1.7414829741567,-0.740760408320604,-0.110810782616833,-0.359600750132276,-0.103330530851366,-0.285935458023539,NONE,-0.0895919598967582,Partial,0.44693779307133,1,2,3,4,3,3,0,3,3,7,1,1,2,3,1,1,0,2,0.297607266471232,0,200610
2831,20,RL,0.18620258416287,-0.339872513814684,Pave,NONE,Lvl,Inside,Gtl,CollgCr,Norm,Norm,1Fam,1Story,7,5,2005,VinylSd,VinylSd,None,-0.567015949674981,PConc,393,0,815,1208,GasA,0.268289832918241,SBrkr,-0.785025043886639,-0.578617537225446,0,0,0.781365814350925,-0.756321032880405,-1.04580127322219,-0.207698474525451,-0.287758288825272,-0.924311211315714,Attchd,0.299450740978796,0.73915703634615,0.089246871622013,0.155603610183279,-0.359600750132276,-0.103330530851366,-0.285935458023539,NONE,-0.0895919598967582,Abnorml,0.44693779307133,1,2,3,4,3,3,0,3,3,7,6,1,2,3,2,3,0,2,0.297607266471232,0,200605
2832,20,RL,0.962880733239914,0.406927500657786,Pave,NONE,Lvl,Corner,Gtl,CollgCr,Norm,Norm,1Fam,1Story,6,5,2006,VinylSd,VinylSd,None,-0.567015949674981,PConc,1576,0,260,1836,GasA,0.268289832918241,SBrkr,-0.785025043886639,0.682340854707731,1,0,0.781365814350925,-0.756321032880405,0.169927088600022,-0.207698474525451,0.349545539005509,0.623631660646747,Attchd,0.301674894323861,0.103422529494089,-0.740760408320604,-0.229217179416884,-0.359600750132276,-0.103330530851366,-0.285935458023539,NONE,-0.0895919598967582,Partial,0.44693779307133,1,2,3,3,3,3,4,3,3,7,6,1,2,3,3,1,0,2,0.297607266471232,0,200610
2833,20,RL,0.604413895204355,0.187287897148477,Pave,NONE,Lvl,Inside,Gtl,CollgCr,Norm,Norm,1Fam,1Story,8,5,2005,VinylSd,VinylSd,BrkFace,0.540218351553337,PConc,1122,0,448,1570,GasA,0.268289832918241,SBrkr,-0.785025043886639,0.176376358885014,1,0,0.781365814350925,1.23259887250509,-1.04580127322219,-0.207698474525451,-0.287758288825272,-0.924311211315714,Attchd,0.299450740978796,1.3052855752947,0.650489889487973,0.481221201383417,-0.359600750132276,-0.103330530851366,-0.285935458023539,NONE,-0.0895919598967582,Partial,0.44693779307133,1,2,3,4,4,3,0,3,3,7,6,1,2,3,3,4,0,3,1.66911912442754,0,200611
2834,60,RL,0.992752969742877,0.103464699735283,Pave,NONE,Lvl,Corner,Gtl,CollgCr,Norm,Norm,1Fam,2Story,7,5,2005,VinylSd,VinylSd,None,-0.567015949674981,PConc,0,0,945,945,GasA,0.268289832918241,SBrkr,1.230708802599,0.609213173670854,0,0,0.781365814350925,1.23259887250509,0.169927088600022,-0.207698474525451,0.98684936683629,-0.924311211315714,Attchd,0.299450740978796,0.766999423507554,0.397535289886414,0.0964004117832542,-0.359600750132276,-0.103330530851366,-0.285935458023539,NONE,-0.0895919598967582,Partial,0.44693779307133,1,2,3,4,3,3,0,3,3,7,1,1,2,3,2,4,0,2,0.297607266471232,0,200608
2835,20,RL,0.604413895204355,-0.108058890711326,Pave,NONE,Lvl,Inside,Gtl,CollgCr,Norm,Norm,1Fam,1Story,7,5,2005,VinylSd,VinylSd,BrkFace,0.215876990587466,PConc,56,0,1558,1614,GasA,0.268289832918241,SBrkr,-0.785025043886639,0.223810530368394,0,0,0.781365814350925,-0.756321032880405,0.169927088600022,-0.207698474525451,0.349545539005509,0.623631660646747,Attchd,0.299450740978796,0.479294756173045,0.0497227154342694,-0.0368067846168022,-0.359600750132276,-0.103330530851366,-0.285935458023539,NONE,-0.0895919598967582,Normal,0.44693779307133,1,2,3,4,3,3,4,3,3,7,6,1,2,3,3,4,0,3,0.297607266471232,0,200606
2836,60,RL,0.604413895204355,-0.108058890711326,Pave,NONE,Lvl,Inside,Gtl,CollgCr,Norm,Norm,1Fam,2Story,7,5,2005,VinylSd,VinylSd,BrkFace,2.40797722332232,PConc,0,0,784,784,GasA,0.268289832918241,SBrkr,1.10939148776421,0.188234901755859,0,0,0.781365814350925,1.23259887250509,0.169927088600022,-0.207698474525451,-0.287758288825272,-0.924311211315714,Attchd,0.299450740978796,0.637068283421001,0.397535289886414,-0.0368067846168022,-0.359600750132276,-0.103330530851366,-0.285935458023539,NONE,-0.0895919598967582,Normal,0.44693779307133,1,2,3,4,3,3,0,3,3,7,1,1,2,3,2,3,0,2,0.297607266471232,0,200609
2837,20,RL,0.664158368210282,0.232306407105639,Pave,NONE,Lvl,Inside,Gtl,ClearCr,Norm,Norm,1Fam,1Story,6,5,1968,Plywood,Plywood,None,-0.567015949674981,CBlock,853,0,535,1388,GasA,0.268289832918241,SBrkr,-0.785025043886639,-0.222861251100098,1,0,0.781365814350925,-0.756321032880405,0.169927088600022,-0.207698474525451,-0.287758288825272,0.623631660646747,Attchd,0.217157067211403,0.228713271720407,-0.740760408320604,0.155603610183279,-0.359600750132276,-0.103330530851366,-0.285935458023539,NONE,-0.0895919598967582,Abnorml,0.44693779307133,1,1,2,3,2,2,1,3,3,7,2,1,2,3,3,1,0,2,0.297607266471232,0,200610
2838,20,RL,1.11224191575473,0.361021301771891,Pave,NONE,Lvl,Corner,Gtl,CollgCr,Norm,Norm,1Fam,1Story,5,6,1996,VinylSd,VinylSd,None,-0.567015949674981,PConc,0,0,1100,1100,GasA,0.268289832918241,SBrkr,-0.785025043886639,-0.792071308900655,0,0,-1.02736282330994,1.23259887250509,0.169927088600022,-0.207698474525451,-0.925062116656053,-0.924311211315714,Attchd,0.279433360873214,-0.0497105998936342,-0.740760408320604,-0.702842766617084,-0.359600750132276,-0.103330530851366,-0.285935458023539,NONE,-0.0895919598967582,Normal,0.44693779307133,1,3,2,4,2,3,0,3,3,7,1,1,2,3,3,1,0,2,0.297607266471232,0,200609
2839,60,RL,0.216074820665833,0.28785037150349,Pave,NONE,Lvl,Inside,Gtl,CollgCr,PosN,Norm,1Fam,2Story,6,5,1995,VinylSd,VinylSd,BrkFace,-0.186753664404649,PConc,0,0,781,781,GasA,0.268289832918241,SBrkr,0.857424756953509,-0.00347820798946716,0,0,0.781365814350925,1.23259887250509,0.169927088600022,-0.207698474525451,-0.287758288825272,0.623631660646747,Attchd,0.277209207528149,0.00133377656894009,2.52393489278702,0.644029996983486,-0.359600750132276,-0.103330530851366,-0.285935458023539,NONE,-0.0895919598967582,Normal,0.44693779307133,1,2,3,4,3,3,3,3,3,7,1,1,2,3,2,1,0,2,0.297607266471232,0,200611
2840,20,RL,-1.72562055202678,-0.18807770700138,Pave,NONE,Lvl,CulDSac,Gtl,CollgCr,Norm,Norm,1Fam,1Story,7,5,1998,VinylSd,VinylSd,None,-0.567015949674981,PConc,846,0,579,1425,GasA,0.268289832918241,SBrkr,-0.785025043886639,-0.149733570063221,1,0,0.781365814350925,-0.756321032880405,0.169927088600022,-0.207698474525451,-0.925062116656053,-0.924311211315714,Attchd,0.283881667563343,0.548900724076555,-0.740760408320604,1.22126118138373,-0.359600750132276,-0.103330530851366,-0.285935458023539,NONE,-0.0895919598967582,Normal,-2.23744784062252,1,2,2,4,2,3,0,3,3,7,6,1,2,3,2,2,0,2,0.297607266471232,0,200608
2841,60,RL,0.305691530174723,-0.113638649691932,Pave,NONE,Lvl,Inside,Gtl,CollgCr,Norm,Norm,1Fam,2Story,7,5,1999,VinylSd,VinylSd,None,-0.567015949674981,PConc,500,0,342,842,GasA,0.268289832918241,SBrkr,1.29836653587224,0.490627744962405,0,0,0.781365814350925,1.23259887250509,0.169927088600022,-0.207698474525451,0.349545539005509,-0.924311211315714,Attchd,0.286105820908408,0.196230486698769,0.365915964936219,0.555225199383448,-0.359600750132276,-0.103330530851366,-0.285935458023539,NONE,-0.0895919598967582,Normal,0.44693779307133,1,2,3,4,3,3,0,3,3,7,6,1,2,3,2,1,0,2,0.297607266471232,0,200609
2842,60,RL,0.425180476186576,0.413141323158915,Pave,NONE,Lvl,Corner,Gtl,CollgCr,Norm,Norm,1Fam,2Story,7,5,1999,VinylSd,VinylSd,None,-0.567015949674981,PConc,894,0,57,951,GasA,0.268289832918241,SBrkr,1.14671989232876,0.54992045931663,1,0,0.781365814350925,1.23259887250509,0.169927088600022,-0.207698474525451,0.349545539005509,0.623631660646747,Attchd,0.286105820908408,0.525698734775385,0.903444489089533,0.880842790583586,-0.359600750132276,-0.103330530851366,-0.285935458023539,NONE,-0.0895919598967582,Normal,0.44693779307133,1,2,3,4,3,3,3,3,3,7,6,1,2,3,2,2,0,3,0.297607266471232,0,200612
2843,60,RL,-0.232008726878616,-0.231828089917495,Pave,NONE,Lvl,Inside,Gtl,CollgCr,Norm,Norm,1Fam,2Story,6,6,1977,HdBoard,Plywood,BrkFace,-0.220306218987326,CBlock,509,0,166,675,GasA,0.268289832918241,SBrkr,0.85275870638294,-0.222861251100098,0,0,-1.02736282330994,1.23259887250509,0.169927088600022,-0.207698474525451,-0.287758288825272,-0.924311211315714,Attchd,0.237174447316985,-0.722568289627568,2.46860107412418,-0.170013981016859,-0.359600750132276,-0.103330530851366,-0.285935458023539,NONE,-0.0895919598967582,Normal,0.44693779307133,1,2,2,2,2,3,0,3,3,7,6,1,2,3,2,3,0,1,0.297607266471232,0,200604
2844,80,RL,-0.470986618902322,0.0275038899765786,Pave,NONE,Lvl,CulDSac,Gtl,CollgCr,Norm,Norm,1Fam,SLvl,6,6,1978,HdBoard,HdBoard,BrkFace,0.120811419269883,CBlock,595,400,0,995,GasA,0.268289832918241,SBrkr,-0.785025043886639,-0.432362175151692,0,1,0.781365814350925,-0.756321032880405,0.169927088600022,-0.207698474525451,-0.287758288825272,-0.924311211315714,Detchd,0.263864287457761,0.924772950755511,2.31050444937321,-0.702842766617084,-0.359600750132276,-0.103330530851366,-0.285935458023539,NONE,-0.0895919598967582,Normal,0.44693779307133,1,2,2,2,2,4,0,2,3,7,5,2,2,3,2,3,0,1,-0.250997476711292,0,200607
2845,20,RL,0.0667136381510165,-0.376394572596832,Pave,NONE,Low,Inside,Gtl,CollgCr,Norm,Norm,1Fam,1Story,5,8,1972,VinylSd,VinylSd,None,-0.567015949674981,CBlock,437,0,427,864,GasA,0.268289832918241,SBrkr,-0.785025043886639,-1.25850732848722,0,0,-1.02736282330994,-0.756321032880405,0.169927088600022,-0.207698474525451,-0.925062116656053,-0.924311211315714,Detchd,0.237174447316985,-0.815376246832248,-0.740760408320604,-0.702842766617084,-0.359600750132276,-0.103330530851366,-0.285935458023539,MnPrv,-0.0895919598967582,Normal,0.44693779307133,1,2,2,4,2,3,0,3,3,7,4,1,2,3,3,1,0,1,-0.250997476711292,0,200606
2846,60,RL,-1.72562055202678,-0.0301958903910515,Pave,NONE,Lvl,Inside,Gtl,CollgCr,Norm,Norm,1Fam,2Story,7,5,2002,VinylSd,VinylSd,BrkFace,0.545810443983783,PConc,456,0,370,826,GasA,0.268289832918241,SBrkr,1.27736930830468,0.516321254515902,0,0,0.781365814350925,1.23259887250509,0.169927088600022,-0.207698474525451,-0.287758288825272,-0.924311211315714,Attchd,0.292778280943602,0.548900724076555,1.78878558769499,0.0964004117832542,-0.359600750132276,-0.103330530851366,-0.285935458023539,NONE,-0.0895919598967582,Normal,-2.23744784062252,1,2,3,4,3,3,0,3,3,7,6,1,2,3,2,1,0,3,0.297607266471232,0,200610
2847,60,RL,-0.381369909393432,-0.0887833596874144,Pave,NONE,Lvl,CulDSac,Gtl,CollgCr,Norm,Norm,1Fam,2Story,6,5,1999,VinylSd,VinylSd,BrkFace,0.260613730031034,PConc,639,0,201,840,GasA,0.268289832918241,SBrkr,1.3496930921485,0.50248628783325,1,0,0.781365814350925,1.23259887250509,0.169927088600022,-0.207698474525451,0.349545539005509,0.623631660646747,Attchd,0.286105820908408,0.26583645460228,0.650489889487973,0.377615604183373,-0.359600750132276,-0.103330530851366,-0.285935458023539,NONE,-0.0895919598967582,Normal,0.44693779307133,1,2,2,4,2,3,3,3,3,7,6,1,2,3,1,2,0,2,0.297607266471232,0,200611
2848,20,RL,-1.72562055202678,0.11665322096217,Pave,NONE,Lvl,Corner,Gtl,CollgCr,Norm,Norm,1Fam,1Story,8,5,2002,Stucco,Stucco,None,-0.567015949674981,PConc,872,0,476,1348,GasA,0.268289832918241,SBrkr,-0.785025043886639,-0.282153965454323,1,0,-1.02736282330994,1.23259887250509,-2.26152963504441,-0.207698474525451,-0.925062116656053,0.623631660646747,Attchd,0.292778280943602,-0.253888105743931,-0.20323188416729,1.75408996698396,-0.359600750132276,-0.103330530851366,-0.285935458023539,NONE,-0.0895919598967582,Normal,-2.23744784062252,1,2,3,4,3,3,3,3,3,7,6,1,2,3,3,1,0,1,0.297607266471232,0,200609
2849,60,RL,0.365436003180649,-0.182878386133088,Pave,NONE,Lvl,Inside,Gtl,CollgCr,Norm,Norm,1Fam,2Story,7,5,2002,VinylSd,VinylSd,None,-0.567015949674981,PConc,0,0,872,872,GasA,0.268289832918241,SBrkr,1.63432217695318,0.806855554851603,0,0,0.781365814350925,1.23259887250509,1.38565545042224,-0.207698474525451,0.98684936683629,-0.924311211315714,BuiltIn,0.292778280943602,0.261196056742045,-0.740760408320604,0.895643590183592,-0.359600750132276,-0.103330530851366,-0.285935458023539,NONE,-0.0895919598967582,Normal,0.44693779307133,1,2,3,4,3,3,0,3,3,7,1,1,2,3,3,1,0,2,0.297607266471232,0,200612
2850,60,RL,0.275819293671759,0.0504569894195259,Pave,NONE,Lvl,Inside,Gtl,CollgCr,Norm,Norm,1Fam,2Story,8,5,1999,VinylSd,VinylSd,BrkFace,0.892520174671437,PConc,920,0,170,1090,GasA,0.268289832918241,SBrkr,1.83729537677292,1.40966481745289,1,0,0.781365814350925,1.23259887250509,0.169927088600022,-0.207698474525451,0.98684936683629,0.623631660646747,Attchd,0.286105820908408,0.804122606389426,0.816491345476496,0.481221201383417,-0.359600750132276,-0.103330530851366,-0.285935458023539,NONE,-0.0895919598967582,Normal,0.44693779307133,1,2,3,4,3,3,3,3,3,7,6,1,2,3,2,3,0,3,0.297607266471232,0,200610
2851,60,RL,-1.72562055202678,1.44121191533557,Pave,NONE,Lvl,FR2,Gtl,CollgCr,Feedr,Norm,1Fam,2Story,7,5,1996,VinylSd,VinylSd,None,-0.567015949674981,PConc,0,0,1065,1065,GasA,0.268289832918241,SBrkr,1.51067183683311,1.08355488850465,0,0,0.781365814350925,1.23259887250509,1.38565545042224,-0.207698474525451,1.62415319466707,0.623631660646747,Attchd,0.281657514218279,-0.0265086105924641,0.207819340185244,0.00759561418321662,-0.359600750132276,-0.103330530851366,-0.285935458023539,NONE,-0.0895919598967582,Normal,-2.23744784062252,1,2,3,4,3,3,3,3,3,7,1,1,2,3,1,1,0,1,0.297607266471232,0,200611
2852,60,RL,0.962880733239914,0.137196879027128,Pave,NONE,Lvl,Corner,Gtl,CollgCr,Norm,Norm,1Fam,2Story,7,5,1998,VinylSd,VinylSd,BrkFace,0.702389032036272,PConc,796,0,258,1054,GasA,0.268289832918241,SBrkr,1.24237392902542,0.866148269205828,0,1,0.781365814350925,1.23259887250509,0.169927088600022,-0.207698474525451,0.98684936683629,0.623631660646747,Attchd,0.283881667563343,0.38184640110813,0.271057990085634,0.540424399783442,-0.359600750132276,-0.103330530851366,-0.285935458023539,NONE,-0.0895919598967582,Normal,0.44693779307133,1,2,2,4,3,3,3,3,3,7,5,1,2,3,2,2,0,2,0.297607266471232,0,200608
2853,60,RL,0.962880733239914,0.137196879027128,Pave,NONE,Lvl,Corner,Gtl,CollgCr,Norm,Norm,1Fam,2Story,7,5,1995,VinylSd,VinylSd,None,-0.567015949674981,PConc,685,0,245,930,GasA,0.268289832918241,SBrkr,1.65298637923546,0.976828002667047,1,0,0.781365814350925,1.23259887250509,1.38565545042224,-0.207698474525451,0.98684936683629,0.623631660646747,Attchd,0.277209207528149,0.637068283421001,1.4330681820053,1.81329316538398,-0.359600750132276,-0.103330530851366,-0.285935458023539,NONE,-0.0895919598967582,Normal,0.44693779307133,1,3,3,4,3,4,3,3,3,7,6,1,2,3,3,3,0,2,0.297607266471232,0,200610
2854,120,RM,-0.620347801417138,-0.727031699446277,Pave,NONE,Lvl,Inside,Gtl,CollgCr,Norm,Norm,TwnhsE,1Story,6,5,2003,VinylSd,VinylSd,BrkFace,0.383639763500847,PConc,717,0,131,848,GasA,0.268289832918241,SBrkr,-0.785025043886639,-1.29013010947614,1,0,-1.02736282330994,-0.756321032880405,-2.26152963504441,-0.207698474525451,-1.56236594448683,-0.924311211315714,Attchd,0.295002434288667,-0.244607310023463,0.365915964936219,-0.702842766617084,-0.359600750132276,-0.103330530851366,-0.285935458023539,NONE,-0.0895919598967582,Normal,0.44693779307133,1,2,3,4,3,3,0,3,3,7,6,1,2,3,3,3,0,3,0.297607266471232,0,200607
2855,20,RL,0.365436003180649,-0.172226118988295,Pave,NONE,Lvl,Inside,Gtl,CollgCr,Norm,Norm,1Fam,1Story,7,5,2003,VinylSd,VinylSd,None,-0.567015949674981,PConc,1000,0,390,1390,GasA,0.268289832918241,SBrkr,-0.785025043886639,-0.218908403476483,1,0,0.781365814350925,-0.756321032880405,0.169927088600022,-0.207698474525451,0.349545539005509,-0.924311211315714,Attchd,0.295002434288667,0.33544242250579,-0.740760408320604,0.303611606183342,-0.359600750132276,-0.103330530851366,-0.285935458023539,NONE,-0.0895919598967582,Normal,0.44693779307133,1,2,3,4,3,3,0,3,3,7,6,1,2,3,3,1,0,2,0.297607266471232,0,200606
2856,60,RL,0.484924949192502,-0.201266228228267,Pave,NONE,Lvl,Inside,Gtl,CollgCr,Norm,Norm,1Fam,2Story,7,5,2006,VinylSd,VinylSd,None,-0.567015949674981,PConc,0,0,851,851,GasA,0.268289832918241,SBrkr,1.28203535887525,0.466910659220715,0,0,0.781365814350925,1.23259887250509,0.169927088600022,-0.207698474525451,0.349545539005509,-0.924311211315714,Attchd,0.301674894323861,0.488575551893513,-0.740760408320604,0.851241191383573,-0.359600750132276,-0.103330530851366,-0.285935458023539,NONE,-0.0895919598967582,Partial,0.44693779307133,1,2,3,4,3,4,0,3,3,7,1,1,2,3,2,2,0,2,0.297607266471232,0,200611
2857,60,RL,0.365436003180649,-0.224219327671214,Pave,NONE,Lvl,Inside,Gtl,CollgCr,Norm,Norm,1Fam,2Story,7,5,2005,VinylSd,VinylSd,None,-0.567015949674981,PConc,0,0,784,784,GasA,0.268289832918241,SBrkr,1.14438686704348,0.217881258932972,0,0,0.781365814350925,1.23259887250509,0.169927088600022,-0.207698474525451,-0.287758288825272,-0.924311211315714,Attchd,0.299450740978796,0.460733164732109,0.397535289886414,-0.170013981016859,-0.359600750132276,-0.103330530851366,-0.285935458023539,NONE,-0.0895919598967582,Normal,0.44693779307133,1,2,3,4,3,3,0,3,3,7,1,1,2,3,3,3,0,2,0.297607266471232,0,200606
2858,20,RL,0.216074820665833,-0.177045001744273,Pave,NONE,Lvl,FR2,Gtl,CollgCr,Norm,Norm,1Fam,1Story,7,5,2005,VinylSd,VinylSd,None,-0.567015949674981,PConc,996,0,340,1336,GasA,0.268289832918241,SBrkr,-0.785025043886639,-0.325635289314088,1,0,0.781365814350925,-0.756321032880405,0.169927088600022,-0.207698474525451,-0.287758288825272,-0.924311211315714,Attchd,0.299450740978796,0.135905314515727,0.334296639986024,-0.0664083838168147,-0.359600750132276,-0.103330530851366,-0.285935458023539,NONE,-0.0895919598967582,Partial,0.44693779307133,1,2,3,4,3,3,0,3,3,7,6,1,2,3,3,2,0,1,0.297607266471232,0,200612
2859,70,RL,0.275819293671759,-0.176410938223749,Pave,NONE,Bnk,Inside,Gtl,Edwards,Feedr,Norm,1Fam,2Story,4,6,1910,Plywood,Plywood,None,-0.567015949674981,CBlock,173,337,166,676,GasA,0.268289832918241,SBrkr,0.792100048965549,-0.127992908133339,1,0,0.781365814350925,-0.756321032880405,0.169927088600022,-0.207698474525451,-0.287758288825272,-0.924311211315714,Attchd,0.177122307000239,0.256555658881811,0.42124978359906,-0.702842766617084,-0.359600750132276,-0.103330530851366,-0.285935458023539,NONE,0.650750522253049,Normal,0.44693779307133,1,3,2,3,2,3,0,3,3,6,3,4,2,3,3,1,0,1,0.297607266471232,0,200602
2860,90,RL,-0.590475564914175,-0.295234441969836,Pave,NONE,Lvl,CulDSac,Gtl,Edwards,Norm,Norm,Duplex,SFoyer,6,5,1975,Plywood,Wd Shng,BrkFace,1.41817686313337,CBlock,976,0,0,976,GasA,0.268289832918241,SBrkr,-0.785025043886639,-0.965996604339714,0,2,0.781365814350925,-0.756321032880405,1.38565545042224,-4.87132806790845,-1.56236594448683,-0.924311211315714,NONE,-4.15997671587587,-2.19357441132175,-0.740760408320604,-0.702842766617084,-0.359600750132276,-0.103330530851366,-0.285935458023539,NONE,-0.0895919598967582,AdjLand,0.44693779307133,1,2,2,2,2,3,0,0,0,7,6,1,2,3,2,4,0,0,0.297607266471232,0,200602
2861,20,RL,0.455052712689539,0.756423313170288,Pave,NONE,HLS,Inside,Gtl,Edwards,Norm,Norm,1Fam,1Story,5,4,1969,HdBoard,Plywood,None,-0.567015949674981,CBlock,847,0,329,1176,GasA,0.268289832918241,SBrkr,-0.785025043886639,-0.641863099203286,1,0,-1.02736282330994,-0.756321032880405,-1.04580127322219,-0.207698474525451,-0.925062116656053,-0.924311211315714,Attchd,0.219381220556468,-0.523031181637505,-0.740760408320604,0.658830796583492,-0.359600750132276,-0.103330530851366,1.70784322688708,NONE,-0.0895919598967582,Abnorml,0.44693779307133,1,2,2,2,2,3,0,3,3,7,5,1,2,3,3,2,0,1,0.297607266471232,0,200604
2862,60,RL,0.126458111156943,-0.38121345535281,Pave,NONE,Lvl,Inside,Gtl,Edwards,Norm,Norm,1Fam,2Story,7,5,2003,HdBoard,Stucco,BrkFace,0.495481612109768,PConc,0,0,796,796,GasA,0.268289832918241,SBrkr,1.35669216800435,0.441217149667218,0,0,0.781365814350925,1.23259887250509,0.169927088600022,-0.207698474525451,0.98684936683629,0.623631660646747,BuiltIn,0.295002434288667,0.664910670582406,0.587251239587583,0.140802810583273,-0.359600750132276,-0.103330530851366,-0.285935458023539,NONE,-0.0895919598967582,Normal,0.44693779307133,1,2,3,4,3,3,4,3,3,7,1,1,2,3,3,1,0,3,0.297607266471232,0,200608
2863,20,RL,0.514797185695465,-0.268603774107853,Pave,NONE,Lvl,Inside,Gtl,Edwards,Norm,Norm,1Fam,1Story,6,5,2002,VinylSd,VinylSd,NONE,-0.567015949674981,PConc,475,297,142,914,GasA,0.268289832918241,SBrkr,-0.785025043886639,-1.15968613789685,1,0,-1.02736282330994,-0.756321032880405,-1.04580127322219,-0.207698474525451,-1.56236594448683,-0.924311211315714,NONE,-4.15997671587587,-2.19357441132175,-0.487805808719045,-0.702842766617084,-0.359600750132276,-0.103330530851366,-0.285935458023539,NONE,-0.0895919598967582,Normal,0.44693779307133,1,2,2,4,3,3,0,0,0,7,6,5,0,3,3,3,0,0,0.297607266471232,0,200607
2864,60,RL,0.962880733239914,0.113102465247239,Pave,NONE,Lvl,Corner,Gtl,Edwards,Norm,Norm,1Fam,2Story,7,5,2003,VinylSd,VinylSd,None,-0.567015949674981,PConc,0,0,1150,1150,GasA,0.268289832918241,SBrkr,1.89795403419031,1.60730719863364,0,0,0.781365814350925,1.23259887250509,0.169927088600022,-0.207698474525451,1.62415319466707,0.623631660646747,BuiltIn,0.295002434288667,0.135905314515727,-0.740760408320604,3.35257632378463,-0.359600750132276,-0.103330530851366,-0.285935458023539,NONE,-0.0895919598967582,Normal,0.44693779307133,1,2,3,4,3,3,5,3,3,7,1,1,2,3,2,1,0,3,1.66911912442754,0,200605
2865,180,RM,-0.680092274423065,-0.823409354565835,Pave,NONE,Lvl,Inside,Gtl,Edwards,Norm,Norm,TwnhsE,SFoyer,6,5,2005,VinylSd,VinylSd,BrkFace,-0.108464370378405,PConc,547,0,0,547,GasA,0.268289832918241,SBrkr,-0.785025043886639,-0.847411175631265,1,0,-1.02736282330994,-0.756321032880405,-1.04580127322219,-0.207698474525451,-0.925062116656053,-0.924311211315714,Basment,0.299450740978796,0.242634465301109,-0.740760408320604,-0.0516075842168084,-0.359600750132276,-0.103330530851366,-0.285935458023539,NONE,-0.0895919598967582,Partial,0.44693779307133,1,2,2,3,2,3,0,3,3,7,6,1,2,3,3,4,0,3,0.297607266471232,0,200602
2866,160,RM,-1.00868687595566,-0.969624402398532,Pave,NONE,Lvl,Inside,Gtl,Edwards,Norm,Norm,Twnhs,2Story,7,5,2004,VinylSd,VinylSd,Stone,-0.287411328152678,PConc,0,0,970,970,GasA,0.268289832918241,SBrkr,0.939080641938459,0.411570792490105,0,0,0.781365814350925,-0.756321032880405,0.169927088600022,-0.207698474525451,0.349545539005509,-0.924311211315714,Detchd,0.297226587633731,-0.430223224432824,-0.740760408320604,-0.110810782616833,-0.359600750132276,-0.103330530851366,-0.285935458023539,NONE,-0.0895919598967582,Normal,0.44693779307133,1,2,3,4,3,3,0,3,3,3,1,1,2,3,3,1,0,1,0.297607266471232,0,200608
2867,50,RL,-0.0527753078608365,-0.407336872398374,Pave,NONE,Lvl,Inside,Gtl,Edwards,Norm,Norm,1Fam,1.5Fin,4,7,1948,VinylSd,VinylSd,None,-0.567015949674981,CBlock,0,0,624,624,GasA,0.268289832918241,SBrkr,-0.0571211548779372,-1.11620481403708,0,0,-1.02736282330994,-0.756321032880405,0.169927088600022,-0.207698474525451,-0.925062116656053,-0.924311211315714,Attchd,0.17267400031011,-0.963868978359737,-0.740760408320604,-0.702842766617084,-0.359600750132276,-0.103330530851366,-0.285935458023539,NONE,-0.0895919598967582,Normal,0.44693779307133,1,3,2,4,2,3,0,3,1,7,1,1,2,3,3,2,0,1,-0.799602219893816,0,200607
2868,50,RL,0.425180476186576,-0.29751707064372,Pave,NONE,Bnk,Corner,Gtl,Edwards,Artery,Norm,1Fam,1.5Fin,6,3,1915,AsbShng,AsbShng,None,-0.567015949674981,BrkTil,0,0,832,832,GasA,0.268289832918241,FuseF,0.362823396473237,-0.321682441690473,0,0,0.781365814350925,-0.756321032880405,0.169927088600022,-0.207698474525451,0.349545539005509,-0.924311211315714,Detchd,0.230501987281791,0.256555658881811,-0.740760408320604,-0.702842766617084,2.87859803137448,-0.103330530851366,-0.285935458023539,GdPrv,-0.0895919598967582,AdjLand,0.44693779307133,1,1,2,2,2,2,0,3,3,7,1,1,0,3,3,1,0,1,-0.799602219893816,0,200608
2869,50,RL,0.126458111156943,-0.185287827511077,Pave,NONE,Lvl,FR2,Gtl,Edwards,Feedr,Norm,1Fam,1.5Fin,4,5,1924,Wd Sdng,Wd Sdng,None,-0.567015949674981,BrkTil,0,0,1093,1093,GasA,-3.72731232161413,FuseF,0.558797520437118,0.332513840017806,0,0,-1.02736282330994,1.23259887250509,1.38565545042224,-0.207698474525451,1.62415319466707,-0.924311211315714,Attchd,0.119294320028558,-0.857139827574354,-0.740760408320604,-0.702842766617084,0.512221998734928,-0.103330530851366,-0.285935458023539,NONE,-0.0895919598967582,AdjLand,0.44693779307133,1,2,2,2,2,3,0,2,3,5,1,1,2,3,3,1,0,1,-0.250997476711292,0,200608
2870,20,RL,0.0667136381510165,0.741078975973622,Pave,NONE,Lvl,Inside,Gtl,Edwards,Norm,Norm,1Fam,1Story,4,4,1954,Wd Sdng,Wd Sdng,BrkFace,-0.231490403848218,CBlock,691,0,263,954,GasA,0.268289832918241,SBrkr,-0.785025043886639,-0.0370774127901945,0,1,0.781365814350925,-0.756321032880405,0.169927088600022,-0.207698474525451,-0.287758288825272,0.623631660646747,2Types,0.190467227070627,0.632427885560767,-0.740760408320604,-0.258818778616896,-0.359600750132276,-0.103330530851366,-0.285935458023539,MnPrv,-0.0895919598967582,Abnorml,0.44693779307133,1,2,2,4,2,3,4,3,3,6,3,1,2,3,2,1,0,1,-0.250997476711292,0,200602
2871,50,RL,-0.381369909393432,-0.243494858695126,Pave,Grvl,Lvl,Inside,Gtl,Edwards,Norm,Norm,1Fam,1.5Fin,4,4,1922,Wd Sdng,Wd Sdng,None,-0.567015949674981,BrkTil,0,0,864,864,GasA,-3.72731232161413,SBrkr,-0.785025043886639,-0.171474231993104,0,0,-1.02736282330994,-0.756321032880405,0.169927088600022,-0.207698474525451,0.98684936683629,0.623631660646747,NONE,-4.15997671587587,-2.19357441132175,-0.740760408320604,-0.702842766617084,1.38404474760213,-0.103330530851366,-0.285935458023539,NONE,-0.0895919598967582,Abnorml,0.44693779307133,1,2,2,2,2,3,4,0,0,7,1,1,0,3,3,1,0,0,-0.250997476711292,0,200612
2872,30,RL,0.0667136381510165,-0.263784891351875,Pave,Grvl,Lvl,Inside,Gtl,Edwards,Feedr,Norm,1Fam,1Story,2,3,1922,MetalSd,MetalSd,None,-0.567015949674981,BrkTil,0,0,498,498,GasA,-3.72731232161413,FuseF,-0.785025043886639,-1.98187844360876,0,0,-1.02736282330994,-0.756321032880405,-2.26152963504441,-0.207698474525451,-2.19966977231761,-0.924311211315714,Detchd,0.114846013338428,-1.1912484735112,-0.740760408320604,-0.702842766617084,1.19722558713059,-0.103330530851366,-0.285935458023539,NONE,-0.0895919598967582,Normal,0.44693779307133,1,2,2,2,2,3,0,2,2,7,1,1,0,3,3,1,0,1,-0.250997476711292,0,200605
2873,50,RL,0.544669422198429,0.154697032193574,Pave,NONE,Low,Inside,Mod,Edwards,Norm,Norm,1Fam,1.5Fin,4,7,1910,VinylSd,Wd Sdng,None,-0.567015949674981,BrkTil,0,0,616,616,GasA,-3.72731232161413,SBrkr,-0.276425531694661,-0.45014998945796,0,0,-1.02736282330994,-0.756321032880405,0.169927088600022,-0.207698474525451,-0.925062116656053,-0.924311211315714,Detchd,0.0881561731976523,-0.917464999757397,0.935063814039727,-0.702842766617084,-0.359600750132276,-0.103330530851366,-0.285935458023539,NONE,-0.0895919598967582,Normal,0.44693779307133,1,2,2,2,3,3,0,3,2,5,1,1,0,3,3,1,0,1,-0.250997476711292,0,200612
2874,50,RL,0.0667136381510165,0.0915443055494428,Pave,NONE,Lvl,Inside,Gtl,SWISU,Norm,Norm,1Fam,1.5Fin,5,5,1938,MetalSd,MetalSd,None,-0.567015949674981,BrkTil,930,0,128,1058,GasA,0.268289832918241,SBrkr,0.365156421758521,0.0992958302245222,1,0,0.781365814350925,-0.756321032880405,0.169927088600022,-0.207698474525451,-0.287758288825272,-0.924311211315714,Detchd,0.150432466859463,-1.07987892486559,-0.740760408320604,-0.702842766617084,-0.359600750132276,-0.103330530851366,-0.285935458023539,MnPrv,-0.0895919598967582,Normal,0.44693779307133,1,2,2,2,1,3,0,2,3,7,2,1,2,3,3,1,0,1,-0.799602219893816,0,200610
2875,190,RH,0.00696916514509001,-0.474040354757437,Pave,NONE,Bnk,Corner,Gtl,SWISU,Feedr,Norm,2fmCon,1.5Fin,6,6,1945,Wd Sdng,Wd Sdng,None,-0.567015949674981,CBlock,780,0,0,780,GasA,-3.72731232161413,FuseF,0.437480205602335,-0.317729594066858,1,0,-1.02736282330994,-0.756321032880405,0.169927088600022,-0.207698474525451,-0.287758288825272,-0.924311211315714,Attchd,0.166001540274916,-0.151799352818783,-0.740760408320604,-0.702842766617084,-0.359600750132276,-0.103330530851366,-0.285935458023539,NONE,-0.0895919598967582,Abnorml,0.44693779307133,1,2,2,2,2,3,0,3,3,7,4,1,2,3,3,3,0,1,-0.250997476711292,0,200610
2876,70,RL,-0.441114382399359,-0.401757113417768,Pave,NONE,Lvl,Inside,Gtl,SWISU,Feedr,Norm,1Fam,2Story,7,8,1926,Wd Sdng,Stucco,None,-0.567015949674981,BrkTil,424,0,200,624,GasA,0.268289832918241,SBrkr,0.932081566082607,-0.0430066842256169,1,0,-1.02736282330994,-0.756321032880405,0.169927088600022,-0.207698474525451,-0.287758288825272,2.17157453260921,Detchd,0.123742626718687,-0.745770278928738,3.44880014758022,-0.702842766617084,0.512221998734928,-0.103330530851366,-0.285935458023539,MnPrv,-0.0895919598967582,Normal,0.44693779307133,1,2,2,4,3,3,4,3,3,7,5,1,2,3,3,1,0,1,-0.250997476711292,0,200608
2877,70,RL,0.335563766677686,-0.668190604741704,Pave,NONE,HLS,Corner,Gtl,SWISU,Norm,Norm,1Fam,2Story,6,8,1920,MetalSd,MetalSd,None,-0.567015949674981,PConc,305,0,450,755,GasA,0.268289832918241,SBrkr,0.976409046503008,0.0182624539404152,0,0,-1.02736282330994,-0.756321032880405,0.169927088600022,-0.207698474525451,-0.287758288825272,-0.924311211315714,Detchd,0.110397706648299,-1.1912484735112,-0.740760408320604,-0.702842766617084,2.19359444297882,-0.103330530851366,-0.285935458023539,NONE,-0.0895919598967582,Normal,0.44693779307133,1,2,2,4,2,3,0,3,3,7,4,1,2,3,3,1,0,1,-0.250997476711292,0,200609
2878,70,RL,-0.112519780866763,-0.0975334362706374,Pave,NONE,Bnk,Inside,Gtl,Crawfor,Norm,Norm,1Fam,2.5Unf,7,8,1919,MetalSd,Stucco,None,-0.567015949674981,BrkTil,0,0,818,818,GasA,0.268289832918241,SBrkr,1.12338963947592,0.267291854228159,0,0,-1.02736282330994,1.23259887250509,1.38565545042224,-0.207698474525451,0.349545539005509,0.623631660646747,Detchd,0.108173553303234,-0.857139827574354,-0.740760408320604,-0.702842766617084,2.940871084865,-0.103330530851366,-0.285935458023539,NONE,-0.0895919598967582,Abnorml,0.44693779307133,1,2,2,2,3,3,4,2,3,7,1,1,0,3,3,2,0,1,-0.250997476711292,0,200612
2879,50,RL,0.783647314222135,-0.000521717630556026,Pave,NONE,Bnk,Inside,Gtl,SWISU,Norm,Norm,1Fam,1.5Fin,5,5,1939,VinylSd,VinylSd,None,-0.567015949674981,CBlock,646,0,346,992,GasA,0.268289832918241,SBrkr,0.318495916052835,-0.0706766175909218,0,0,0.781365814350925,-0.756321032880405,0.169927088600022,-0.207698474525451,-0.287758288825272,2.17157453260921,Detchd,0.152656620204528,-1.07987892486559,-0.740760408320604,1.16205798298371,-0.359600750132276,-0.103330530851366,-0.285935458023539,NONE,-0.0895919598967582,Normal,0.44693779307133,1,2,2,1,2,2,3,3,3,7,2,1,2,3,3,3,0,1,-0.250997476711292,0,200610
2880,50,RL,-0.202136490375653,-0.504348591038456,Pave,NONE,Lvl,Corner,Gtl,SWISU,Norm,Norm,1Fam,1.5Fin,5,4,1941,Wd Sdng,Wd Sdng,None,-0.567015949674981,CBlock,384,0,440,824,GasA,-3.72731232161413,SBrkr,0.297498688485277,-0.420503632280847,0,0,-1.02736282330994,-0.756321032880405,1.38565545042224,-0.207698474525451,-0.287758288825272,-0.924311211315714,Detchd,0.157104926894657,-1.07987892486559,-0.740760408320604,-0.702842766617084,-0.359600750132276,-0.103330530851366,-0.285935458023539,NONE,-0.0895919598967582,Normal,0.44693779307133,1,2,2,2,2,2,0,3,3,7,2,1,2,3,3,1,0,1,-0.799602219893816,0,200603
2881,50,RL,0.245947057168796,1.47253465324942,Pave,NONE,Lvl,Inside,Gtl,Crawfor,Norm,Norm,1Fam,2Story,6,5,1920,Wd Sdng,Wd Shng,None,-0.567015949674981,PConc,0,0,817,817,GasA,0.268289832918241,FuseF,0.638120380136785,0.0973194064127147,0,0,-1.02736282330994,1.23259887250509,0.169927088600022,-0.207698474525451,0.349545539005509,0.623631660646747,Detchd,0.148208313514398,-0.717927891767334,-0.740760408320604,-0.702842766617084,6.31918423672542,-0.103330530851366,-0.285935458023539,MnPrv,-0.0895919598967582,Normal,0.44693779307133,1,2,2,3,2,2,3,3,3,5,1,1,1,3,3,1,0,1,-0.250997476711292,0,200612
2882,50,RL,0.664158368210282,0.283031488747512,Pave,NONE,HLS,Inside,Mod,Crawfor,Norm,Norm,1Fam,1.5Fin,5,6,1940,Wd Sdng,Wd Sdng,None,-0.567015949674981,CBlock,602,0,299,901,GasA,0.268289832918241,SBrkr,0.596125925001667,0.427382182984565,0,0,-1.02736282330994,1.23259887250509,-1.04580127322219,-0.207698474525451,0.349545539005509,0.623631660646747,Attchd,0.154880773549592,-0.291011288625803,-0.740760408320604,-0.702842766617084,-0.359600750132276,-0.103330530851366,1.72564482228807,NONE,-0.0895919598967582,Normal,0.44693779307133,1,2,2,2,2,3,4,3,3,7,4,1,2,3,3,2,0,1,0.297607266471232,0,200605
2883,50,RL,0.694030604713245,-0.253386249615291,Pave,NONE,Lvl,Inside,Gtl,Crawfor,Norm,Norm,1Fam,1.5Fin,7,7,1929,Stucco,Wd Sdng,BrkFace,0.942849006545452,BrkTil,526,0,496,1022,GasA,0.268289832918241,FuseA,0.495805837734442,0.336466687641421,0,0,0.781365814350925,-0.756321032880405,1.38565545042224,-0.207698474525451,0.349545539005509,0.623631660646747,Detchd,0.20603630048608,-0.100754976356208,-0.740760408320604,-0.702842766617084,-0.359600750132276,-0.103330530851366,-0.285935458023539,NONE,-0.0895919598967582,Normal,0.44693779307133,1,3,3,4,2,3,4,3,3,7,5,1,2,3,2,1,0,1,-0.250997476711292,0,200605
2884,70,RL,0.365436003180649,0.272886472419137,Pave,NONE,HLS,Inside,Gtl,Crawfor,Norm,Norm,1Fam,2Story,7,7,1932,Wd Sdng,Wd Sdng,None,-0.567015949674981,BrkTil,0,0,637,637,GasA,0.268289832918241,SBrkr,0.731441391548157,0.213928411309357,0,0,-1.02736282330994,1.23259887250509,0.169927088600022,-0.207698474525451,0.98684936683629,2.17157453260921,2Types,0.20603630048608,0.493215949753747,-0.740760408320604,-0.702842766617084,-0.359600750132276,-0.103330530851366,1.56543046367918,GdWo,-0.0895919598967582,Normal,0.44693779307133,1,2,2,4,3,3,4,3,3,7,1,1,2,3,2,1,0,1,-0.250997476711292,0,200608
2885,70,RL,0.365436003180649,0.512562483176985,Pave,NONE,Lvl,Inside,Gtl,Crawfor,Norm,Norm,1Fam,2Story,6,7,1930,Wd Sdng,Wd Sdng,None,-0.567015949674981,PConc,0,0,697,697,GasA,0.268289832918241,SBrkr,0.841093579956519,0.593401783176394,0,0,-1.02736282330994,1.23259887250509,0.169927088600022,-0.207698474525451,0.98684936683629,0.623631660646747,Attchd,0.132639240098946,-0.499829192336335,-0.740760408320604,0.62922919738348,-0.359600750132276,-0.103330530851366,-0.285935458023539,MnPrv,-0.0895919598967582,Normal,0.44693779307133,1,2,2,4,2,3,4,2,3,7,1,1,2,3,2,1,0,1,-0.250997476711292,0,200603
2886,60,RL,0.604413895204355,0.688832141882493,Pave,NONE,Lvl,Inside,Gtl,Crawfor,Norm,Norm,1Fam,2Story,5,7,1950,Wd Sdng,Wd Sdng,BrkFace,1.69778148465567,CBlock,760,0,408,1168,GasA,0.268289832918241,SBrkr,1.63432217695318,1.60928362244544,1,0,0.781365814350925,-0.756321032880405,1.38565545042224,-0.207698474525451,1.62415319466707,3.71951740457167,Attchd,0.177122307000239,-0.606558343121717,-0.740760408320604,-0.702842766617084,-0.359600750132276,-0.103330530851366,3.1319708589661,NONE,-0.0895919598967582,Normal,0.44693779307133,1,3,2,3,2,3,4,3,3,7,6,1,2,3,3,1,0,3,0.297607266471232,0,200610
2887,30,RM,-0.232008726878616,-0.36523505463562,Pave,NONE,Lvl,Inside,Gtl,IDOTRR,Artery,Norm,1Fam,1Story,5,6,1942,MetalSd,MetalSd,None,-0.567015949674981,CBlock,305,0,671,976,GasA,-3.72731232161413,SBrkr,-0.785025043886639,-1.03714786156478,1,0,-1.02736282330994,-0.756321032880405,-1.04580127322219,-0.207698474525451,-0.925062116656053,-0.924311211315714,Detchd,0.159329080239722,-1.19588887137144,0.524012589687193,-0.702842766617084,-0.359600750132276,-0.103330530851366,-0.285935458023539,NONE,-0.0895919598967582,AdjLand,0.44693779307133,1,2,2,2,2,3,0,3,3,7,3,1,0,3,3,2,0,1,-0.250997476711292,0,200611
2888,50,RM,-0.232008726878616,-0.401757113417768,Pave,NONE,Lvl,Inside,Gtl,IDOTRR,Norm,Norm,1Fam,1.5Fin,6,7,1926,MetalSd,MetalSd,None,-0.567015949674981,PConc,374,0,487,861,GasA,0.268289832918241,SBrkr,0.204177677073905,-0.42643290371627,0,1,-1.02736282330994,-0.756321032880405,0.169927088600022,-0.207698474525451,-0.287758288825272,-0.924311211315714,Detchd,0.177122307000239,0.154466905956663,0.0181033904840744,-0.702842766617084,1.69541001505471,-0.103330530851366,-0.285935458023539,MnPrv,-0.0895919598967582,Normal,0.44693779307133,1,2,2,4,2,3,0,3,3,7,5,1,2,3,3,1,0,3,-0.250997476711292,0,200608
2889,30,RM,0.0965858746539798,-0.207226425321187,Pave,NONE,Low,Inside,Gtl,IDOTRR,Norm,Norm,1Fam,1Story,4,4,1925,Wd Sdng,Wd Sdng,None,-0.567015949674981,BrkTil,0,0,432,432,GasA,-3.72731232161413,FuseA,-0.785025043886639,-1.63798070035426,0,0,-1.02736282330994,-0.756321032880405,-1.04580127322219,-0.207698474525451,-1.56236594448683,-0.924311211315714,NONE,-4.15997671587587,-2.19357441132175,-0.740760408320604,-0.702842766617084,1.38404474760213,-0.103330530851366,-0.285935458023539,GdWo,-0.0895919598967582,Normal,0.44693779307133,1,2,2,2,2,3,0,0,0,6,1,1,0,3,3,1,0,0,-0.799602219893816,0,200609
2890,30,RM,-0.232008726878616,-0.397952732294628,Pave,NONE,Lvl,Inside,Gtl,IDOTRR,Norm,Norm,1Fam,1Story,4,6,1925,MetalSd,MetalSd,None,-0.567015949674981,BrkTil,0,0,641,641,GasA,0.268289832918241,SBrkr,-0.785025043886639,-1.69924983852029,0,0,-1.02736282330994,-0.756321032880405,-1.04580127322219,-0.207698474525451,-1.56236594448683,-0.924311211315714,Detchd,0.121518473373622,-0.931386193338099,0.713728539388363,-0.702842766617084,0.730177685951729,-0.103330530851366,-0.285935458023539,MnPrv,-0.0895919598967582,Normal,0.44693779307133,1,2,2,3,1,3,0,3,3,7,1,1,0,3,3,1,0,1,-0.250997476711292,0,200606
2891,50,RM,0.514797185695465,-0.140522942962124,Pave,NONE,Lvl,Inside,Gtl,IDOTRR,Norm,Norm,1Fam,1.5Fin,6,5,1957,MetalSd,MetalSd,BrkFace,1.26159827508088,CBlock,0,0,967,967,GasA,0.268289832918241,SBrkr,0.780434922539127,0.271244701851774,0,0,0.781365814350925,-0.756321032880405,1.38565545042224,-0.207698474525451,-0.287758288825272,-0.924311211315714,Detchd,0.192691380415692,-0.411661632991888,-0.740760408320604,-0.392025975016952,-0.359600750132276,-0.103330530851366,-0.285935458023539,NONE,-0.0895919598967582,Normal,0.44693779307133,1,2,2,3,3,3,0,3,3,7,1,1,2,3,3,1,0,1,-0.250997476711292,0,200607
2892,30,C (all),0.335563766677686,0.278719856807953,Pave,NONE,Lvl,Inside,Gtl,IDOTRR,Feedr,Norm,1Fam,1Story,3,5,1945,Wd Sdng,Wd Sdng,None,-0.567015949674981,Slab,0,0,0,0,GasA,-3.72731232161413,SBrkr,-0.785025043886639,-1.52532454308123,0,0,-1.02736282330994,-0.756321032880405,-1.04580127322219,-0.207698474525451,-0.925062116656053,-0.924311211315714,NONE,-4.15997671587587,-2.19357441132175,-0.740760408320604,-0.702842766617084,-0.00153069256181718,-0.103330530851366,-0.285935458023539,NONE,-0.0895919598967582,Abnorml,0.44693779307133,0,2,2,2,2,0,0,0,0,4,0,0,0,3,3,0,0,0,-4.91413779376274,0,200602
2893,190,C (all),-0.232008726878616,-0.148131705208405,Pave,NONE,Lvl,Inside,Gtl,IDOTRR,Norm,Norm,2fmCon,1.5Fin,5,6,1951,WdShing,Wd Shng,None,-0.567015949674981,CBlock,0,0,660,660,GasA,-3.72731232161413,SBrkr,-0.00112854803111393,-0.207049860605638,0,0,0.781365814350925,-0.756321032880405,1.38565545042224,4.45593111885755,0.98684936683629,-0.924311211315714,NONE,-4.15997671587587,-2.19357441132175,-0.740760408320604,-0.702842766617084,-0.359600750132276,-0.103330530851366,-0.285935458023539,NONE,-0.0895919598967582,Abnorml,0.44693779307133,1,1,1,2,2,3,0,0,0,5,1,1,2,3,3,2,0,0,-0.250997476711292,0,200602
2894,50,C (all),0.0667136381510165,-0.209001803178652,Grvl,NONE,Bnk,Inside,Gtl,IDOTRR,Norm,Norm,1Fam,1.5Fin,3,5,1916,MetalSd,MetalSd,None,-0.567015949674981,PConc,0,0,216,216,GasA,-3.72731232161413,SBrkr,0.0548640588157093,-1.11620481403708,0,0,-1.02736282330994,-0.756321032880405,-1.04580127322219,-0.207698474525451,-0.287758288825272,-0.924311211315714,NONE,-4.15997671587587,-2.19357441132175,-0.740760408320604,-0.702842766617084,-0.359600750132276,-0.103330530851366,-0.285935458023539,NONE,-0.0895919598967582,Normal,0.44693779307133,1,2,2,1,2,2,0,0,0,7,1,1,0,3,3,1,0,0,-0.799602219893816,0,200607
2895,120,RM,-0.500858855405285,-0.56052661895683,Pave,NONE,HLS,Inside,Mod,Crawfor,Norm,Norm,TwnhsE,1Story,8,5,2005,CemntBd,CmentBd,Stone,2.078043769926,PConc,1573,0,0,1573,GasA,0.268289832918241,SBrkr,-0.785025043886639,0.547944035504822,2,0,0.781365814350925,-0.756321032880405,-1.04580127322219,-0.207698474525451,-0.925062116656053,0.623631660646747,Attchd,0.299450740978796,0.103422529494089,0.23153383389789,0.0815996121832479,-0.359600750132276,-0.103330530851366,2.43770863832758,NONE,-0.0895919598967582,Partial,0.44693779307133,1,2,3,4,4,3,4,3,3,7,6,1,2,3,2,4,0,3,1.66911912442754,0,200605
2896,120,RM,-0.411242145896396,-0.802231632980353,Pave,NONE,HLS,Inside,Mod,Crawfor,Norm,Norm,TwnhsE,1Story,8,5,2004,CemntBd,CmentBd,Stone,0.473113242387984,PConc,1564,0,30,1594,GasA,0.268289832918241,SBrkr,-0.785025043886639,0.287056092346234,1,1,0.781365814350925,-0.756321032880405,-1.04580127322219,-0.207698474525451,-0.925062116656053,0.623631660646747,Attchd,0.297226587633731,0.242634465301109,0.271057990085634,0.0815996121832479,-0.359600750132276,-0.103330530851366,2.47331182912956,NONE,-0.0895919598967582,Normal,0.44693779307133,1,2,3,4,3,3,4,3,3,7,6,1,2,3,2,4,0,3,1.66911912442754,0,200604
2897,20,RL,0.335563766677686,1.70079752063785,Pave,NONE,Lvl,Inside,Mod,Mitchel,Norm,Norm,1Fam,1Story,6,6,1979,Plywood,Plywood,None,-0.567015949674981,CBlock,776,0,849,1625,GasA,0.268289832918241,SBrkr,-0.785025043886639,0.245551192298276,0,1,0.781365814350925,-0.756321032880405,0.169927088600022,-0.207698474525451,-0.287758288825272,0.623631660646747,Attchd,0.241622754007115,0.479294756173045,0.334296639986024,-0.288420377816909,-0.359600750132276,-0.103330530851366,-0.285935458023539,NONE,-0.0895919598967582,Normal,0.44693779307133,1,2,2,2,1,3,3,3,3,7,6,1,2,3,2,4,0,3,0.297607266471232,0,200612
2898,90,RL,0.216074820665833,-0.226121518232784,Pave,NONE,Lvl,Inside,Gtl,Mitchel,Norm,Norm,Duplex,1Story,6,5,1978,Plywood,Plywood,None,-0.567015949674981,CBlock,0,0,1664,1664,GasA,0.268289832918241,SBrkr,-0.785025043886639,0.322631720958768,0,0,0.781365814350925,-0.756321032880405,1.38565545042224,4.45593111885755,2.26145702249785,-0.924311211315714,2Types,0.23939860066205,0.664910670582406,-0.740760408320604,-0.702842766617084,-0.359600750132276,-0.103330530851366,-0.285935458023539,NONE,-0.0895919598967582,Normal,0.44693779307133,1,2,2,2,2,3,0,3,3,7,1,1,2,3,3,2,0,1,-0.250997476711292,0,200602
2899,20,RL,0.365436003180649,-0.133421431532262,Pave,NONE,Lvl,Corner,Gtl,Mitchel,Norm,Norm,1Fam,1Story,8,5,2001,VinylSd,VinylSd,None,-0.567015949674981,PConc,0,0,1491,1491,GasA,0.268289832918241,SBrkr,-0.785025043886639,-0.0192895984839271,0,0,0.781365814350925,-0.756321032880405,0.169927088600022,-0.207698474525451,0.349545539005509,-0.924311211315714,Attchd,0.290554127598537,0.0802205401929185,0.207819340185244,0.777237193383542,-0.359600750132276,-0.103330530851366,-0.285935458023539,NONE,-0.0895919598967582,Normal,0.44693779307133,1,2,3,4,3,3,0,3,3,7,1,1,2,3,3,1,0,2,1.66911912442754,0,200608
2900,80,RL,2.45649255838808,0.115638719329332,Pave,NONE,Lvl,Corner,Gtl,Mitchel,Norm,Norm,1Fam,SLvl,6,6,1975,Plywood,Plywood,BrkFace,0.870151804949653,CBlock,576,0,552,1128,GasA,0.268289832918241,SBrkr,-0.785025043886639,-0.574664689601831,1,0,0.781365814350925,-0.756321032880405,0.169927088600022,-0.207698474525451,-0.287758288825272,-0.924311211315714,Attchd,0.232726140626856,0.256555658881811,-0.740760408320604,-0.702842766617084,-0.359600750132276,-0.103330530851366,-0.285935458023539,NONE,-0.0895919598967582,Normal,0.44693779307133,1,2,2,2,2,3,0,3,3,7,6,1,2,3,3,3,0,1,-0.250997476711292,0,200608
2901,20,RL,-1.72562055202678,5.06412405890222,Pave,NONE,Low,Inside,Mod,Timber,Norm,Norm,1Fam,1Story,6,5,1958,Plywood,Plywood,None,-0.567015949674981,CBlock,909,0,723,1632,GasA,0.268289832918241,SBrkr,-0.785025043886639,0.294961787593464,1,0,-1.02736282330994,-0.756321032880405,-1.04580127322219,-0.207698474525451,-0.287758288825272,2.17157453260921,Attchd,0.194915533760756,0.210151680279471,-0.740760408320604,-0.702842766617084,-0.359600750132276,-0.103330530851366,2.17068470731276,NONE,-0.0895919598967582,Alloca,-2.23744784062252,1,2,2,2,2,3,4,3,3,7,4,1,2,3,2,4,0,1,0.297607266471232,0,200606
2902,20,RL,-1.72562055202678,-0.262516764310828,Pave,NONE,Lvl,Inside,Gtl,Timber,Norm,Norm,1Fam,1Story,6,5,2000,VinylSd,VinylSd,None,-0.567015949674981,Wood,1136,116,129,1381,GasA,0.268289832918241,SBrkr,-0.785025043886639,-0.193214893922986,1,0,0.781365814350925,-0.756321032880405,-1.04580127322219,-0.207698474525451,-0.925062116656053,-0.924311211315714,Attchd,0.288329974253473,-0.012587417011762,-0.740760408320604,1.857695564184,-0.359600750132276,-0.103330530851366,-0.285935458023539,NONE,-0.0895919598967582,Normal,-2.23744784062252,1,2,3,4,3,3,0,3,3,7,6,4,2,3,2,3,0,1,0.297607266471232,0,200602
2903,20,RL,1.11224191575473,0.437489362347014,Pave,NONE,Lvl,Corner,Gtl,Timber,Norm,Norm,1Fam,1Story,8,5,2005,VinylSd,VinylSd,Stone,0.540218351553337,PConc,1350,0,378,1728,GasA,0.268289832918241,SBrkr,-0.785025043886639,0.907653169253785,1,0,0.781365814350925,-0.756321032880405,0.169927088600022,-0.207698474525451,0.98684936683629,2.17157453260921,Attchd,0.299450740978796,1.11966966088534,0.618870564537778,-0.140412381816846,-0.359600750132276,-0.103330530851366,-0.285935458023539,NONE,-0.0895919598967582,Partial,0.44693779307133,1,2,3,4,3,4,4,3,3,7,6,1,2,3,3,3,0,3,1.66911912442754,0,200603
2904,20,RL,0.903136260233988,0.178664633269359,Pave,NONE,Lvl,Inside,Gtl,Timber,Norm,Norm,1Fam,1Story,9,5,2005,VinylSd,VinylSd,BrkFace,1.56916335875541,PConc,1455,0,383,1838,GasA,0.268289832918241,SBrkr,-0.785025043886639,0.666529464213271,1,0,0.781365814350925,-0.756321032880405,0.169927088600022,-0.207698474525451,1.62415319466707,0.623631660646747,Attchd,0.299450740978796,0.971176929357851,0.531917420924742,2.62733714338432,-0.359600750132276,-0.103330530851366,-0.285935458023539,NONE,-0.0895919598967582,Partial,0.44693779307133,1,2,4,4,4,3,4,3,3,7,6,1,2,3,3,4,0,3,0.297607266471232,0,200612
2905,20,NONE,2.00840901084363,2.67345096112076,Pave,NONE,Lvl,Inside,Gtl,Mitchel,Artery,Norm,1Fam,1Story,1,3,1951,CBlock,VinylSd,None,-0.567015949674981,CBlock,0,0,0,0,GasA,0.268289832918241,FuseA,-0.785025043886639,0.196140597003089,0,0,-1.02736282330994,1.23259887250509,0.169927088600022,-0.207698474525451,-0.287758288825272,-0.924311211315714,Attchd,0.179346460345304,-0.940666989058567,-0.740760408320604,-0.702842766617084,1.74211480517259,-0.103330530851366,-0.285935458023539,NONE,-0.0895919598967582,Normal,0.44693779307133,0,1,2,2,2,0,0,2,3,4,0,0,0,3,3,0,0,1,-4.91413779376274,0,200608
2906,90,RM,0.604413895204355,-0.399220859335675,Pave,NONE,Lvl,Inside,Gtl,Mitchel,Norm,Norm,Duplex,SFoyer,7,5,1997,MetalSd,MetalSd,BrkFace,0.551402536414229,PConc,1243,0,45,1288,GasA,0.268289832918241,SBrkr,-0.785025043886639,-0.262389727336248,2,0,0.781365814350925,-0.756321032880405,-1.04580127322219,4.45593111885755,0.98684936683629,-0.924311211315714,Attchd,0.281657514218279,1.44449751110172,-0.740760408320604,0.00759561418321662,-0.359600750132276,-0.103330530851366,-0.285935458023539,NONE,-0.0895919598967582,Normal,0.44693779307133,1,3,2,3,2,3,0,3,3,7,6,1,2,3,3,4,0,3,0.297607266471232,0,200603
2907,160,RM,-0.500858855405285,-0.951490185711563,Pave,NONE,Lvl,Inside,Gtl,MeadowV,Norm,Norm,TwnhsE,2Story,5,6,1977,CemntBd,CmentBd,None,-0.567015949674981,PConc,0,0,264,264,GasA,0.268289832918241,SBrkr,0.82009635238896,-0.388880851291927,0,0,-1.02736282330994,1.23259887250509,0.169927088600022,-0.207698474525451,-0.925062116656053,0.623631660646747,BuiltIn,0.237174447316985,-0.634400730283121,0.373820796173767,-0.702842766617084,-0.359600750132276,-0.103330530851366,-0.285935458023539,NONE,-0.0895919598967582,Normal,0.44693779307133,1,2,2,2,2,3,3,3,3,7,1,1,2,3,3,2,0,2,0.297607266471232,0,200608
2908,20,RL,0.00696916514509001,0.000492784002281427,Pave,NONE,Lvl,Inside,Gtl,Mitchel,Norm,Norm,1Fam,1Story,5,7,1968,Plywood,Plywood,None,-0.567015949674981,CBlock,441,0,423,864,GasA,0.268289832918241,SBrkr,-0.785025043886639,-1.23874309036915,1,0,-1.02736282330994,-0.756321032880405,0.169927088600022,-0.207698474525451,-0.925062116656053,-0.924311211315714,Attchd,0.217157067211403,-0.857139827574354,-0.740760408320604,1.07325318538367,-0.359600750132276,-0.103330530851366,-0.285935458023539,NONE,-0.0895919598967582,Normal,0.44693779307133,1,2,2,4,2,3,0,3,3,7,5,1,2,3,2,1,0,2,-0.250997476711292,0,200602
2909,90,RL,-1.72562055202678,0.211509123632472,Pave,NONE,Lvl,Corner,Gtl,Mitchel,Norm,Norm,Duplex,1Story,5,5,1970,Plywood,Plywood,None,-0.567015949674981,CBlock,149,0,1503,1652,GasA,0.268289832918241,SBrkr,-0.785025043886639,0.298914635217079,0,0,0.781365814350925,-0.756321032880405,1.38565545042224,4.45593111885755,0.98684936683629,-0.924311211315714,2Types,0.221605373901533,2.11271480297542,-0.740760408320604,-0.702842766617084,-0.359600750132276,-0.103330530851366,-0.285935458023539,NONE,-0.0895919598967582,Normal,-2.23744784062252,1,2,2,2,2,3,0,3,3,7,4,1,2,3,2,1,0,1,-0.250997476711292,0,200606
2910,180,RM,-1.09830358546455,-1.10303136711666,Pave,NONE,Lvl,Inside,Gtl,MeadowV,Norm,Norm,Twnhs,SFoyer,4,6,1970,CemntBd,CmentBd,None,-0.567015949674981,CBlock,522,0,108,630,GasA,0.268289832918241,SBrkr,-0.785025043886639,-1.72099050045017,1,0,-1.02736282330994,-0.756321032880405,-2.26152963504441,-0.207698474525451,-2.19966977231761,-0.924311211315714,NONE,-4.15997671587587,-2.19357441132175,-0.740760408320604,-0.702842766617084,-0.359600750132276,-0.103330530851366,-0.285935458023539,NONE,-0.0895919598967582,Normal,0.44693779307133,1,2,2,2,2,3,0,0,0,7,6,1,2,3,3,3,0,0,0.297607266471232,0,200607
2911,160,RM,-1.09830358546455,-1.10125598925919,Pave,NONE,Lvl,Inside,Gtl,MeadowV,Norm,Norm,TwnhsE,2Story,4,4,1972,CemntBd,CmentBd,None,-0.567015949674981,CBlock,252,0,294,546,GasA,0.268289832918241,SBrkr,0.488806761878589,-0.807882699395115,0,0,-1.02736282330994,1.23259887250509,0.169927088600022,-0.207698474525451,-0.925062116656053,-0.924311211315714,Attchd,0.226053680591662,-1.01955375268255,-0.740760408320604,-0.702842766617084,-0.359600750132276,-0.103330530851366,-0.285935458023539,NONE,-0.0895919598967582,Normal,0.44693779307133,1,2,2,2,2,3,0,3,2,7,3,1,2,3,3,1,0,1,-0.250997476711292,0,200608
2912,20,RL,0.664158368210282,0.407815189586519,Pave,NONE,Lvl,Inside,Mod,Mitchel,Norm,Norm,1Fam,1Story,5,5,1969,Plywood,Plywood,BrkFace,0.517849981831552,PConc,119,344,641,1104,GasA,0.268289832918241,SBrkr,-0.785025043886639,-0.278201117830708,1,0,-1.02736282330994,-0.756321032880405,0.169927088600022,-0.207698474525451,0.98684936683629,0.623631660646747,Attchd,0.219381220556468,-0.634400730283121,0.524012589687193,-0.702842766617084,-0.359600750132276,-0.103330530851366,-0.285935458023539,NONE,-0.0895919598967582,Normal,0.44693779307133,1,2,2,1,2,3,3,3,3,7,3,4,2,3,3,3,0,2,-0.250997476711292,0,200608
2913,160,RM,-1.09830358546455,-1.09504216675806,Pave,NONE,Lvl,Inside,Gtl,MeadowV,Norm,Norm,Twnhs,2Story,4,5,1970,CemntBd,CmentBd,None,-0.567015949674981,CBlock,408,0,138,546,GasA,0.268289832918241,SBrkr,0.488806761878589,-0.807882699395115,0,0,-1.02736282330994,1.23259887250509,0.169927088600022,-0.207698474525451,-0.925062116656053,-0.924311211315714,CarPort,0.221605373901533,-0.866420623294823,-0.740760408320604,-0.702842766617084,-0.359600750132276,-0.103330530851366,-0.285935458023539,NONE,-0.0895919598967582,Abnorml,0.44693779307133,1,2,2,2,2,3,0,3,3,7,3,1,2,3,3,1,0,1,-0.250997476711292,0,200604
2914,160,RM,-1.09830358546455,-1.0959298556868,Pave,NONE,Lvl,Inside,Gtl,MeadowV,Norm,Norm,Twnhs,2Story,4,5,1970,CemntBd,CmentBd,None,-0.567015949674981,CBlock,0,0,546,546,GasA,0.268289832918241,SBrkr,0.488806761878589,-0.807882699395115,0,0,-1.02736282330994,1.23259887250509,0.169927088600022,-0.207698474525451,-0.925062116656053,-0.924311211315714,NONE,-4.15997671587587,-2.19357441132175,-0.740760408320604,-0.199615580216871,-0.359600750132276,-0.103330530851366,-0.285935458023539,GdPrv,-0.0895919598967582,Normal,0.44693779307133,1,2,2,2,2,3,0,0,0,7,1,1,2,3,3,1,0,0,-0.250997476711292,0,200609
2915,160,RM,-1.09830358546455,-1.04393664700388,Pave,NONE,Lvl,Inside,Gtl,MeadowV,Norm,Norm,Twnhs,2Story,4,7,1970,CemntBd,CmentBd,None,-0.567015949674981,CBlock,0,0,546,546,GasA,0.268289832918241,SBrkr,0.488806761878589,-0.807882699395115,0,0,-1.02736282330994,1.23259887250509,0.169927088600022,-0.207698474525451,-0.925062116656053,-0.924311211315714,NONE,-4.15997671587587,-2.19357441132175,-0.740760408320604,-0.702842766617084,-0.359600750132276,-0.103330530851366,-0.285935458023539,NONE,-0.0895919598967582,Normal,0.44693779307133,1,2,2,3,2,3,0,0,0,7,1,1,2,3,3,1,0,0,-0.250997476711292,0,200609
2916,160,RM,-1.09830358546455,-1.04926278057627,Pave,NONE,Lvl,Inside,Gtl,MeadowV,Norm,Norm,TwnhsE,2Story,4,5,1970,CemntBd,CmentBd,None,-0.567015949674981,CBlock,252,0,294,546,GasA,0.268289832918241,SBrkr,0.488806761878589,-0.807882699395115,0,0,-1.02736282330994,1.23259887250509,0.169927088600022,-0.207698474525451,-0.287758288825272,-0.924311211315714,CarPort,0.221605373901533,-0.866420623294823,-0.740760408320604,-0.347623576216934,-0.359600750132276,-0.103330530851366,-0.285935458023539,NONE,-0.0895919598967582,Abnorml,0.44693779307133,1,2,2,2,2,3,0,3,3,7,3,1,2,3,3,1,0,1,-0.250997476711292,0,200607
2917,20,RL,3.05393728844734,1.24680803994309,Pave,NONE,Lvl,Inside,Gtl,Mitchel,Norm,Norm,1Fam,1Story,5,7,1960,VinylSd,VinylSd,None,-0.567015949674981,CBlock,1224,0,0,1224,GasA,0.268289832918241,SBrkr,-0.785025043886639,-0.546994756236526,1,0,-1.02736282330994,-0.756321032880405,1.38565545042224,-0.207698474525451,0.349545539005509,0.623631660646747,Detchd,0.199363840450886,0.479294756173045,3.0061295982775,-0.702842766617084,-0.359600750132276,-0.103330530851366,-0.285935458023539,NONE,-0.0895919598967582,Abnorml,0.44693779307133,1,2,2,4,2,3,3,3,3,7,5,1,2,3,3,1,0,1,-0.250997476711292,0,200612
2918,85,RL,0.126458111156943,0.0346054014064408,Pave,NONE,Lvl,Inside,Gtl,Mitchel,Norm,Norm,1Fam,SFoyer,5,5,1992,HdBoard,Wd Shng,None,-0.567015949674981,PConc,337,0,575,912,GasA,0.268289832918241,SBrkr,-0.785025043886639,-1.04900640443563,0,1,-1.02736282330994,-0.756321032880405,0.169927088600022,-0.207698474525451,-0.287758288825272,-0.924311211315714,NONE,-4.15997671587587,-2.19357441132175,-0.108373909316705,-0.229217179416884,-0.359600750132276,-0.103330530851366,-0.285935458023539,MnPrv,1.14431217701959,Normal,0.44693779307133,1,2,2,2,2,3,0,0,0,7,6,1,2,3,3,3,0,0,0.297607266471232,0,200610
2919,60,RL,0.484924949192502,-0.06862013973477,Pave,NONE,Lvl,Inside,Mod,Mitchel,Norm,Norm,1Fam,2Story,7,5,1993,HdBoard,HdBoard,BrkFace,-0.0413592612130523,PConc,758,0,238,996,GasA,0.268289832918241,SBrkr,1.5573323425388,0.986710121726085,0,0,0.781365814350925,1.23259887250509,0.169927088600022,-0.207698474525451,1.62415319466707,0.623631660646747,Attchd,0.27276090083802,0.822684197830362,0.761157526813655,0.00759561418321662,-0.359600750132276,-0.103330530851366,-0.285935458023539,NONE,-0.0895919598967582,Normal,0.44693779307133,1,2,2,4,2,3,3,3,3,7,2,1,2,3,3,3,0,3,0.297607266471232,0,200603
